0.000000000000000000e+00 0.000000000000000000e+00 0.000000000000000000e+00 0.000000000000000000e+00 0.000000000000000000e+00 0.000000000000000000e+00
0.000000000000000000e+00 0.000000000000000000e+00 0.000000000000000000e+00 0.000000000000000000e+00 0.000000000000000000e+00 0.000000000000000000e+00
0.000000000000000000e+00 0.000000000000000000e+00 0.000000000000000000e+00 0.000000000000000000e+00 0.000000000000000000e+00 0.000000000000000000e+00
0.000000000000000000e+00 0.000000000000000000e+00 0.000000000000000000e+00 0.000000000000000000e+00 0.000000000000000000e+00 0.000000000000000000e+00
0.000000000000000000e+00 0.000000000000000000e+00 0.000000000000000000e+00 0.000000000000000000e+00 0.000000000000000000e+00 0.000000000000000000e+00
0.000000000000000000e+00 0.000000000000000000e+00 0.000000000000000000e+00 0.000000000000000000e+00 0.000000000000000000e+00 0.000000000000000000e+00
0.000000000000000000e+00 0.000000000000000000e+00 0.000000000000000000e+00 0.000000000000000000e+00 0.000000000000000000e+00 0.000000000000000000e+00
0.000000000000000000e+00 0.000000000000000000e+00 0.000000000000000000e+00 0.000000000000000000e+00 0.000000000000000000e+00 0.000000000000000000e+00
0.000000000000000000e+00 0.000000000000000000e+00 0.000000000000000000e+00 0.000000000000000000e+00 0.000000000000000000e+00 0.000000000000000000e+00
0.000000000000000000e+00 0.000000000000000000e+00 0.000000000000000000e+00 0.000000000000000000e+00 0.000000000000000000e+00 0.000000000000000000e+00
0.000000000000000000e+00 0.000000000000000000e+00 0.000000000000000000e+00 0.000000000000000000e+00 0.000000000000000000e+00 0.000000000000000000e+00
0.000000000000000000e+00 0.000000000000000000e+00 0.000000000000000000e+00 0.000000000000000000e+00 0.000000000000000000e+00 0.000000000000000000e+00
0.000000000000000000e+00 0.000000000000000000e+00 0.000000000000000000e+00 0.000000000000000000e+00 0.000000000000000000e+00 0.000000000000000000e+00
0.000000000000000000e+00 0.000000000000000000e+00 0.000000000000000000e+00 0.000000000000000000e+00 0.000000000000000000e+00 0.000000000000000000e+00
0.000000000000000000e+00 0.000000000000000000e+00 0.000000000000000000e+00 0.000000000000000000e+00 0.000000000000000000e+00 0.000000000000000000e+00
0.000000000000000000e+00 0.000000000000000000e+00 0.000000000000000000e+00 0.000000000000000000e+00 0.000000000000000000e+00 0.000000000000000000e+00
0.000000000000000000e+00 0.000000000000000000e+00 0.000000000000000000e+00 0.000000000000000000e+00 0.000000000000000000e+00 0.000000000000000000e+00
0.000000000000000000e+00 0.000000000000000000e+00 0.000000000000000000e+00 0.000000000000000000e+00 0.000000000000000000e+00 0.000000000000000000e+00
0.000000000000000000e+00 0.000000000000000000e+00 0.000000000000000000e+00 0.000000000000000000e+00 0.000000000000000000e+00 0.000000000000000000e+00
0.000000000000000000e+00 0.000000000000000000e+00 0.000000000000000000e+00 0.000000000000000000e+00 0.000000000000000000e+00 0.000000000000000000e+00
0.000000000000000000e+00 0.000000000000000000e+00 0.000000000000000000e+00 0.000000000000000000e+00 0.000000000000000000e+00 0.000000000000000000e+00
0.000000000000000000e+00 0.000000000000000000e+00 0.000000000000000000e+00 0.000000000000000000e+00 0.000000000000000000e+00 0.000000000000000000e+00
0.000000000000000000e+00 0.000000000000000000e+00 0.000000000000000000e+00 0.000000000000000000e+00 0.000000000000000000e+00 0.000000000000000000e+00
0.000000000000000000e+00 0.000000000000000000e+00 0.000000000000000000e+00 0.000000000000000000e+00 0.000000000000000000e+00 0.000000000000000000e+00
0.000000000000000000e+00 0.000000000000000000e+00 0.000000000000000000e+00 0.000000000000000000e+00 0.000000000000000000e+00 0.000000000000000000e+00
0.000000000000000000e+00 0.000000000000000000e+00 0.000000000000000000e+00 0.000000000000000000e+00 0.000000000000000000e+00 0.000000000000000000e+00
0.000000000000000000e+00 0.000000000000000000e+00 0.000000000000000000e+00 0.000000000000000000e+00 0.000000000000000000e+00 0.000000000000000000e+00
0.000000000000000000e+00 0.000000000000000000e+00 0.000000000000000000e+00 0.000000000000000000e+00 0.000000000000000000e+00 0.000000000000000000e+00
0.000000000000000000e+00 0.000000000000000000e+00 0.000000000000000000e+00 0.000000000000000000e+00 0.000000000000000000e+00 0.000000000000000000e+00
0.000000000000000000e+00 0.000000000000000000e+00 0.000000000000000000e+00 0.000000000000000000e+00 0.000000000000000000e+00 0.000000000000000000e+00
0.000000000000000000e+00 0.000000000000000000e+00 0.000000000000000000e+00 0.000000000000000000e+00 0.000000000000000000e+00 0.000000000000000000e+00
0.000000000000000000e+00 0.000000000000000000e+00 0.000000000000000000e+00 0.000000000000000000e+00 0.000000000000000000e+00 0.000000000000000000e+00
0.000000000000000000e+00 0.000000000000000000e+00 0.000000000000000000e+00 0.000000000000000000e+00 0.000000000000000000e+00 0.000000000000000000e+00
0.000000000000000000e+00 0.000000000000000000e+00 0.000000000000000000e+00 0.000000000000000000e+00 0.000000000000000000e+00 0.000000000000000000e+00
0.000000000000000000e+00 0.000000000000000000e+00 0.000000000000000000e+00 0.000000000000000000e+00 0.000000000000000000e+00 0.000000000000000000e+00
0.000000000000000000e+00 0.000000000000000000e+00 0.000000000000000000e+00 0.000000000000000000e+00 0.000000000000000000e+00 0.000000000000000000e+00
0.000000000000000000e+00 0.000000000000000000e+00 0.000000000000000000e+00 0.000000000000000000e+00 0.000000000000000000e+00 0.000000000000000000e+00
0.000000000000000000e+00 0.000000000000000000e+00 0.000000000000000000e+00 0.000000000000000000e+00 0.000000000000000000e+00 0.000000000000000000e+00
0.000000000000000000e+00 0.000000000000000000e+00 0.000000000000000000e+00 0.000000000000000000e+00 0.000000000000000000e+00 0.000000000000000000e+00
0.000000000000000000e+00 0.000000000000000000e+00 0.000000000000000000e+00 0.000000000000000000e+00 0.000000000000000000e+00 0.000000000000000000e+00
0.000000000000000000e+00 0.000000000000000000e+00 0.000000000000000000e+00 0.000000000000000000e+00 0.000000000000000000e+00 0.000000000000000000e+00
0.000000000000000000e+00 0.000000000000000000e+00 0.000000000000000000e+00 0.000000000000000000e+00 0.000000000000000000e+00 0.000000000000000000e+00
0.000000000000000000e+00 0.000000000000000000e+00 0.000000000000000000e+00 0.000000000000000000e+00 0.000000000000000000e+00 0.000000000000000000e+00
0.000000000000000000e+00 0.000000000000000000e+00 0.000000000000000000e+00 0.000000000000000000e+00 0.000000000000000000e+00 0.000000000000000000e+00
0.000000000000000000e+00 0.000000000000000000e+00 0.000000000000000000e+00 0.000000000000000000e+00 0.000000000000000000e+00 0.000000000000000000e+00
0.000000000000000000e+00 0.000000000000000000e+00 0.000000000000000000e+00 0.000000000000000000e+00 0.000000000000000000e+00 0.000000000000000000e+00
0.000000000000000000e+00 0.000000000000000000e+00 0.000000000000000000e+00 0.000000000000000000e+00 0.000000000000000000e+00 0.000000000000000000e+00
0.000000000000000000e+00 0.000000000000000000e+00 0.000000000000000000e+00 0.000000000000000000e+00 0.000000000000000000e+00 0.000000000000000000e+00
0.000000000000000000e+00 0.000000000000000000e+00 0.000000000000000000e+00 0.000000000000000000e+00 0.000000000000000000e+00 0.000000000000000000e+00
0.000000000000000000e+00 0.000000000000000000e+00 0.000000000000000000e+00 0.000000000000000000e+00 0.000000000000000000e+00 0.000000000000000000e+00
0.000000000000000000e+00 0.000000000000000000e+00 0.000000000000000000e+00 0.000000000000000000e+00 0.000000000000000000e+00 0.000000000000000000e+00
0.000000000000000000e+00 0.000000000000000000e+00 0.000000000000000000e+00 0.000000000000000000e+00 0.000000000000000000e+00 0.000000000000000000e+00
0.000000000000000000e+00 0.000000000000000000e+00 0.000000000000000000e+00 0.000000000000000000e+00 0.000000000000000000e+00 0.000000000000000000e+00
0.000000000000000000e+00 0.000000000000000000e+00 0.000000000000000000e+00 0.000000000000000000e+00 0.000000000000000000e+00 0.000000000000000000e+00
0.000000000000000000e+00 0.000000000000000000e+00 0.000000000000000000e+00 0.000000000000000000e+00 0.000000000000000000e+00 0.000000000000000000e+00
0.000000000000000000e+00 0.000000000000000000e+00 0.000000000000000000e+00 0.000000000000000000e+00 0.000000000000000000e+00 0.000000000000000000e+00
0.000000000000000000e+00 0.000000000000000000e+00 0.000000000000000000e+00 0.000000000000000000e+00 0.000000000000000000e+00 0.000000000000000000e+00
0.000000000000000000e+00 0.000000000000000000e+00 0.000000000000000000e+00 0.000000000000000000e+00 0.000000000000000000e+00 0.000000000000000000e+00
0.000000000000000000e+00 0.000000000000000000e+00 0.000000000000000000e+00 0.000000000000000000e+00 0.000000000000000000e+00 0.000000000000000000e+00
0.000000000000000000e+00 0.000000000000000000e+00 0.000000000000000000e+00 0.000000000000000000e+00 0.000000000000000000e+00 0.000000000000000000e+00
0.000000000000000000e+00 0.000000000000000000e+00 0.000000000000000000e+00 0.000000000000000000e+00 0.000000000000000000e+00 0.000000000000000000e+00
0.000000000000000000e+00 0.000000000000000000e+00 0.000000000000000000e+00 0.000000000000000000e+00 0.000000000000000000e+00 0.000000000000000000e+00
0.000000000000000000e+00 0.000000000000000000e+00 0.000000000000000000e+00 0.000000000000000000e+00 0.000000000000000000e+00 0.000000000000000000e+00
0.000000000000000000e+00 0.000000000000000000e+00 0.000000000000000000e+00 0.000000000000000000e+00 0.000000000000000000e+00 0.000000000000000000e+00
0.000000000000000000e+00 0.000000000000000000e+00 0.000000000000000000e+00 0.000000000000000000e+00 0.000000000000000000e+00 0.000000000000000000e+00
0.000000000000000000e+00 0.000000000000000000e+00 0.000000000000000000e+00 0.000000000000000000e+00 0.000000000000000000e+00 0.000000000000000000e+00
0.000000000000000000e+00 0.000000000000000000e+00 0.000000000000000000e+00 0.000000000000000000e+00 0.000000000000000000e+00 0.000000000000000000e+00
0.000000000000000000e+00 0.000000000000000000e+00 0.000000000000000000e+00 0.000000000000000000e+00 0.000000000000000000e+00 0.000000000000000000e+00
0.000000000000000000e+00 0.000000000000000000e+00 0.000000000000000000e+00 0.000000000000000000e+00 0.000000000000000000e+00 0.000000000000000000e+00
0.000000000000000000e+00 0.000000000000000000e+00 0.000000000000000000e+00 0.000000000000000000e+00 0.000000000000000000e+00 0.000000000000000000e+00
0.000000000000000000e+00 0.000000000000000000e+00 0.000000000000000000e+00 0.000000000000000000e+00 0.000000000000000000e+00 0.000000000000000000e+00
0.000000000000000000e+00 0.000000000000000000e+00 0.000000000000000000e+00 0.000000000000000000e+00 0.000000000000000000e+00 0.000000000000000000e+00
0.000000000000000000e+00 0.000000000000000000e+00 0.000000000000000000e+00 0.000000000000000000e+00 0.000000000000000000e+00 0.000000000000000000e+00
0.000000000000000000e+00 0.000000000000000000e+00 0.000000000000000000e+00 0.000000000000000000e+00 0.000000000000000000e+00 0.000000000000000000e+00
0.000000000000000000e+00 0.000000000000000000e+00 0.000000000000000000e+00 0.000000000000000000e+00 0.000000000000000000e+00 0.000000000000000000e+00
0.000000000000000000e+00 0.000000000000000000e+00 0.000000000000000000e+00 0.000000000000000000e+00 0.000000000000000000e+00 0.000000000000000000e+00
0.000000000000000000e+00 0.000000000000000000e+00 0.000000000000000000e+00 0.000000000000000000e+00 0.000000000000000000e+00 0.000000000000000000e+00
0.000000000000000000e+00 0.000000000000000000e+00 0.000000000000000000e+00 0.000000000000000000e+00 0.000000000000000000e+00 0.000000000000000000e+00
0.000000000000000000e+00 0.000000000000000000e+00 0.000000000000000000e+00 0.000000000000000000e+00 0.000000000000000000e+00 0.000000000000000000e+00
0.000000000000000000e+00 0.000000000000000000e+00 0.000000000000000000e+00 0.000000000000000000e+00 0.000000000000000000e+00 0.000000000000000000e+00
0.000000000000000000e+00 0.000000000000000000e+00 0.000000000000000000e+00 0.000000000000000000e+00 0.000000000000000000e+00 0.000000000000000000e+00
0.000000000000000000e+00 0.000000000000000000e+00 0.000000000000000000e+00 0.000000000000000000e+00 0.000000000000000000e+00 0.000000000000000000e+00
0.000000000000000000e+00 0.000000000000000000e+00 0.000000000000000000e+00 0.000000000000000000e+00 0.000000000000000000e+00 0.000000000000000000e+00
0.000000000000000000e+00 0.000000000000000000e+00 0.000000000000000000e+00 0.000000000000000000e+00 0.000000000000000000e+00 0.000000000000000000e+00
0.000000000000000000e+00 0.000000000000000000e+00 0.000000000000000000e+00 0.000000000000000000e+00 0.000000000000000000e+00 0.000000000000000000e+00
0.000000000000000000e+00 0.000000000000000000e+00 0.000000000000000000e+00 0.000000000000000000e+00 0.000000000000000000e+00 0.000000000000000000e+00
0.000000000000000000e+00 0.000000000000000000e+00 0.000000000000000000e+00 0.000000000000000000e+00 0.000000000000000000e+00 0.000000000000000000e+00
0.000000000000000000e+00 0.000000000000000000e+00 0.000000000000000000e+00 0.000000000000000000e+00 0.000000000000000000e+00 0.000000000000000000e+00
0.000000000000000000e+00 0.000000000000000000e+00 0.000000000000000000e+00 0.000000000000000000e+00 0.000000000000000000e+00 0.000000000000000000e+00
0.000000000000000000e+00 0.000000000000000000e+00 0.000000000000000000e+00 0.000000000000000000e+00 0.000000000000000000e+00 0.000000000000000000e+00
0.000000000000000000e+00 0.000000000000000000e+00 0.000000000000000000e+00 0.000000000000000000e+00 0.000000000000000000e+00 0.000000000000000000e+00
0.000000000000000000e+00 0.000000000000000000e+00 0.000000000000000000e+00 0.000000000000000000e+00 0.000000000000000000e+00 0.000000000000000000e+00
0.000000000000000000e+00 0.000000000000000000e+00 0.000000000000000000e+00 0.000000000000000000e+00 0.000000000000000000e+00 0.000000000000000000e+00
0.000000000000000000e+00 0.000000000000000000e+00 0.000000000000000000e+00 0.000000000000000000e+00 0.000000000000000000e+00 0.000000000000000000e+00
0.000000000000000000e+00 0.000000000000000000e+00 0.000000000000000000e+00 0.000000000000000000e+00 0.000000000000000000e+00 0.000000000000000000e+00
0.000000000000000000e+00 0.000000000000000000e+00 0.000000000000000000e+00 0.000000000000000000e+00 0.000000000000000000e+00 0.000000000000000000e+00
0.000000000000000000e+00 0.000000000000000000e+00 0.000000000000000000e+00 0.000000000000000000e+00 0.000000000000000000e+00 0.000000000000000000e+00
0.000000000000000000e+00 0.000000000000000000e+00 0.000000000000000000e+00 0.000000000000000000e+00 0.000000000000000000e+00 0.000000000000000000e+00
0.000000000000000000e+00 0.000000000000000000e+00 0.000000000000000000e+00 0.000000000000000000e+00 0.000000000000000000e+00 0.000000000000000000e+00
0.000000000000000000e+00 0.000000000000000000e+00 0.000000000000000000e+00 0.000000000000000000e+00 0.000000000000000000e+00 0.000000000000000000e+00
0.000000000000000000e+00 0.000000000000000000e+00 0.000000000000000000e+00 0.000000000000000000e+00 0.000000000000000000e+00 0.000000000000000000e+00
0.000000000000000000e+00 7.692840299569070339e-04 0.000000000000000000e+00 4.942767322063446045e-02 6.083590778871439397e-05 4.985734447836875916e-02
0.000000000000000000e+00 1.538568059913814068e-03 0.000000000000000000e+00 9.885534644126892090e-02 1.216718155774287879e-04 9.971468895673751831e-02
0.000000000000000000e+00 2.307852031663060188e-03 0.000000000000000000e+00 1.482830196619033813e-01 1.825077342800796032e-04 1.495720446109771729e-01
0.000000000000000000e+00 3.077136119827628136e-03 0.000000000000000000e+00 1.977106928825378418e-01 2.433436311548575759e-04 1.994293779134750366e-01
0.000000000000000000e+00 3.846419975161552429e-03 0.000000000000000000e+00 2.471383512020111084e-01 3.041795571334660053e-04 2.492867261171340942e-01
0.000000000000000000e+00 4.615704063326120377e-03 0.000000000000000000e+00 2.965660393238067627e-01 3.650154685601592064e-04 2.991440892219543457e-01
0.000000000000000000e+00 5.384988151490688324e-03 0.000000000000000000e+00 3.459936976432800293e-01 4.258513799868524075e-04 3.490014076232910156e-01
0.000000000000000000e+00 6.154272239655256271e-03 0.000000000000000000e+00 3.954213857650756836e-01 4.866872623097151518e-04 3.988587558269500732e-01
0.000000000000000000e+00 6.923556327819824219e-03 0.000000000000000000e+00 4.448490440845489502e-01 5.475232028402388096e-04 4.487161040306091309e-01
0.000000000000000000e+00 7.692839950323104858e-03 0.000000000000000000e+00 4.942767024040222168e-01 6.083591142669320107e-04 4.985734522342681885e-01
0.000000000000000000e+00 8.462124504148960114e-03 0.000000000000000000e+00 5.437043905258178711e-01 6.691950256936252117e-04 5.484308004379272461e-01
0.000000000000000000e+00 9.231408126652240753e-03 0.000000000000000000e+00 5.931320786476135254e-01 7.300309371203184128e-04 5.982881784439086914e-01
0.000000000000000000e+00 1.000069174915552139e-02 0.000000000000000000e+00 6.425597071647644043e-01 7.908668485470116138e-04 6.481454968452453613e-01
0.000000000000000000e+00 1.076997630298137665e-02 0.000000000000000000e+00 6.919873952865600586e-01 8.517027599737048149e-04 6.980028152465820312e-01
0.000000000000000000e+00 1.153925992548465729e-02 0.000000000000000000e+00 7.414150834083557129e-01 9.125386714003980160e-04 7.478601932525634766e-01
0.000000000000000000e+00 1.230854447931051254e-02 0.000000000000000000e+00 7.908427715301513672e-01 9.733745246194303036e-04 7.977175116539001465e-01
0.000000000000000000e+00 1.307782810181379318e-02 0.000000000000000000e+00 8.402704000473022461e-01 1.034210436046123505e-03 8.475748896598815918e-01
0.000000000000000000e+00 1.384711265563964844e-02 0.000000000000000000e+00 8.896980881690979004e-01 1.095046405680477619e-03 8.974322080612182617e-01
0.000000000000000000e+00 1.461639627814292908e-02 0.000000000000000000e+00 9.391257762908935547e-01 1.155882258899509907e-03 9.472895860671997070e-01
0.000000000000000000e+00 1.538567990064620972e-02 0.000000000000000000e+00 9.885534048080444336e-01 1.216718228533864021e-03 9.971469044685363770e-01
0.000000000000000000e+00 1.615496352314949036e-02 0.000000000000000000e+00 1.037981152534484863e+00 1.277554081752896309e-03 1.047004222869873047e+00
0.000000000000000000e+00 1.692424900829792023e-02 0.000000000000000000e+00 1.087408781051635742e+00 1.338390051387250423e-03 1.096861600875854492e+00
0.000000000000000000e+00 1.769353263080120087e-02 0.000000000000000000e+00 1.136836409568786621e+00 1.399225904606282711e-03 1.146718978881835938e+00
0.000000000000000000e+00 1.846281625330448151e-02 0.000000000000000000e+00 1.186264157295227051e+00 1.460061874240636826e-03 1.196576356887817383e+00
0.000000000000000000e+00 1.923209987580776215e-02 0.000000000000000000e+00 1.235691785812377930e+00 1.520897727459669113e-03 1.246433615684509277e+00
0.000000000000000000e+00 2.000138349831104279e-02 0.000000000000000000e+00 1.285119414329528809e+00 1.581733697094023228e-03 1.296290993690490723e+00
0.000000000000000000e+00 2.077066898345947266e-02 0.000000000000000000e+00 1.334547162055969238e+00 1.642569550313055515e-03 1.346148371696472168e+00
0.000000000000000000e+00 2.153995260596275330e-02 0.000000000000000000e+00 1.383974790573120117e+00 1.703405519947409630e-03 1.396005630493164062e+00
0.000000000000000000e+00 2.230923622846603394e-02 0.000000000000000000e+00 1.433402419090270996e+00 1.764241373166441917e-03 1.445863008499145508e+00
0.000000000000000000e+00 2.307851985096931458e-02 0.000000000000000000e+00 1.482830166816711426e+00 1.825077342800796032e-03 1.495720386505126953e+00
0.000000000000000000e+00 2.384780533611774445e-02 0.000000000000000000e+00 1.532257795333862305e+00 1.885913196019828320e-03 1.545577764511108398e+00
0.000000000000000000e+00 2.461708895862102509e-02 0.000000000000000000e+00 1.581685543060302734e+00 1.946749049238860607e-03 1.595435023307800293e+00
0.000000000000000000e+00 2.538637258112430573e-02 0.000000000000000000e+00 1.631113171577453613e+00 2.007585018873214722e-03 1.645292401313781738e+00
0.000000000000000000e+00 2.615565620362758636e-02 0.000000000000000000e+00 1.680540800094604492e+00 2.068420872092247009e-03 1.695149779319763184e+00
0.000000000000000000e+00 2.692493982613086700e-02 0.000000000000000000e+00 1.729968547821044922e+00 2.129256725311279297e-03 1.745007157325744629e+00
0.000000000000000000e+00 2.769422531127929688e-02 0.000000000000000000e+00 1.779396176338195801e+00 2.190092811360955238e-03 1.794864416122436523e+00
0.000000000000000000e+00 2.846350893378257751e-02 0.000000000000000000e+00 1.828823804855346680e+00 2.250928664579987526e-03 1.844721794128417969e+00
0.000000000000000000e+00 2.923279255628585815e-02 0.000000000000000000e+00 1.878251552581787109e+00 2.311764517799019814e-03 1.894579172134399414e+00
0.000000000000000000e+00 3.000207617878913879e-02 0.000000000000000000e+00 1.927679181098937988e+00 2.372600371018052101e-03 1.944436430931091309e+00
0.000000000000000000e+00 3.077135980129241943e-02 0.000000000000000000e+00 1.977106809616088867e+00 2.433436457067728043e-03 1.994293808937072754e+00
0.000000000000000000e+00 3.154064342379570007e-02 0.000000000000000000e+00 2.026534557342529297e+00 2.494272310286760330e-03 2.044151067733764648e+00
0.000000000000000000e+00 3.230992704629898071e-02 0.000000000000000000e+00 2.075962305068969727e+00 2.555108163505792618e-03 2.094008445739746094e+00
0.000000000000000000e+00 3.307921439409255981e-02 0.000000000000000000e+00 2.125389814376831055e+00 2.615944016724824905e-03 2.143865823745727539e+00
0.000000000000000000e+00 3.384849801659584045e-02 0.000000000000000000e+00 2.174817562103271484e+00 2.676780102774500847e-03 2.193723201751708984e+00
0.000000000000000000e+00 3.461778163909912109e-02 0.000000000000000000e+00 2.224245309829711914e+00 2.737615955993533134e-03 2.243580579757690430e+00
0.000000000000000000e+00 3.538706526160240173e-02 0.000000000000000000e+00 2.273672819137573242e+00 2.798451809212565422e-03 2.293437957763671875e+00
0.000000000000000000e+00 3.615634888410568237e-02 0.000000000000000000e+00 2.323100566864013672e+00 2.859287662431597710e-03 2.343295335769653320e+00
0.000000000000000000e+00 3.692563250660896301e-02 0.000000000000000000e+00 2.372528314590454102e+00 2.920123748481273651e-03 2.393152713775634766e+00
0.000000000000000000e+00 3.769491612911224365e-02 0.000000000000000000e+00 2.421955823898315430e+00 2.980959601700305939e-03 2.443009853363037109e+00
0.000000000000000000e+00 3.846419975161552429e-02 0.000000000000000000e+00 2.471383571624755859e+00 3.041795454919338226e-03 2.492867231369018555e+00
0.000000000000000000e+00 3.923348337411880493e-02 0.000000000000000000e+00 2.520811319351196289e+00 3.102631308138370514e-03 2.542724609375000000e+00
0.000000000000000000e+00 4.000276699662208557e-02 0.000000000000000000e+00 2.570238828659057617e+00 3.163467394188046455e-03 2.592581987380981445e+00
0.000000000000000000e+00 4.077205434441566467e-02 0.000000000000000000e+00 2.619666576385498047e+00 3.224303247407078743e-03 2.642439365386962891e+00
0.000000000000000000e+00 4.154133796691894531e-02 0.000000000000000000e+00 2.669094324111938477e+00 3.285139100626111031e-03 2.692296743392944336e+00
0.000000000000000000e+00 4.231062158942222595e-02 0.000000000000000000e+00 2.718521833419799805e+00 3.345974953845143318e-03 2.742154121398925781e+00
0.000000000000000000e+00 4.307990521192550659e-02 0.000000000000000000e+00 2.767949581146240234e+00 3.406811039894819260e-03 2.792011260986328125e+00
0.000000000000000000e+00 4.384918883442878723e-02 0.000000000000000000e+00 2.817377328872680664e+00 3.467646893113851547e-03 2.841868638992309570e+00
0.000000000000000000e+00 4.461847245693206787e-02 0.000000000000000000e+00 2.866804838180541992e+00 3.528482746332883835e-03 2.891726016998291016e+00
0.000000000000000000e+00 4.538775607943534851e-02 0.000000000000000000e+00 2.916232585906982422e+00 3.589318599551916122e-03 2.941583395004272461e+00
0.000000000000000000e+00 4.615703970193862915e-02 0.000000000000000000e+00 2.965660333633422852e+00 3.650154685601592064e-03 2.991440773010253906e+00
0.000000000000000000e+00 4.615703970193862915e-02 0.000000000000000000e+00 2.965660333633422852e+00 3.650154685601592064e-03 2.991440773010253906e+00
0.000000000000000000e+00 4.615703970193862915e-02 0.000000000000000000e+00 2.965660333633422852e+00 3.650154685601592064e-03 2.991440773010253906e+00
0.000000000000000000e+00 4.615703970193862915e-02 0.000000000000000000e+00 2.965660333633422852e+00 3.650154685601592064e-03 2.991440773010253906e+00
0.000000000000000000e+00 4.615703970193862915e-02 0.000000000000000000e+00 2.965660333633422852e+00 3.650154685601592064e-03 2.991440773010253906e+00
0.000000000000000000e+00 4.615703970193862915e-02 0.000000000000000000e+00 2.965660333633422852e+00 3.650154685601592064e-03 2.991440773010253906e+00
0.000000000000000000e+00 4.615703970193862915e-02 0.000000000000000000e+00 2.965660333633422852e+00 3.650154685601592064e-03 2.991440773010253906e+00
0.000000000000000000e+00 4.615703970193862915e-02 0.000000000000000000e+00 2.965660333633422852e+00 3.650154685601592064e-03 2.991440773010253906e+00
0.000000000000000000e+00 4.615703970193862915e-02 0.000000000000000000e+00 2.965660333633422852e+00 3.650154685601592064e-03 2.991440773010253906e+00
0.000000000000000000e+00 4.615703970193862915e-02 0.000000000000000000e+00 2.965660333633422852e+00 3.650154685601592064e-03 2.991440773010253906e+00
0.000000000000000000e+00 4.615703970193862915e-02 0.000000000000000000e+00 2.965660333633422852e+00 3.650154685601592064e-03 2.991440773010253906e+00
0.000000000000000000e+00 4.615703970193862915e-02 0.000000000000000000e+00 2.965660333633422852e+00 3.650154685601592064e-03 2.991440773010253906e+00
0.000000000000000000e+00 4.615703970193862915e-02 0.000000000000000000e+00 2.965660333633422852e+00 3.650154685601592064e-03 2.991440773010253906e+00
0.000000000000000000e+00 4.615703970193862915e-02 0.000000000000000000e+00 2.965660333633422852e+00 3.650154685601592064e-03 2.991440773010253906e+00
0.000000000000000000e+00 4.615703970193862915e-02 0.000000000000000000e+00 2.965660333633422852e+00 3.650154685601592064e-03 2.991440773010253906e+00
0.000000000000000000e+00 4.615703970193862915e-02 0.000000000000000000e+00 2.965660333633422852e+00 3.650154685601592064e-03 2.991440773010253906e+00
0.000000000000000000e+00 4.615703970193862915e-02 0.000000000000000000e+00 2.965660333633422852e+00 3.650154685601592064e-03 2.991440773010253906e+00
0.000000000000000000e+00 4.615703970193862915e-02 0.000000000000000000e+00 2.965660333633422852e+00 3.650154685601592064e-03 2.991440773010253906e+00
0.000000000000000000e+00 4.615703970193862915e-02 0.000000000000000000e+00 2.965660333633422852e+00 3.650154685601592064e-03 2.991440773010253906e+00
0.000000000000000000e+00 4.615703970193862915e-02 0.000000000000000000e+00 2.965660333633422852e+00 3.650154685601592064e-03 2.991440773010253906e+00
0.000000000000000000e+00 4.615703970193862915e-02 0.000000000000000000e+00 2.965660333633422852e+00 3.650154685601592064e-03 2.991440773010253906e+00
0.000000000000000000e+00 4.615703970193862915e-02 0.000000000000000000e+00 2.965660333633422852e+00 3.650154685601592064e-03 2.991440773010253906e+00
0.000000000000000000e+00 4.615703970193862915e-02 0.000000000000000000e+00 2.965660333633422852e+00 3.650154685601592064e-03 2.991440773010253906e+00
0.000000000000000000e+00 4.615703970193862915e-02 0.000000000000000000e+00 2.965660333633422852e+00 3.650154685601592064e-03 2.991440773010253906e+00
0.000000000000000000e+00 4.615703970193862915e-02 0.000000000000000000e+00 2.965660333633422852e+00 3.650154685601592064e-03 2.991440773010253906e+00
0.000000000000000000e+00 4.615703970193862915e-02 0.000000000000000000e+00 2.965660333633422852e+00 3.650154685601592064e-03 2.991440773010253906e+00
0.000000000000000000e+00 4.615703970193862915e-02 0.000000000000000000e+00 2.965660333633422852e+00 3.650154685601592064e-03 2.991440773010253906e+00
0.000000000000000000e+00 4.615703970193862915e-02 0.000000000000000000e+00 2.965660333633422852e+00 3.650154685601592064e-03 2.991440773010253906e+00
0.000000000000000000e+00 4.615703970193862915e-02 0.000000000000000000e+00 2.965660333633422852e+00 3.650154685601592064e-03 2.991440773010253906e+00
0.000000000000000000e+00 4.615703970193862915e-02 0.000000000000000000e+00 2.965660333633422852e+00 3.650154685601592064e-03 2.991440773010253906e+00
0.000000000000000000e+00 4.615703970193862915e-02 0.000000000000000000e+00 2.965660333633422852e+00 3.650154685601592064e-03 2.991440773010253906e+00
0.000000000000000000e+00 4.615703970193862915e-02 0.000000000000000000e+00 2.965660333633422852e+00 3.650154685601592064e-03 2.991440773010253906e+00
0.000000000000000000e+00 4.615703970193862915e-02 0.000000000000000000e+00 2.965660333633422852e+00 3.650154685601592064e-03 2.991440773010253906e+00
0.000000000000000000e+00 4.615703970193862915e-02 0.000000000000000000e+00 2.965660333633422852e+00 3.650154685601592064e-03 2.991440773010253906e+00
0.000000000000000000e+00 4.615703970193862915e-02 0.000000000000000000e+00 2.965660333633422852e+00 3.650154685601592064e-03 2.991440773010253906e+00
0.000000000000000000e+00 4.615703970193862915e-02 0.000000000000000000e+00 2.965660333633422852e+00 3.650154685601592064e-03 2.991440773010253906e+00
0.000000000000000000e+00 4.615703970193862915e-02 0.000000000000000000e+00 2.965660333633422852e+00 3.650154685601592064e-03 2.991440773010253906e+00
0.000000000000000000e+00 4.615703970193862915e-02 0.000000000000000000e+00 2.965660333633422852e+00 3.650154685601592064e-03 2.991440773010253906e+00
0.000000000000000000e+00 4.615703970193862915e-02 0.000000000000000000e+00 2.965660333633422852e+00 3.650154685601592064e-03 2.991440773010253906e+00
0.000000000000000000e+00 4.615703970193862915e-02 0.000000000000000000e+00 2.965660333633422852e+00 3.650154685601592064e-03 2.991440773010253906e+00
0.000000000000000000e+00 4.615703970193862915e-02 0.000000000000000000e+00 2.965660333633422852e+00 3.650154685601592064e-03 2.991440773010253906e+00
0.000000000000000000e+00 4.615703970193862915e-02 0.000000000000000000e+00 2.965660333633422852e+00 3.650154685601592064e-03 2.991440773010253906e+00
0.000000000000000000e+00 4.615703970193862915e-02 0.000000000000000000e+00 2.965660333633422852e+00 3.650154685601592064e-03 2.991440773010253906e+00
0.000000000000000000e+00 4.615703970193862915e-02 0.000000000000000000e+00 2.965660333633422852e+00 3.650154685601592064e-03 2.991440773010253906e+00
0.000000000000000000e+00 4.615703970193862915e-02 0.000000000000000000e+00 2.965660333633422852e+00 3.650154685601592064e-03 2.991440773010253906e+00
0.000000000000000000e+00 4.615703970193862915e-02 0.000000000000000000e+00 2.965660333633422852e+00 3.650154685601592064e-03 2.991440773010253906e+00
0.000000000000000000e+00 4.615703970193862915e-02 0.000000000000000000e+00 2.965660333633422852e+00 3.650154685601592064e-03 2.991440773010253906e+00
0.000000000000000000e+00 4.615703970193862915e-02 0.000000000000000000e+00 2.965660333633422852e+00 3.650154685601592064e-03 2.991440773010253906e+00
0.000000000000000000e+00 4.615703970193862915e-02 0.000000000000000000e+00 2.965660333633422852e+00 3.650154685601592064e-03 2.991440773010253906e+00
0.000000000000000000e+00 4.615703970193862915e-02 0.000000000000000000e+00 2.965660333633422852e+00 3.650154685601592064e-03 2.991440773010253906e+00
0.000000000000000000e+00 4.615703970193862915e-02 0.000000000000000000e+00 2.965660333633422852e+00 3.650154685601592064e-03 2.991440773010253906e+00
0.000000000000000000e+00 4.615703970193862915e-02 0.000000000000000000e+00 2.965660333633422852e+00 3.650154685601592064e-03 2.991440773010253906e+00
0.000000000000000000e+00 4.615703970193862915e-02 0.000000000000000000e+00 2.965660333633422852e+00 3.650154685601592064e-03 2.991440773010253906e+00
0.000000000000000000e+00 4.615703970193862915e-02 0.000000000000000000e+00 2.965660333633422852e+00 3.650154685601592064e-03 2.991440773010253906e+00
0.000000000000000000e+00 4.615703970193862915e-02 0.000000000000000000e+00 2.965660333633422852e+00 3.650154685601592064e-03 2.991440773010253906e+00
0.000000000000000000e+00 4.615703970193862915e-02 0.000000000000000000e+00 2.965660333633422852e+00 3.650154685601592064e-03 2.991440773010253906e+00
0.000000000000000000e+00 4.615703970193862915e-02 0.000000000000000000e+00 2.965660333633422852e+00 3.650154685601592064e-03 2.991440773010253906e+00
0.000000000000000000e+00 4.615703970193862915e-02 0.000000000000000000e+00 2.965660333633422852e+00 3.650154685601592064e-03 2.991440773010253906e+00
0.000000000000000000e+00 4.615703970193862915e-02 0.000000000000000000e+00 2.965660333633422852e+00 3.650154685601592064e-03 2.991440773010253906e+00
0.000000000000000000e+00 4.615703970193862915e-02 0.000000000000000000e+00 2.965660333633422852e+00 3.650154685601592064e-03 2.991440773010253906e+00
0.000000000000000000e+00 4.615703970193862915e-02 0.000000000000000000e+00 2.965660333633422852e+00 3.650154685601592064e-03 2.991440773010253906e+00
0.000000000000000000e+00 4.615703970193862915e-02 0.000000000000000000e+00 2.965660333633422852e+00 3.650154685601592064e-03 2.991440773010253906e+00
0.000000000000000000e+00 4.615703970193862915e-02 0.000000000000000000e+00 2.965660333633422852e+00 3.650154685601592064e-03 2.991440773010253906e+00
0.000000000000000000e+00 4.615703970193862915e-02 0.000000000000000000e+00 2.965660333633422852e+00 3.650154685601592064e-03 2.991440773010253906e+00
0.000000000000000000e+00 4.615703970193862915e-02 0.000000000000000000e+00 2.965660333633422852e+00 3.650154685601592064e-03 2.991440773010253906e+00
0.000000000000000000e+00 4.615703970193862915e-02 0.000000000000000000e+00 2.965660333633422852e+00 3.650154685601592064e-03 2.991440773010253906e+00
0.000000000000000000e+00 4.615703970193862915e-02 0.000000000000000000e+00 2.965660333633422852e+00 3.650154685601592064e-03 2.991440773010253906e+00
0.000000000000000000e+00 4.615703970193862915e-02 0.000000000000000000e+00 2.965660333633422852e+00 3.650154685601592064e-03 2.991440773010253906e+00
0.000000000000000000e+00 4.615703970193862915e-02 0.000000000000000000e+00 2.965660333633422852e+00 3.650154685601592064e-03 2.991440773010253906e+00
0.000000000000000000e+00 4.615703970193862915e-02 0.000000000000000000e+00 2.965660333633422852e+00 3.650154685601592064e-03 2.991440773010253906e+00
0.000000000000000000e+00 4.615703970193862915e-02 0.000000000000000000e+00 2.965660333633422852e+00 3.650154685601592064e-03 2.991440773010253906e+00
0.000000000000000000e+00 4.615703970193862915e-02 0.000000000000000000e+00 2.965660333633422852e+00 3.650154685601592064e-03 2.991440773010253906e+00
0.000000000000000000e+00 4.615703970193862915e-02 0.000000000000000000e+00 2.965660333633422852e+00 3.650154685601592064e-03 2.991440773010253906e+00
0.000000000000000000e+00 4.615703970193862915e-02 0.000000000000000000e+00 2.965660333633422852e+00 3.650154685601592064e-03 2.991440773010253906e+00
0.000000000000000000e+00 4.615703970193862915e-02 0.000000000000000000e+00 2.965660333633422852e+00 3.650154685601592064e-03 2.991440773010253906e+00
0.000000000000000000e+00 4.615703970193862915e-02 0.000000000000000000e+00 2.965660333633422852e+00 3.650154685601592064e-03 2.991440773010253906e+00
0.000000000000000000e+00 4.615703970193862915e-02 0.000000000000000000e+00 2.965660333633422852e+00 3.650154685601592064e-03 2.991440773010253906e+00
0.000000000000000000e+00 4.615703970193862915e-02 0.000000000000000000e+00 2.965660333633422852e+00 3.650154685601592064e-03 2.991440773010253906e+00
0.000000000000000000e+00 4.615703970193862915e-02 0.000000000000000000e+00 2.965660333633422852e+00 3.650154685601592064e-03 2.991440773010253906e+00
0.000000000000000000e+00 4.615703970193862915e-02 0.000000000000000000e+00 2.965660333633422852e+00 3.650154685601592064e-03 2.991440773010253906e+00
0.000000000000000000e+00 4.615703970193862915e-02 0.000000000000000000e+00 2.965660333633422852e+00 3.650154685601592064e-03 2.991440773010253906e+00
0.000000000000000000e+00 4.615703970193862915e-02 0.000000000000000000e+00 2.965660333633422852e+00 3.650154685601592064e-03 2.991440773010253906e+00
0.000000000000000000e+00 4.615703970193862915e-02 0.000000000000000000e+00 2.965660333633422852e+00 3.650154685601592064e-03 2.991440773010253906e+00
0.000000000000000000e+00 4.615703970193862915e-02 0.000000000000000000e+00 2.965660333633422852e+00 3.650154685601592064e-03 2.991440773010253906e+00
0.000000000000000000e+00 4.615703970193862915e-02 0.000000000000000000e+00 2.965660333633422852e+00 3.650154685601592064e-03 2.991440773010253906e+00
0.000000000000000000e+00 4.615703970193862915e-02 0.000000000000000000e+00 2.965660333633422852e+00 3.650154685601592064e-03 2.991440773010253906e+00
0.000000000000000000e+00 4.615703970193862915e-02 0.000000000000000000e+00 2.965660333633422852e+00 3.650154685601592064e-03 2.991440773010253906e+00
0.000000000000000000e+00 4.615703970193862915e-02 0.000000000000000000e+00 2.965660333633422852e+00 3.650154685601592064e-03 2.991440773010253906e+00
0.000000000000000000e+00 4.615703970193862915e-02 0.000000000000000000e+00 2.965660333633422852e+00 3.650154685601592064e-03 2.991440773010253906e+00
0.000000000000000000e+00 4.615703970193862915e-02 0.000000000000000000e+00 2.965660333633422852e+00 3.650154685601592064e-03 2.991440773010253906e+00
0.000000000000000000e+00 4.615703970193862915e-02 0.000000000000000000e+00 2.965660333633422852e+00 3.650154685601592064e-03 2.991440773010253906e+00
