0.000000000000000000e+00 0.000000000000000000e+00 0.000000000000000000e+00 0.000000000000000000e+00 0.000000000000000000e+00 0.000000000000000000e+00
0.000000000000000000e+00 0.000000000000000000e+00 0.000000000000000000e+00 0.000000000000000000e+00 0.000000000000000000e+00 0.000000000000000000e+00
0.000000000000000000e+00 0.000000000000000000e+00 0.000000000000000000e+00 0.000000000000000000e+00 0.000000000000000000e+00 0.000000000000000000e+00
0.000000000000000000e+00 0.000000000000000000e+00 0.000000000000000000e+00 0.000000000000000000e+00 0.000000000000000000e+00 0.000000000000000000e+00
0.000000000000000000e+00 0.000000000000000000e+00 0.000000000000000000e+00 0.000000000000000000e+00 0.000000000000000000e+00 0.000000000000000000e+00
0.000000000000000000e+00 0.000000000000000000e+00 0.000000000000000000e+00 0.000000000000000000e+00 0.000000000000000000e+00 0.000000000000000000e+00
0.000000000000000000e+00 0.000000000000000000e+00 0.000000000000000000e+00 0.000000000000000000e+00 0.000000000000000000e+00 0.000000000000000000e+00
0.000000000000000000e+00 0.000000000000000000e+00 0.000000000000000000e+00 0.000000000000000000e+00 0.000000000000000000e+00 0.000000000000000000e+00
0.000000000000000000e+00 0.000000000000000000e+00 0.000000000000000000e+00 0.000000000000000000e+00 0.000000000000000000e+00 0.000000000000000000e+00
0.000000000000000000e+00 0.000000000000000000e+00 0.000000000000000000e+00 0.000000000000000000e+00 0.000000000000000000e+00 0.000000000000000000e+00
0.000000000000000000e+00 0.000000000000000000e+00 0.000000000000000000e+00 0.000000000000000000e+00 0.000000000000000000e+00 0.000000000000000000e+00
0.000000000000000000e+00 0.000000000000000000e+00 0.000000000000000000e+00 0.000000000000000000e+00 0.000000000000000000e+00 0.000000000000000000e+00
0.000000000000000000e+00 0.000000000000000000e+00 0.000000000000000000e+00 0.000000000000000000e+00 0.000000000000000000e+00 0.000000000000000000e+00
0.000000000000000000e+00 0.000000000000000000e+00 0.000000000000000000e+00 0.000000000000000000e+00 0.000000000000000000e+00 0.000000000000000000e+00
0.000000000000000000e+00 0.000000000000000000e+00 0.000000000000000000e+00 0.000000000000000000e+00 0.000000000000000000e+00 0.000000000000000000e+00
0.000000000000000000e+00 0.000000000000000000e+00 0.000000000000000000e+00 0.000000000000000000e+00 0.000000000000000000e+00 0.000000000000000000e+00
0.000000000000000000e+00 0.000000000000000000e+00 0.000000000000000000e+00 0.000000000000000000e+00 0.000000000000000000e+00 0.000000000000000000e+00
0.000000000000000000e+00 0.000000000000000000e+00 0.000000000000000000e+00 0.000000000000000000e+00 0.000000000000000000e+00 0.000000000000000000e+00
0.000000000000000000e+00 0.000000000000000000e+00 0.000000000000000000e+00 0.000000000000000000e+00 0.000000000000000000e+00 0.000000000000000000e+00
0.000000000000000000e+00 0.000000000000000000e+00 0.000000000000000000e+00 0.000000000000000000e+00 0.000000000000000000e+00 0.000000000000000000e+00
0.000000000000000000e+00 0.000000000000000000e+00 0.000000000000000000e+00 0.000000000000000000e+00 0.000000000000000000e+00 0.000000000000000000e+00
0.000000000000000000e+00 0.000000000000000000e+00 0.000000000000000000e+00 0.000000000000000000e+00 0.000000000000000000e+00 0.000000000000000000e+00
0.000000000000000000e+00 0.000000000000000000e+00 0.000000000000000000e+00 0.000000000000000000e+00 0.000000000000000000e+00 0.000000000000000000e+00
0.000000000000000000e+00 0.000000000000000000e+00 0.000000000000000000e+00 0.000000000000000000e+00 0.000000000000000000e+00 0.000000000000000000e+00
0.000000000000000000e+00 0.000000000000000000e+00 0.000000000000000000e+00 0.000000000000000000e+00 0.000000000000000000e+00 0.000000000000000000e+00
0.000000000000000000e+00 0.000000000000000000e+00 0.000000000000000000e+00 0.000000000000000000e+00 0.000000000000000000e+00 0.000000000000000000e+00
0.000000000000000000e+00 0.000000000000000000e+00 0.000000000000000000e+00 0.000000000000000000e+00 0.000000000000000000e+00 0.000000000000000000e+00
0.000000000000000000e+00 0.000000000000000000e+00 0.000000000000000000e+00 0.000000000000000000e+00 0.000000000000000000e+00 0.000000000000000000e+00
0.000000000000000000e+00 0.000000000000000000e+00 0.000000000000000000e+00 0.000000000000000000e+00 0.000000000000000000e+00 0.000000000000000000e+00
0.000000000000000000e+00 0.000000000000000000e+00 0.000000000000000000e+00 0.000000000000000000e+00 0.000000000000000000e+00 0.000000000000000000e+00
0.000000000000000000e+00 0.000000000000000000e+00 0.000000000000000000e+00 0.000000000000000000e+00 0.000000000000000000e+00 0.000000000000000000e+00
0.000000000000000000e+00 0.000000000000000000e+00 0.000000000000000000e+00 0.000000000000000000e+00 0.000000000000000000e+00 0.000000000000000000e+00
0.000000000000000000e+00 0.000000000000000000e+00 0.000000000000000000e+00 0.000000000000000000e+00 0.000000000000000000e+00 0.000000000000000000e+00
0.000000000000000000e+00 0.000000000000000000e+00 0.000000000000000000e+00 0.000000000000000000e+00 0.000000000000000000e+00 0.000000000000000000e+00
0.000000000000000000e+00 0.000000000000000000e+00 0.000000000000000000e+00 0.000000000000000000e+00 0.000000000000000000e+00 0.000000000000000000e+00
0.000000000000000000e+00 0.000000000000000000e+00 0.000000000000000000e+00 0.000000000000000000e+00 0.000000000000000000e+00 0.000000000000000000e+00
0.000000000000000000e+00 0.000000000000000000e+00 0.000000000000000000e+00 0.000000000000000000e+00 0.000000000000000000e+00 0.000000000000000000e+00
0.000000000000000000e+00 0.000000000000000000e+00 0.000000000000000000e+00 0.000000000000000000e+00 0.000000000000000000e+00 0.000000000000000000e+00
0.000000000000000000e+00 0.000000000000000000e+00 0.000000000000000000e+00 0.000000000000000000e+00 0.000000000000000000e+00 0.000000000000000000e+00
0.000000000000000000e+00 0.000000000000000000e+00 0.000000000000000000e+00 0.000000000000000000e+00 0.000000000000000000e+00 0.000000000000000000e+00
0.000000000000000000e+00 0.000000000000000000e+00 0.000000000000000000e+00 0.000000000000000000e+00 0.000000000000000000e+00 0.000000000000000000e+00
0.000000000000000000e+00 0.000000000000000000e+00 0.000000000000000000e+00 0.000000000000000000e+00 0.000000000000000000e+00 0.000000000000000000e+00
0.000000000000000000e+00 0.000000000000000000e+00 0.000000000000000000e+00 0.000000000000000000e+00 0.000000000000000000e+00 0.000000000000000000e+00
0.000000000000000000e+00 0.000000000000000000e+00 0.000000000000000000e+00 0.000000000000000000e+00 0.000000000000000000e+00 0.000000000000000000e+00
0.000000000000000000e+00 0.000000000000000000e+00 0.000000000000000000e+00 0.000000000000000000e+00 0.000000000000000000e+00 0.000000000000000000e+00
0.000000000000000000e+00 0.000000000000000000e+00 0.000000000000000000e+00 0.000000000000000000e+00 0.000000000000000000e+00 0.000000000000000000e+00
0.000000000000000000e+00 0.000000000000000000e+00 0.000000000000000000e+00 0.000000000000000000e+00 0.000000000000000000e+00 0.000000000000000000e+00
0.000000000000000000e+00 0.000000000000000000e+00 0.000000000000000000e+00 0.000000000000000000e+00 0.000000000000000000e+00 0.000000000000000000e+00
0.000000000000000000e+00 0.000000000000000000e+00 0.000000000000000000e+00 0.000000000000000000e+00 0.000000000000000000e+00 0.000000000000000000e+00
0.000000000000000000e+00 0.000000000000000000e+00 0.000000000000000000e+00 0.000000000000000000e+00 0.000000000000000000e+00 0.000000000000000000e+00
0.000000000000000000e+00 0.000000000000000000e+00 0.000000000000000000e+00 0.000000000000000000e+00 0.000000000000000000e+00 0.000000000000000000e+00
0.000000000000000000e+00 0.000000000000000000e+00 0.000000000000000000e+00 0.000000000000000000e+00 0.000000000000000000e+00 0.000000000000000000e+00
0.000000000000000000e+00 0.000000000000000000e+00 0.000000000000000000e+00 0.000000000000000000e+00 0.000000000000000000e+00 0.000000000000000000e+00
0.000000000000000000e+00 0.000000000000000000e+00 0.000000000000000000e+00 0.000000000000000000e+00 0.000000000000000000e+00 0.000000000000000000e+00
0.000000000000000000e+00 0.000000000000000000e+00 0.000000000000000000e+00 0.000000000000000000e+00 0.000000000000000000e+00 0.000000000000000000e+00
0.000000000000000000e+00 0.000000000000000000e+00 0.000000000000000000e+00 0.000000000000000000e+00 0.000000000000000000e+00 0.000000000000000000e+00
0.000000000000000000e+00 0.000000000000000000e+00 0.000000000000000000e+00 0.000000000000000000e+00 0.000000000000000000e+00 0.000000000000000000e+00
0.000000000000000000e+00 0.000000000000000000e+00 0.000000000000000000e+00 0.000000000000000000e+00 0.000000000000000000e+00 0.000000000000000000e+00
0.000000000000000000e+00 0.000000000000000000e+00 0.000000000000000000e+00 0.000000000000000000e+00 0.000000000000000000e+00 0.000000000000000000e+00
0.000000000000000000e+00 0.000000000000000000e+00 0.000000000000000000e+00 0.000000000000000000e+00 0.000000000000000000e+00 0.000000000000000000e+00
0.000000000000000000e+00 0.000000000000000000e+00 0.000000000000000000e+00 0.000000000000000000e+00 0.000000000000000000e+00 0.000000000000000000e+00
0.000000000000000000e+00 0.000000000000000000e+00 0.000000000000000000e+00 0.000000000000000000e+00 0.000000000000000000e+00 0.000000000000000000e+00
0.000000000000000000e+00 0.000000000000000000e+00 0.000000000000000000e+00 0.000000000000000000e+00 0.000000000000000000e+00 0.000000000000000000e+00
0.000000000000000000e+00 0.000000000000000000e+00 0.000000000000000000e+00 0.000000000000000000e+00 0.000000000000000000e+00 0.000000000000000000e+00
0.000000000000000000e+00 0.000000000000000000e+00 0.000000000000000000e+00 0.000000000000000000e+00 0.000000000000000000e+00 0.000000000000000000e+00
0.000000000000000000e+00 0.000000000000000000e+00 0.000000000000000000e+00 0.000000000000000000e+00 0.000000000000000000e+00 0.000000000000000000e+00
0.000000000000000000e+00 0.000000000000000000e+00 0.000000000000000000e+00 0.000000000000000000e+00 0.000000000000000000e+00 0.000000000000000000e+00
0.000000000000000000e+00 0.000000000000000000e+00 0.000000000000000000e+00 0.000000000000000000e+00 0.000000000000000000e+00 0.000000000000000000e+00
0.000000000000000000e+00 0.000000000000000000e+00 0.000000000000000000e+00 0.000000000000000000e+00 0.000000000000000000e+00 0.000000000000000000e+00
0.000000000000000000e+00 0.000000000000000000e+00 0.000000000000000000e+00 0.000000000000000000e+00 0.000000000000000000e+00 0.000000000000000000e+00
0.000000000000000000e+00 0.000000000000000000e+00 0.000000000000000000e+00 0.000000000000000000e+00 0.000000000000000000e+00 0.000000000000000000e+00
0.000000000000000000e+00 0.000000000000000000e+00 0.000000000000000000e+00 0.000000000000000000e+00 0.000000000000000000e+00 0.000000000000000000e+00
0.000000000000000000e+00 0.000000000000000000e+00 0.000000000000000000e+00 0.000000000000000000e+00 0.000000000000000000e+00 0.000000000000000000e+00
0.000000000000000000e+00 0.000000000000000000e+00 0.000000000000000000e+00 0.000000000000000000e+00 0.000000000000000000e+00 0.000000000000000000e+00
0.000000000000000000e+00 0.000000000000000000e+00 0.000000000000000000e+00 0.000000000000000000e+00 0.000000000000000000e+00 0.000000000000000000e+00
0.000000000000000000e+00 0.000000000000000000e+00 0.000000000000000000e+00 0.000000000000000000e+00 0.000000000000000000e+00 0.000000000000000000e+00
0.000000000000000000e+00 0.000000000000000000e+00 0.000000000000000000e+00 0.000000000000000000e+00 0.000000000000000000e+00 0.000000000000000000e+00
0.000000000000000000e+00 0.000000000000000000e+00 0.000000000000000000e+00 0.000000000000000000e+00 0.000000000000000000e+00 0.000000000000000000e+00
0.000000000000000000e+00 0.000000000000000000e+00 0.000000000000000000e+00 0.000000000000000000e+00 0.000000000000000000e+00 0.000000000000000000e+00
0.000000000000000000e+00 0.000000000000000000e+00 0.000000000000000000e+00 0.000000000000000000e+00 0.000000000000000000e+00 0.000000000000000000e+00
0.000000000000000000e+00 0.000000000000000000e+00 0.000000000000000000e+00 0.000000000000000000e+00 0.000000000000000000e+00 0.000000000000000000e+00
0.000000000000000000e+00 0.000000000000000000e+00 0.000000000000000000e+00 0.000000000000000000e+00 0.000000000000000000e+00 0.000000000000000000e+00
0.000000000000000000e+00 0.000000000000000000e+00 0.000000000000000000e+00 0.000000000000000000e+00 0.000000000000000000e+00 0.000000000000000000e+00
0.000000000000000000e+00 0.000000000000000000e+00 0.000000000000000000e+00 0.000000000000000000e+00 0.000000000000000000e+00 0.000000000000000000e+00
0.000000000000000000e+00 0.000000000000000000e+00 0.000000000000000000e+00 0.000000000000000000e+00 0.000000000000000000e+00 0.000000000000000000e+00
0.000000000000000000e+00 0.000000000000000000e+00 0.000000000000000000e+00 0.000000000000000000e+00 0.000000000000000000e+00 0.000000000000000000e+00
0.000000000000000000e+00 0.000000000000000000e+00 0.000000000000000000e+00 0.000000000000000000e+00 0.000000000000000000e+00 0.000000000000000000e+00
0.000000000000000000e+00 0.000000000000000000e+00 0.000000000000000000e+00 0.000000000000000000e+00 0.000000000000000000e+00 0.000000000000000000e+00
0.000000000000000000e+00 0.000000000000000000e+00 0.000000000000000000e+00 0.000000000000000000e+00 0.000000000000000000e+00 0.000000000000000000e+00
0.000000000000000000e+00 0.000000000000000000e+00 0.000000000000000000e+00 0.000000000000000000e+00 0.000000000000000000e+00 0.000000000000000000e+00
0.000000000000000000e+00 0.000000000000000000e+00 0.000000000000000000e+00 0.000000000000000000e+00 0.000000000000000000e+00 0.000000000000000000e+00
0.000000000000000000e+00 0.000000000000000000e+00 0.000000000000000000e+00 0.000000000000000000e+00 0.000000000000000000e+00 0.000000000000000000e+00
0.000000000000000000e+00 0.000000000000000000e+00 0.000000000000000000e+00 0.000000000000000000e+00 0.000000000000000000e+00 0.000000000000000000e+00
0.000000000000000000e+00 0.000000000000000000e+00 0.000000000000000000e+00 0.000000000000000000e+00 0.000000000000000000e+00 0.000000000000000000e+00
0.000000000000000000e+00 0.000000000000000000e+00 0.000000000000000000e+00 0.000000000000000000e+00 0.000000000000000000e+00 0.000000000000000000e+00
0.000000000000000000e+00 0.000000000000000000e+00 0.000000000000000000e+00 0.000000000000000000e+00 0.000000000000000000e+00 0.000000000000000000e+00
0.000000000000000000e+00 0.000000000000000000e+00 0.000000000000000000e+00 0.000000000000000000e+00 0.000000000000000000e+00 0.000000000000000000e+00
0.000000000000000000e+00 0.000000000000000000e+00 0.000000000000000000e+00 0.000000000000000000e+00 0.000000000000000000e+00 0.000000000000000000e+00
0.000000000000000000e+00 0.000000000000000000e+00 0.000000000000000000e+00 0.000000000000000000e+00 0.000000000000000000e+00 0.000000000000000000e+00
0.000000000000000000e+00 0.000000000000000000e+00 0.000000000000000000e+00 0.000000000000000000e+00 0.000000000000000000e+00 0.000000000000000000e+00
0.000000000000000000e+00 0.000000000000000000e+00 0.000000000000000000e+00 0.000000000000000000e+00 0.000000000000000000e+00 0.000000000000000000e+00
3.545654937624931335e-02 2.422710135579109192e-02 3.562908992171287537e-02 4.992022737860679626e-02 3.314048424363136292e-02 0.000000000000000000e+00
7.091309875249862671e-02 4.845420271158218384e-02 7.125817984342575073e-02 9.984045475721359253e-02 6.628096848726272583e-02 0.000000000000000000e+00
1.063696518540382385e-01 7.268130034208297729e-02 1.068872734904289246e-01 1.497606784105300903e-01 9.942144900560379028e-02 0.000000000000000000e+00
1.418261975049972534e-01 9.690840542316436768e-02 1.425163596868515015e-01 1.996809095144271851e-01 1.325619369745254517e-01 0.000000000000000000e+00
1.772827506065368652e-01 1.211355030536651611e-01 1.781454533338546753e-01 2.496011406183242798e-01 1.657024174928665161e-01 0.000000000000000000e+00
2.127393037080764771e-01 1.453626006841659546e-01 2.137745469808578491e-01 2.995213568210601807e-01 1.988428980112075806e-01 0.000000000000000000e+00
2.481958568096160889e-01 1.695896983146667480e-01 2.494036406278610229e-01 3.494415879249572754e-01 2.319833934307098389e-01 0.000000000000000000e+00
2.836523950099945068e-01 1.938168108463287354e-01 2.850327193737030029e-01 3.993618190288543701e-01 2.651238739490509033e-01 0.000000000000000000e+00
3.191089630126953125e-01 2.180439084768295288e-01 3.206618130207061768e-01 4.492820501327514648e-01 2.982643544673919678e-01 0.000000000000000000e+00
3.545655012130737305e-01 2.422710061073303223e-01 3.562909066677093506e-01 4.992022812366485596e-01 3.314048349857330322e-01 0.000000000000000000e+00
3.900220394134521484e-01 2.664981186389923096e-01 3.919200003147125244e-01 5.491225123405456543e-01 3.645453155040740967e-01 0.000000000000000000e+00
4.254786074161529541e-01 2.907252013683319092e-01 4.275490939617156982e-01 5.990427136421203613e-01 3.976857960224151611e-01 0.000000000000000000e+00
4.609351456165313721e-01 3.149523138999938965e-01 4.631781876087188721e-01 6.489629745483398438e-01 4.308262765407562256e-01 0.000000000000000000e+00
4.963917136192321777e-01 3.391793966293334961e-01 4.988072812557220459e-01 6.988831758499145508e-01 4.639667868614196777e-01 0.000000000000000000e+00
5.318482518196105957e-01 3.634065091609954834e-01 5.344363451004028320e-01 7.488034367561340332e-01 4.971072673797607422e-01 0.000000000000000000e+00
5.673047900199890137e-01 3.876336216926574707e-01 5.700654387474060059e-01 7.987236380577087402e-01 5.302477478981018066e-01 0.000000000000000000e+00
6.027613282203674316e-01 4.118607044219970703e-01 6.056945323944091797e-01 8.486438989639282227e-01 5.633882284164428711e-01 0.000000000000000000e+00
6.382179260253906250e-01 4.360878169536590576e-01 6.413236260414123535e-01 8.985641002655029297e-01 5.965287089347839355e-01 0.000000000000000000e+00
6.736744642257690430e-01 4.603148996829986572e-01 6.769527196884155273e-01 9.484843611717224121e-01 6.296691894531250000e-01 0.000000000000000000e+00
7.091310024261474609e-01 4.845420122146606445e-01 7.125818133354187012e-01 9.984045624732971191e-01 6.628096699714660645e-01 0.000000000000000000e+00
7.445875406265258789e-01 5.087690949440002441e-01 7.482109069824218750e-01 1.048324823379516602e+00 6.959501504898071289e-01 0.000000000000000000e+00
7.800440788269042969e-01 5.329962372779846191e-01 7.838400006294250488e-01 1.098245024681091309e+00 7.290906310081481934e-01 0.000000000000000000e+00
8.155006766319274902e-01 5.572233200073242188e-01 8.194690942764282227e-01 1.148165225982666016e+00 7.622311115264892578e-01 0.000000000000000000e+00
8.509572148323059082e-01 5.814504027366638184e-01 8.550981879234313965e-01 1.198085427284240723e+00 7.953715920448303223e-01 0.000000000000000000e+00
8.864137530326843262e-01 6.056775450706481934e-01 8.907272815704345703e-01 1.248005747795104980e+00 8.285120725631713867e-01 0.000000000000000000e+00
9.218702912330627441e-01 6.299046277999877930e-01 9.263563752174377441e-01 1.297925949096679688e+00 8.616525530815124512e-01 0.000000000000000000e+00
9.573268294334411621e-01 6.541317105293273926e-01 9.619854688644409180e-01 1.347846150398254395e+00 8.947930335998535156e-01 0.000000000000000000e+00
9.927834272384643555e-01 6.783587932586669922e-01 9.976145625114440918e-01 1.397766351699829102e+00 9.279335737228393555e-01 0.000000000000000000e+00
1.028239965438842773e+00 7.025859355926513672e-01 1.033243656158447266e+00 1.447686672210693359e+00 9.610740542411804199e-01 0.000000000000000000e+00
1.063696503639221191e+00 7.268130183219909668e-01 1.068872690200805664e+00 1.497606873512268066e+00 9.942145347595214844e-01 0.000000000000000000e+00
1.093453049659729004e+00 7.102255225181579590e-01 1.074532389640808105e+00 1.448701381683349609e+00 9.615106582641601562e-01 0.000000000000000000e+00
1.123209595680236816e+00 6.936380863189697266e-01 1.080191969871520996e+00 1.399795889854431152e+00 9.288068413734436035e-01 0.000000000000000000e+00
1.152966260910034180e+00 6.770505905151367188e-01 1.085851550102233887e+00 1.350890398025512695e+00 8.961030244827270508e-01 0.000000000000000000e+00
1.182722806930541992e+00 6.604631543159484863e-01 1.091511249542236328e+00 1.301985025405883789e+00 8.633991479873657227e-01 0.000000000000000000e+00
1.212479352951049805e+00 6.438756585121154785e-01 1.097170829772949219e+00 1.253079533576965332e+00 8.306953310966491699e-01 0.000000000000000000e+00
1.242235898971557617e+00 6.272882223129272461e-01 1.102830410003662109e+00 1.204174041748046875e+00 7.979915142059326172e-01 0.000000000000000000e+00
1.271992444992065430e+00 6.107007265090942383e-01 1.108490109443664551e+00 1.155268549919128418e+00 7.652876377105712891e-01 0.000000000000000000e+00
1.301749110221862793e+00 5.941132307052612305e-01 1.114149689674377441e+00 1.106363177299499512e+00 7.325838208198547363e-01 0.000000000000000000e+00
1.331505656242370605e+00 5.775257945060729980e-01 1.119809269905090332e+00 1.057457685470581055e+00 6.998800039291381836e-01 0.000000000000000000e+00
1.361262202262878418e+00 5.609382987022399902e-01 1.125468969345092773e+00 1.008552193641662598e+00 6.671761274337768555e-01 0.000000000000000000e+00
1.391018748283386230e+00 5.443508625030517578e-01 1.131128549575805664e+00 9.596467018127441406e-01 6.344723105430603027e-01 0.000000000000000000e+00
1.420775294303894043e+00 5.277633666992187500e-01 1.136788129806518555e+00 9.107412695884704590e-01 6.017684936523437500e-01 0.000000000000000000e+00
1.450531840324401855e+00 5.111758708953857422e-01 1.142447829246520996e+00 8.618357777595520020e-01 5.690646171569824219e-01 0.000000000000000000e+00
1.480288505554199219e+00 4.945884346961975098e-01 1.148107409477233887e+00 8.129303455352783203e-01 5.363608002662658691e-01 0.000000000000000000e+00
1.510045051574707031e+00 4.780009686946868896e-01 1.153766989707946777e+00 7.640248537063598633e-01 5.036569833755493164e-01 0.000000000000000000e+00
1.539801597595214844e+00 4.614134728908538818e-01 1.159426689147949219e+00 7.151194214820861816e-01 4.709531366825103760e-01 0.000000000000000000e+00
1.569558143615722656e+00 4.448260068893432617e-01 1.165086269378662109e+00 6.662139296531677246e-01 4.382492899894714355e-01 0.000000000000000000e+00
1.599314689636230469e+00 4.282385408878326416e-01 1.170745849609375000e+00 6.173084378242492676e-01 4.055454432964324951e-01 0.000000000000000000e+00
1.629071354866027832e+00 4.116510748863220215e-01 1.176405549049377441e+00 5.684030055999755859e-01 3.728416264057159424e-01 0.000000000000000000e+00
1.658827900886535645e+00 3.950636088848114014e-01 1.182065129280090332e+00 5.194975137710571289e-01 3.401377797126770020e-01 0.000000000000000000e+00
1.688584446907043457e+00 3.784761428833007812e-01 1.187724709510803223e+00 4.705920517444610596e-01 3.074339330196380615e-01 0.000000000000000000e+00
1.718340992927551270e+00 3.618886470794677734e-01 1.193384408950805664e+00 4.216865897178649902e-01 2.747301161289215088e-01 0.000000000000000000e+00
1.748097538948059082e+00 3.453011810779571533e-01 1.199043989181518555e+00 3.727811276912689209e-01 2.420262694358825684e-01 0.000000000000000000e+00
1.777854204177856445e+00 3.287137150764465332e-01 1.204703569412231445e+00 3.238756656646728516e-01 2.093224227428436279e-01 0.000000000000000000e+00
1.807610750198364258e+00 3.121262490749359131e-01 1.210363268852233887e+00 2.749702036380767822e-01 1.766185909509658813e-01 0.000000000000000000e+00
1.837367296218872070e+00 2.955387830734252930e-01 1.216022849082946777e+00 2.260647267103195190e-01 1.439147591590881348e-01 0.000000000000000000e+00
1.867123842239379883e+00 2.789513170719146729e-01 1.221682429313659668e+00 1.771592646837234497e-01 1.112109199166297913e-01 0.000000000000000000e+00
1.896880388259887695e+00 2.623638212680816650e-01 1.227342128753662109e+00 1.282538026571273804e-01 7.850708067417144775e-02 0.000000000000000000e+00
1.926636934280395508e+00 2.457763701677322388e-01 1.233001708984375000e+00 7.934833317995071411e-02 4.580324515700340271e-02 0.000000000000000000e+00
1.956393599510192871e+00 2.291888892650604248e-01 1.238661289215087891e+00 3.044286370277404785e-02 1.309940684586763382e-02 0.000000000000000000e+00
1.952346205711364746e+00 2.430042624473571777e-01 1.226374268531799316e+00 5.280806869268417358e-02 6.644395738840103149e-02 0.000000000000000000e+00
1.948298931121826172e+00 2.568196356296539307e-01 1.214087128639221191e+00 7.517327368259429932e-02 1.197885125875473022e-01 0.000000000000000000e+00
1.944251537322998047e+00 2.706350088119506836e-01 1.201800107955932617e+00 9.753847122192382812e-02 1.731330603361129761e-01 0.000000000000000000e+00
1.940204262733459473e+00 2.844504117965698242e-01 1.189512968063354492e+00 1.199036762118339539e-01 2.264776080846786499e-01 0.000000000000000000e+00
1.936156868934631348e+00 2.982657849788665771e-01 1.177225947380065918e+00 1.422688812017440796e-01 2.798221707344055176e-01 0.000000000000000000e+00
1.932109594345092773e+00 3.120811581611633301e-01 1.164938807487487793e+00 1.646340787410736084e-01 3.331667184829711914e-01 0.000000000000000000e+00
1.928062200546264648e+00 3.258965313434600830e-01 1.152651786804199219e+00 1.869992911815643311e-01 3.865112662315368652e-01 0.000000000000000000e+00
1.924014925956726074e+00 3.397119045257568359e-01 1.140364646911621094e+00 2.093644887208938599e-01 4.398558139801025391e-01 0.000000000000000000e+00
1.919967532157897949e+00 3.535272777080535889e-01 1.128077626228332520e+00 2.317296862602233887e-01 4.932003617286682129e-01 0.000000000000000000e+00
1.915920257568359375e+00 3.673426508903503418e-01 1.115790605545043945e+00 2.540948987007141113e-01 5.465449094772338867e-01 0.000000000000000000e+00
1.911872863769531250e+00 3.811580240726470947e-01 1.103503465652465820e+00 2.764601111412048340e-01 5.998894572257995605e-01 0.000000000000000000e+00
1.907825589179992676e+00 3.949733972549438477e-01 1.091216444969177246e+00 2.988252937793731689e-01 6.532340049743652344e-01 0.000000000000000000e+00
1.903778195381164551e+00 4.087888002395629883e-01 1.078929305076599121e+00 3.211905062198638916e-01 7.065785527229309082e-01 0.000000000000000000e+00
1.899730920791625977e+00 4.226041734218597412e-01 1.066642284393310547e+00 3.435557186603546143e-01 7.599231600761413574e-01 0.000000000000000000e+00
1.895683526992797852e+00 4.364195466041564941e-01 1.054355144500732422e+00 3.659209012985229492e-01 8.132677078247070312e-01 0.000000000000000000e+00
1.891636252403259277e+00 4.502349197864532471e-01 1.042068123817443848e+00 3.882861137390136719e-01 8.666122555732727051e-01 0.000000000000000000e+00
1.887588858604431152e+00 4.640502929687500000e-01 1.029780983924865723e+00 4.106513261795043945e-01 9.199568033218383789e-01 0.000000000000000000e+00
1.883541584014892578e+00 4.778656661510467529e-01 1.017493963241577148e+00 4.330165088176727295e-01 9.733013510704040527e-01 0.000000000000000000e+00
1.879494190216064453e+00 4.916810393333435059e-01 1.005206823348999023e+00 4.553817212581634521e-01 1.026645898818969727e+00 0.000000000000000000e+00
1.875446915626525879e+00 5.054964423179626465e-01 9.929198026657104492e-01 4.777469336986541748e-01 1.079990386962890625e+00 0.000000000000000000e+00
1.871399521827697754e+00 5.193117856979370117e-01 9.806327223777770996e-01 5.001121163368225098e-01 1.133334994316101074e+00 0.000000000000000000e+00
1.867352247238159180e+00 5.331271886825561523e-01 9.683456420898437500e-01 5.224773287773132324e-01 1.186679601669311523e+00 0.000000000000000000e+00
1.863304853439331055e+00 5.469425320625305176e-01 9.560585618019104004e-01 5.448425412178039551e-01 1.240024089813232422e+00 0.000000000000000000e+00
1.859257578849792480e+00 5.607579350471496582e-01 9.437714815139770508e-01 5.672077536582946777e-01 1.293368697166442871e+00 0.000000000000000000e+00
1.855210185050964355e+00 5.745732784271240234e-01 9.314844012260437012e-01 5.895729660987854004e-01 1.346713185310363770e+00 0.000000000000000000e+00
1.851162791252136230e+00 5.883886814117431641e-01 9.191973209381103516e-01 6.119381189346313477e-01 1.400057792663574219e+00 0.000000000000000000e+00
1.847115516662597656e+00 6.022040843963623047e-01 9.069102406501770020e-01 6.343033313751220703e-01 1.453402280807495117e+00 0.000000000000000000e+00
1.843068122863769531e+00 6.160194277763366699e-01 8.946231603622436523e-01 6.566685438156127930e-01 1.506746888160705566e+00 0.000000000000000000e+00
1.839020848274230957e+00 6.298348307609558105e-01 8.823360800743103027e-01 6.790337562561035156e-01 1.560091376304626465e+00 0.000000000000000000e+00
1.834973454475402832e+00 6.436501741409301758e-01 8.700489997863769531e-01 7.013989686965942383e-01 1.613435983657836914e+00 0.000000000000000000e+00
1.873075723648071289e+00 6.892619729042053223e-01 8.473640084266662598e-01 7.719386219978332520e-01 1.559755802154541016e+00 0.000000000000000000e+00
1.911177873611450195e+00 7.348737716674804688e-01 8.246790170669555664e-01 8.424782752990722656e-01 1.506075620651245117e+00 0.000000000000000000e+00
1.949280142784118652e+00 7.804855704307556152e-01 8.019939661026000977e-01 9.130179286003112793e-01 1.452395439147949219e+00 0.000000000000000000e+00
1.987382292747497559e+00 8.260973691940307617e-01 7.793089747428894043e-01 9.835575819015502930e-01 1.398715138435363770e+00 0.000000000000000000e+00
2.025484561920166016e+00 8.717091679573059082e-01 7.566239833831787109e-01 1.054097175598144531e+00 1.345034956932067871e+00 0.000000000000000000e+00
2.063586711883544922e+00 9.173209667205810547e-01 7.339389920234680176e-01 1.124636888504028320e+00 1.291354775428771973e+00 0.000000000000000000e+00
2.101688861846923828e+00 9.629327654838562012e-01 7.112539410591125488e-01 1.195176482200622559e+00 1.237674593925476074e+00 0.000000000000000000e+00
2.139791250228881836e+00 1.008544564247131348e+00 6.885689496994018555e-01 1.265716195106506348e+00 1.183994412422180176e+00 0.000000000000000000e+00
2.177893400192260742e+00 1.054156303405761719e+00 6.658839583396911621e-01 1.336255788803100586e+00 1.130314230918884277e+00 0.000000000000000000e+00
2.215995550155639648e+00 1.099768161773681641e+00 6.431989073753356934e-01 1.406795501708984375e+00 1.076634049415588379e+00 0.000000000000000000e+00
2.254097700119018555e+00 1.145379900932312012e+00 6.205139160156250000e-01 1.477335095405578613e+00 1.022953867912292480e+00 0.000000000000000000e+00
2.292199850082397461e+00 1.190991759300231934e+00 5.978289246559143066e-01 1.547874808311462402e+00 9.692736864089965820e-01 0.000000000000000000e+00
2.330302238464355469e+00 1.236603498458862305e+00 5.751438736915588379e-01 1.618414402008056641e+00 9.155934453010559082e-01 0.000000000000000000e+00
2.368404388427734375e+00 1.282215237617492676e+00 5.524588823318481445e-01 1.688954114913940430e+00 8.619132637977600098e-01 0.000000000000000000e+00
2.406506538391113281e+00 1.327827095985412598e+00 5.297738909721374512e-01 1.759493708610534668e+00 8.082330822944641113e-01 0.000000000000000000e+00
2.444608688354492188e+00 1.373438835144042969e+00 5.070888996124267578e-01 1.830033421516418457e+00 7.545529007911682129e-01 0.000000000000000000e+00
2.482711076736450195e+00 1.419050693511962891e+00 4.844038784503936768e-01 1.900573015213012695e+00 7.008727192878723145e-01 0.000000000000000000e+00
2.520813226699829102e+00 1.464662432670593262e+00 4.617188572883605957e-01 1.971112728118896484e+00 6.471925377845764160e-01 0.000000000000000000e+00
2.558915376663208008e+00 1.510274291038513184e+00 4.390338659286499023e-01 2.041652441024780273e+00 5.935122966766357422e-01 0.000000000000000000e+00
2.597017526626586914e+00 1.555886030197143555e+00 4.163488447666168213e-01 2.112191915512084961e+00 5.398321151733398438e-01 0.000000000000000000e+00
2.635119676589965820e+00 1.601497888565063477e+00 3.936638236045837402e-01 2.182731628417968750e+00 4.861519336700439453e-01 0.000000000000000000e+00
2.673222064971923828e+00 1.647109627723693848e+00 3.709788322448730469e-01 2.253271341323852539e+00 4.324717521667480469e-01 0.000000000000000000e+00
2.711324214935302734e+00 1.692721486091613770e+00 3.482938110828399658e-01 2.323811054229736328e+00 3.787915408611297607e-01 0.000000000000000000e+00
2.749426364898681641e+00 1.738333225250244141e+00 3.256088197231292725e-01 2.394350528717041016e+00 3.251113593578338623e-01 0.000000000000000000e+00
2.787528514862060547e+00 1.783944964408874512e+00 3.029237985610961914e-01 2.464890241622924805e+00 2.714311778545379639e-01 0.000000000000000000e+00
2.825630903244018555e+00 1.829556822776794434e+00 2.802388072013854980e-01 2.535429954528808594e+00 2.177509814500808716e-01 0.000000000000000000e+00
2.863733053207397461e+00 1.875168561935424805e+00 2.575537860393524170e-01 2.605969667434692383e+00 1.640707850456237793e-01 0.000000000000000000e+00
2.901835203170776367e+00 1.920780420303344727e+00 2.348687797784805298e-01 2.676509141921997070e+00 1.103905960917472839e-01 0.000000000000000000e+00
2.939937353134155273e+00 1.966392159461975098e+00 2.121837735176086426e-01 2.747048854827880859e+00 5.671040713787078857e-02 0.000000000000000000e+00
2.978039503097534180e+00 2.012003898620605469e+00 1.894987523555755615e-01 2.817588567733764648e+00 3.030214225873351097e-03 0.000000000000000000e+00
2.944502592086791992e+00 1.958394646644592285e+00 2.758475840091705322e-01 2.811519861221313477e+00 3.395241219550371170e-03 0.000000000000000000e+00
2.910965442657470703e+00 1.904785275459289551e+00 3.621963858604431152e-01 2.805451154708862305e+00 3.760268213227391243e-03 0.000000000000000000e+00
2.877428293228149414e+00 1.851175904273986816e+00 4.485452175140380859e-01 2.799382448196411133e+00 4.125295206904411316e-03 0.000000000000000000e+00
2.843891143798828125e+00 1.797566533088684082e+00 5.348940491676330566e-01 2.793313741683959961e+00 4.490321967750787735e-03 0.000000000000000000e+00
2.810354232788085938e+00 1.743957161903381348e+00 6.212428808212280273e-01 2.787245035171508789e+00 4.855349194258451462e-03 0.000000000000000000e+00
2.776817083358764648e+00 1.690347790718078613e+00 7.075917124748229980e-01 2.781176328659057617e+00 5.220376420766115189e-03 0.000000000000000000e+00
2.743279933929443359e+00 1.636738419532775879e+00 7.939404845237731934e-01 2.775107622146606445e+00 5.585403181612491608e-03 0.000000000000000000e+00
2.709742784500122070e+00 1.583129048347473145e+00 8.802893161773681641e-01 2.769038915634155273e+00 5.950430408120155334e-03 0.000000000000000000e+00
2.676205873489379883e+00 1.529519677162170410e+00 9.666381478309631348e-01 2.762970209121704102e+00 6.315457168966531754e-03 0.000000000000000000e+00
2.642668724060058594e+00 1.475910305976867676e+00 1.052986979484558105e+00 2.756901502609252930e+00 6.680484395474195480e-03 0.000000000000000000e+00
2.609131574630737305e+00 1.422300934791564941e+00 1.139335751533508301e+00 2.750832796096801758e+00 7.045511156320571899e-03 0.000000000000000000e+00
2.575594425201416016e+00 1.368691563606262207e+00 1.225684642791748047e+00 2.744764089584350586e+00 7.410538382828235626e-03 0.000000000000000000e+00
2.542057514190673828e+00 1.315082192420959473e+00 1.312033414840698242e+00 2.738695383071899414e+00 7.775565143674612045e-03 0.000000000000000000e+00
2.508520364761352539e+00 1.261472821235656738e+00 1.398382306098937988e+00 2.732626438140869141e+00 8.140592835843563080e-03 0.000000000000000000e+00
2.474983215332031250e+00 1.207863450050354004e+00 1.484731078147888184e+00 2.726557731628417969e+00 8.505619131028652191e-03 0.000000000000000000e+00
2.441446065902709961e+00 1.154254078865051270e+00 1.571079850196838379e+00 2.720489025115966797e+00 8.870646357536315918e-03 0.000000000000000000e+00
2.407908916473388672e+00 1.100644707679748535e+00 1.657428741455078125e+00 2.714420318603515625e+00 9.235673584043979645e-03 0.000000000000000000e+00
2.374372005462646484e+00 1.047035336494445801e+00 1.743777513504028320e+00 2.708351612091064453e+00 9.600700810551643372e-03 0.000000000000000000e+00
2.340834856033325195e+00 9.934259057044982910e-01 1.830126404762268066e+00 2.702282905578613281e+00 9.965727105736732483e-03 0.000000000000000000e+00
2.307297706604003906e+00 9.398165345191955566e-01 1.916475176811218262e+00 2.696214199066162109e+00 1.033075433224439621e-02 0.000000000000000000e+00
2.273760557174682617e+00 8.862071633338928223e-01 2.002824068069458008e+00 2.690145492553710938e+00 1.069578155875205994e-02 0.000000000000000000e+00
2.240223646163940430e+00 8.325977921485900879e-01 2.089172840118408203e+00 2.684076786041259766e+00 1.106080878525972366e-02 0.000000000000000000e+00
2.206686496734619141e+00 7.789884209632873535e-01 2.175521612167358398e+00 2.678008079528808594e+00 1.142583601176738739e-02 0.000000000000000000e+00
2.173149347305297852e+00 7.253790497779846191e-01 2.261870384216308594e+00 2.671939373016357422e+00 1.179086230695247650e-02 0.000000000000000000e+00
2.139612197875976562e+00 6.717696785926818848e-01 2.348219394683837891e+00 2.665870666503906250e+00 1.215588953346014023e-02 0.000000000000000000e+00
2.106075286865234375e+00 6.181603074073791504e-01 2.434568166732788086e+00 2.659801959991455078e+00 1.252091675996780396e-02 0.000000000000000000e+00
2.072538137435913086e+00 5.645509362220764160e-01 2.520916938781738281e+00 2.653733253479003906e+00 1.288594398647546768e-02 0.000000000000000000e+00
2.039000988006591797e+00 5.109415650367736816e-01 2.607265710830688477e+00 2.647664546966552734e+00 1.325097028166055679e-02 0.000000000000000000e+00
2.005463838577270508e+00 4.573322236537933350e-01 2.693614482879638672e+00 2.641595840454101562e+00 1.361599750816822052e-02 0.000000000000000000e+00
1.971926808357238770e+00 4.037228524684906006e-01 2.779963493347167969e+00 2.635527133941650391e+00 1.398102473467588425e-02 0.000000000000000000e+00
1.971926808357238770e+00 4.037228524684906006e-01 2.779963493347167969e+00 2.635527133941650391e+00 1.398102473467588425e-02 0.000000000000000000e+00
1.971926808357238770e+00 4.037228524684906006e-01 2.779963493347167969e+00 2.635527133941650391e+00 1.398102473467588425e-02 0.000000000000000000e+00
1.971926808357238770e+00 4.037228524684906006e-01 2.779963493347167969e+00 2.635527133941650391e+00 1.398102473467588425e-02 0.000000000000000000e+00
1.971926808357238770e+00 4.037228524684906006e-01 2.779963493347167969e+00 2.635527133941650391e+00 1.398102473467588425e-02 0.000000000000000000e+00
1.971926808357238770e+00 4.037228524684906006e-01 2.779963493347167969e+00 2.635527133941650391e+00 1.398102473467588425e-02 0.000000000000000000e+00
1.971926808357238770e+00 4.037228524684906006e-01 2.779963493347167969e+00 2.635527133941650391e+00 1.398102473467588425e-02 0.000000000000000000e+00
1.971926808357238770e+00 4.037228524684906006e-01 2.779963493347167969e+00 2.635527133941650391e+00 1.398102473467588425e-02 0.000000000000000000e+00
1.971926808357238770e+00 4.037228524684906006e-01 2.779963493347167969e+00 2.635527133941650391e+00 1.398102473467588425e-02 0.000000000000000000e+00
1.971926808357238770e+00 4.037228524684906006e-01 2.779963493347167969e+00 2.635527133941650391e+00 1.398102473467588425e-02 0.000000000000000000e+00
1.971926808357238770e+00 4.037228524684906006e-01 2.779963493347167969e+00 2.635527133941650391e+00 1.398102473467588425e-02 0.000000000000000000e+00
1.971926808357238770e+00 4.037228524684906006e-01 2.779963493347167969e+00 2.635527133941650391e+00 1.398102473467588425e-02 0.000000000000000000e+00
1.971926808357238770e+00 4.037228524684906006e-01 2.779963493347167969e+00 2.635527133941650391e+00 1.398102473467588425e-02 0.000000000000000000e+00
1.971926808357238770e+00 4.037228524684906006e-01 2.779963493347167969e+00 2.635527133941650391e+00 1.398102473467588425e-02 0.000000000000000000e+00
1.971926808357238770e+00 4.037228524684906006e-01 2.779963493347167969e+00 2.635527133941650391e+00 1.398102473467588425e-02 0.000000000000000000e+00
1.971926808357238770e+00 4.037228524684906006e-01 2.779963493347167969e+00 2.635527133941650391e+00 1.398102473467588425e-02 0.000000000000000000e+00
1.971926808357238770e+00 4.037228524684906006e-01 2.779963493347167969e+00 2.635527133941650391e+00 1.398102473467588425e-02 0.000000000000000000e+00
1.971926808357238770e+00 4.037228524684906006e-01 2.779963493347167969e+00 2.635527133941650391e+00 1.398102473467588425e-02 0.000000000000000000e+00
1.971926808357238770e+00 4.037228524684906006e-01 2.779963493347167969e+00 2.635527133941650391e+00 1.398102473467588425e-02 0.000000000000000000e+00
1.971926808357238770e+00 4.037228524684906006e-01 2.779963493347167969e+00 2.635527133941650391e+00 1.398102473467588425e-02 0.000000000000000000e+00
1.971926808357238770e+00 4.037228524684906006e-01 2.779963493347167969e+00 2.635527133941650391e+00 1.398102473467588425e-02 0.000000000000000000e+00
1.971926808357238770e+00 4.037228524684906006e-01 2.779963493347167969e+00 2.635527133941650391e+00 1.398102473467588425e-02 0.000000000000000000e+00
1.971926808357238770e+00 4.037228524684906006e-01 2.779963493347167969e+00 2.635527133941650391e+00 1.398102473467588425e-02 0.000000000000000000e+00
1.971926808357238770e+00 4.037228524684906006e-01 2.779963493347167969e+00 2.635527133941650391e+00 1.398102473467588425e-02 0.000000000000000000e+00
1.971926808357238770e+00 4.037228524684906006e-01 2.779963493347167969e+00 2.635527133941650391e+00 1.398102473467588425e-02 0.000000000000000000e+00
1.971926808357238770e+00 4.037228524684906006e-01 2.779963493347167969e+00 2.635527133941650391e+00 1.398102473467588425e-02 0.000000000000000000e+00
1.971926808357238770e+00 4.037228524684906006e-01 2.779963493347167969e+00 2.635527133941650391e+00 1.398102473467588425e-02 0.000000000000000000e+00
1.971926808357238770e+00 4.037228524684906006e-01 2.779963493347167969e+00 2.635527133941650391e+00 1.398102473467588425e-02 0.000000000000000000e+00
1.971926808357238770e+00 4.037228524684906006e-01 2.779963493347167969e+00 2.635527133941650391e+00 1.398102473467588425e-02 0.000000000000000000e+00
1.971926808357238770e+00 4.037228524684906006e-01 2.779963493347167969e+00 2.635527133941650391e+00 1.398102473467588425e-02 0.000000000000000000e+00
1.971926808357238770e+00 4.037228524684906006e-01 2.779963493347167969e+00 2.635527133941650391e+00 1.398102473467588425e-02 0.000000000000000000e+00
1.971926808357238770e+00 4.037228524684906006e-01 2.779963493347167969e+00 2.635527133941650391e+00 1.398102473467588425e-02 0.000000000000000000e+00
1.971926808357238770e+00 4.037228524684906006e-01 2.779963493347167969e+00 2.635527133941650391e+00 1.398102473467588425e-02 0.000000000000000000e+00
1.971926808357238770e+00 4.037228524684906006e-01 2.779963493347167969e+00 2.635527133941650391e+00 1.398102473467588425e-02 0.000000000000000000e+00
1.971926808357238770e+00 4.037228524684906006e-01 2.779963493347167969e+00 2.635527133941650391e+00 1.398102473467588425e-02 0.000000000000000000e+00
1.971926808357238770e+00 4.037228524684906006e-01 2.779963493347167969e+00 2.635527133941650391e+00 1.398102473467588425e-02 0.000000000000000000e+00
1.971926808357238770e+00 4.037228524684906006e-01 2.779963493347167969e+00 2.635527133941650391e+00 1.398102473467588425e-02 0.000000000000000000e+00
1.971926808357238770e+00 4.037228524684906006e-01 2.779963493347167969e+00 2.635527133941650391e+00 1.398102473467588425e-02 0.000000000000000000e+00
1.971926808357238770e+00 4.037228524684906006e-01 2.779963493347167969e+00 2.635527133941650391e+00 1.398102473467588425e-02 0.000000000000000000e+00
1.971926808357238770e+00 4.037228524684906006e-01 2.779963493347167969e+00 2.635527133941650391e+00 1.398102473467588425e-02 0.000000000000000000e+00
1.971926808357238770e+00 4.037228524684906006e-01 2.779963493347167969e+00 2.635527133941650391e+00 1.398102473467588425e-02 0.000000000000000000e+00
1.971926808357238770e+00 4.037228524684906006e-01 2.779963493347167969e+00 2.635527133941650391e+00 1.398102473467588425e-02 0.000000000000000000e+00
1.971926808357238770e+00 4.037228524684906006e-01 2.779963493347167969e+00 2.635527133941650391e+00 1.398102473467588425e-02 0.000000000000000000e+00
1.971926808357238770e+00 4.037228524684906006e-01 2.779963493347167969e+00 2.635527133941650391e+00 1.398102473467588425e-02 0.000000000000000000e+00
1.971926808357238770e+00 4.037228524684906006e-01 2.779963493347167969e+00 2.635527133941650391e+00 1.398102473467588425e-02 0.000000000000000000e+00
1.971926808357238770e+00 4.037228524684906006e-01 2.779963493347167969e+00 2.635527133941650391e+00 1.398102473467588425e-02 0.000000000000000000e+00
1.971926808357238770e+00 4.037228524684906006e-01 2.779963493347167969e+00 2.635527133941650391e+00 1.398102473467588425e-02 0.000000000000000000e+00
1.971926808357238770e+00 4.037228524684906006e-01 2.779963493347167969e+00 2.635527133941650391e+00 1.398102473467588425e-02 0.000000000000000000e+00
1.971926808357238770e+00 4.037228524684906006e-01 2.779963493347167969e+00 2.635527133941650391e+00 1.398102473467588425e-02 0.000000000000000000e+00
1.971926808357238770e+00 4.037228524684906006e-01 2.779963493347167969e+00 2.635527133941650391e+00 1.398102473467588425e-02 0.000000000000000000e+00
1.971926808357238770e+00 4.037228524684906006e-01 2.779963493347167969e+00 2.635527133941650391e+00 1.398102473467588425e-02 0.000000000000000000e+00
1.971926808357238770e+00 4.037228524684906006e-01 2.779963493347167969e+00 2.635527133941650391e+00 1.398102473467588425e-02 0.000000000000000000e+00
1.971926808357238770e+00 4.037228524684906006e-01 2.779963493347167969e+00 2.635527133941650391e+00 1.398102473467588425e-02 0.000000000000000000e+00
1.971926808357238770e+00 4.037228524684906006e-01 2.779963493347167969e+00 2.635527133941650391e+00 1.398102473467588425e-02 0.000000000000000000e+00
1.971926808357238770e+00 4.037228524684906006e-01 2.779963493347167969e+00 2.635527133941650391e+00 1.398102473467588425e-02 0.000000000000000000e+00
1.971926808357238770e+00 4.037228524684906006e-01 2.779963493347167969e+00 2.635527133941650391e+00 1.398102473467588425e-02 0.000000000000000000e+00
1.971926808357238770e+00 4.037228524684906006e-01 2.779963493347167969e+00 2.635527133941650391e+00 1.398102473467588425e-02 0.000000000000000000e+00
1.971926808357238770e+00 4.037228524684906006e-01 2.779963493347167969e+00 2.635527133941650391e+00 1.398102473467588425e-02 0.000000000000000000e+00
1.971926808357238770e+00 4.037228524684906006e-01 2.779963493347167969e+00 2.635527133941650391e+00 1.398102473467588425e-02 0.000000000000000000e+00
1.971926808357238770e+00 4.037228524684906006e-01 2.779963493347167969e+00 2.635527133941650391e+00 1.398102473467588425e-02 0.000000000000000000e+00
1.971926808357238770e+00 4.037228524684906006e-01 2.779963493347167969e+00 2.635527133941650391e+00 1.398102473467588425e-02 0.000000000000000000e+00
