0.000000000000000000e+00 0.000000000000000000e+00 0.000000000000000000e+00 0.000000000000000000e+00 0.000000000000000000e+00 0.000000000000000000e+00
0.000000000000000000e+00 0.000000000000000000e+00 0.000000000000000000e+00 0.000000000000000000e+00 0.000000000000000000e+00 0.000000000000000000e+00
0.000000000000000000e+00 0.000000000000000000e+00 0.000000000000000000e+00 0.000000000000000000e+00 0.000000000000000000e+00 0.000000000000000000e+00
0.000000000000000000e+00 0.000000000000000000e+00 0.000000000000000000e+00 0.000000000000000000e+00 0.000000000000000000e+00 0.000000000000000000e+00
0.000000000000000000e+00 0.000000000000000000e+00 0.000000000000000000e+00 0.000000000000000000e+00 0.000000000000000000e+00 0.000000000000000000e+00
0.000000000000000000e+00 0.000000000000000000e+00 0.000000000000000000e+00 0.000000000000000000e+00 0.000000000000000000e+00 0.000000000000000000e+00
0.000000000000000000e+00 0.000000000000000000e+00 0.000000000000000000e+00 0.000000000000000000e+00 0.000000000000000000e+00 0.000000000000000000e+00
0.000000000000000000e+00 0.000000000000000000e+00 0.000000000000000000e+00 0.000000000000000000e+00 0.000000000000000000e+00 0.000000000000000000e+00
0.000000000000000000e+00 0.000000000000000000e+00 0.000000000000000000e+00 0.000000000000000000e+00 0.000000000000000000e+00 0.000000000000000000e+00
0.000000000000000000e+00 0.000000000000000000e+00 0.000000000000000000e+00 0.000000000000000000e+00 0.000000000000000000e+00 0.000000000000000000e+00
0.000000000000000000e+00 0.000000000000000000e+00 0.000000000000000000e+00 0.000000000000000000e+00 0.000000000000000000e+00 0.000000000000000000e+00
0.000000000000000000e+00 0.000000000000000000e+00 0.000000000000000000e+00 0.000000000000000000e+00 0.000000000000000000e+00 0.000000000000000000e+00
0.000000000000000000e+00 0.000000000000000000e+00 0.000000000000000000e+00 0.000000000000000000e+00 0.000000000000000000e+00 0.000000000000000000e+00
0.000000000000000000e+00 0.000000000000000000e+00 0.000000000000000000e+00 0.000000000000000000e+00 0.000000000000000000e+00 0.000000000000000000e+00
0.000000000000000000e+00 0.000000000000000000e+00 0.000000000000000000e+00 0.000000000000000000e+00 0.000000000000000000e+00 0.000000000000000000e+00
0.000000000000000000e+00 0.000000000000000000e+00 0.000000000000000000e+00 0.000000000000000000e+00 0.000000000000000000e+00 0.000000000000000000e+00
0.000000000000000000e+00 0.000000000000000000e+00 0.000000000000000000e+00 0.000000000000000000e+00 0.000000000000000000e+00 0.000000000000000000e+00
0.000000000000000000e+00 0.000000000000000000e+00 0.000000000000000000e+00 0.000000000000000000e+00 0.000000000000000000e+00 0.000000000000000000e+00
0.000000000000000000e+00 0.000000000000000000e+00 0.000000000000000000e+00 0.000000000000000000e+00 0.000000000000000000e+00 0.000000000000000000e+00
0.000000000000000000e+00 0.000000000000000000e+00 0.000000000000000000e+00 0.000000000000000000e+00 0.000000000000000000e+00 0.000000000000000000e+00
0.000000000000000000e+00 0.000000000000000000e+00 0.000000000000000000e+00 0.000000000000000000e+00 0.000000000000000000e+00 0.000000000000000000e+00
0.000000000000000000e+00 0.000000000000000000e+00 0.000000000000000000e+00 0.000000000000000000e+00 0.000000000000000000e+00 0.000000000000000000e+00
0.000000000000000000e+00 0.000000000000000000e+00 0.000000000000000000e+00 0.000000000000000000e+00 0.000000000000000000e+00 0.000000000000000000e+00
0.000000000000000000e+00 0.000000000000000000e+00 0.000000000000000000e+00 0.000000000000000000e+00 0.000000000000000000e+00 0.000000000000000000e+00
0.000000000000000000e+00 0.000000000000000000e+00 0.000000000000000000e+00 0.000000000000000000e+00 0.000000000000000000e+00 0.000000000000000000e+00
0.000000000000000000e+00 0.000000000000000000e+00 0.000000000000000000e+00 0.000000000000000000e+00 0.000000000000000000e+00 0.000000000000000000e+00
0.000000000000000000e+00 0.000000000000000000e+00 0.000000000000000000e+00 0.000000000000000000e+00 0.000000000000000000e+00 0.000000000000000000e+00
0.000000000000000000e+00 0.000000000000000000e+00 0.000000000000000000e+00 0.000000000000000000e+00 0.000000000000000000e+00 0.000000000000000000e+00
0.000000000000000000e+00 0.000000000000000000e+00 0.000000000000000000e+00 0.000000000000000000e+00 0.000000000000000000e+00 0.000000000000000000e+00
0.000000000000000000e+00 0.000000000000000000e+00 0.000000000000000000e+00 0.000000000000000000e+00 0.000000000000000000e+00 0.000000000000000000e+00
0.000000000000000000e+00 0.000000000000000000e+00 0.000000000000000000e+00 0.000000000000000000e+00 0.000000000000000000e+00 0.000000000000000000e+00
0.000000000000000000e+00 0.000000000000000000e+00 0.000000000000000000e+00 0.000000000000000000e+00 0.000000000000000000e+00 0.000000000000000000e+00
0.000000000000000000e+00 0.000000000000000000e+00 0.000000000000000000e+00 0.000000000000000000e+00 0.000000000000000000e+00 0.000000000000000000e+00
0.000000000000000000e+00 0.000000000000000000e+00 0.000000000000000000e+00 0.000000000000000000e+00 0.000000000000000000e+00 0.000000000000000000e+00
0.000000000000000000e+00 0.000000000000000000e+00 0.000000000000000000e+00 0.000000000000000000e+00 0.000000000000000000e+00 0.000000000000000000e+00
0.000000000000000000e+00 0.000000000000000000e+00 0.000000000000000000e+00 0.000000000000000000e+00 0.000000000000000000e+00 0.000000000000000000e+00
0.000000000000000000e+00 0.000000000000000000e+00 0.000000000000000000e+00 0.000000000000000000e+00 0.000000000000000000e+00 0.000000000000000000e+00
0.000000000000000000e+00 0.000000000000000000e+00 0.000000000000000000e+00 0.000000000000000000e+00 0.000000000000000000e+00 0.000000000000000000e+00
0.000000000000000000e+00 0.000000000000000000e+00 0.000000000000000000e+00 0.000000000000000000e+00 0.000000000000000000e+00 0.000000000000000000e+00
0.000000000000000000e+00 0.000000000000000000e+00 0.000000000000000000e+00 0.000000000000000000e+00 0.000000000000000000e+00 0.000000000000000000e+00
0.000000000000000000e+00 0.000000000000000000e+00 0.000000000000000000e+00 0.000000000000000000e+00 0.000000000000000000e+00 0.000000000000000000e+00
0.000000000000000000e+00 0.000000000000000000e+00 0.000000000000000000e+00 0.000000000000000000e+00 0.000000000000000000e+00 0.000000000000000000e+00
0.000000000000000000e+00 0.000000000000000000e+00 0.000000000000000000e+00 0.000000000000000000e+00 0.000000000000000000e+00 0.000000000000000000e+00
0.000000000000000000e+00 0.000000000000000000e+00 0.000000000000000000e+00 0.000000000000000000e+00 0.000000000000000000e+00 0.000000000000000000e+00
0.000000000000000000e+00 0.000000000000000000e+00 0.000000000000000000e+00 0.000000000000000000e+00 0.000000000000000000e+00 0.000000000000000000e+00
0.000000000000000000e+00 0.000000000000000000e+00 0.000000000000000000e+00 0.000000000000000000e+00 0.000000000000000000e+00 0.000000000000000000e+00
0.000000000000000000e+00 0.000000000000000000e+00 0.000000000000000000e+00 0.000000000000000000e+00 0.000000000000000000e+00 0.000000000000000000e+00
0.000000000000000000e+00 0.000000000000000000e+00 0.000000000000000000e+00 0.000000000000000000e+00 0.000000000000000000e+00 0.000000000000000000e+00
0.000000000000000000e+00 0.000000000000000000e+00 0.000000000000000000e+00 0.000000000000000000e+00 0.000000000000000000e+00 0.000000000000000000e+00
0.000000000000000000e+00 0.000000000000000000e+00 0.000000000000000000e+00 0.000000000000000000e+00 0.000000000000000000e+00 0.000000000000000000e+00
0.000000000000000000e+00 0.000000000000000000e+00 0.000000000000000000e+00 0.000000000000000000e+00 0.000000000000000000e+00 0.000000000000000000e+00
0.000000000000000000e+00 0.000000000000000000e+00 0.000000000000000000e+00 0.000000000000000000e+00 0.000000000000000000e+00 0.000000000000000000e+00
0.000000000000000000e+00 0.000000000000000000e+00 0.000000000000000000e+00 0.000000000000000000e+00 0.000000000000000000e+00 0.000000000000000000e+00
0.000000000000000000e+00 0.000000000000000000e+00 0.000000000000000000e+00 0.000000000000000000e+00 0.000000000000000000e+00 0.000000000000000000e+00
0.000000000000000000e+00 0.000000000000000000e+00 0.000000000000000000e+00 0.000000000000000000e+00 0.000000000000000000e+00 0.000000000000000000e+00
0.000000000000000000e+00 0.000000000000000000e+00 0.000000000000000000e+00 0.000000000000000000e+00 0.000000000000000000e+00 0.000000000000000000e+00
0.000000000000000000e+00 0.000000000000000000e+00 0.000000000000000000e+00 0.000000000000000000e+00 0.000000000000000000e+00 0.000000000000000000e+00
0.000000000000000000e+00 0.000000000000000000e+00 0.000000000000000000e+00 0.000000000000000000e+00 0.000000000000000000e+00 0.000000000000000000e+00
0.000000000000000000e+00 0.000000000000000000e+00 0.000000000000000000e+00 0.000000000000000000e+00 0.000000000000000000e+00 0.000000000000000000e+00
0.000000000000000000e+00 0.000000000000000000e+00 0.000000000000000000e+00 0.000000000000000000e+00 0.000000000000000000e+00 0.000000000000000000e+00
0.000000000000000000e+00 0.000000000000000000e+00 0.000000000000000000e+00 0.000000000000000000e+00 0.000000000000000000e+00 0.000000000000000000e+00
0.000000000000000000e+00 0.000000000000000000e+00 0.000000000000000000e+00 0.000000000000000000e+00 0.000000000000000000e+00 0.000000000000000000e+00
0.000000000000000000e+00 0.000000000000000000e+00 0.000000000000000000e+00 0.000000000000000000e+00 0.000000000000000000e+00 0.000000000000000000e+00
0.000000000000000000e+00 0.000000000000000000e+00 0.000000000000000000e+00 0.000000000000000000e+00 0.000000000000000000e+00 0.000000000000000000e+00
0.000000000000000000e+00 0.000000000000000000e+00 0.000000000000000000e+00 0.000000000000000000e+00 0.000000000000000000e+00 0.000000000000000000e+00
0.000000000000000000e+00 0.000000000000000000e+00 0.000000000000000000e+00 0.000000000000000000e+00 0.000000000000000000e+00 0.000000000000000000e+00
0.000000000000000000e+00 0.000000000000000000e+00 0.000000000000000000e+00 0.000000000000000000e+00 0.000000000000000000e+00 0.000000000000000000e+00
0.000000000000000000e+00 0.000000000000000000e+00 0.000000000000000000e+00 0.000000000000000000e+00 0.000000000000000000e+00 0.000000000000000000e+00
0.000000000000000000e+00 0.000000000000000000e+00 0.000000000000000000e+00 0.000000000000000000e+00 0.000000000000000000e+00 0.000000000000000000e+00
0.000000000000000000e+00 0.000000000000000000e+00 0.000000000000000000e+00 0.000000000000000000e+00 0.000000000000000000e+00 0.000000000000000000e+00
0.000000000000000000e+00 0.000000000000000000e+00 0.000000000000000000e+00 0.000000000000000000e+00 0.000000000000000000e+00 0.000000000000000000e+00
0.000000000000000000e+00 0.000000000000000000e+00 0.000000000000000000e+00 0.000000000000000000e+00 0.000000000000000000e+00 0.000000000000000000e+00
0.000000000000000000e+00 0.000000000000000000e+00 0.000000000000000000e+00 0.000000000000000000e+00 0.000000000000000000e+00 0.000000000000000000e+00
0.000000000000000000e+00 0.000000000000000000e+00 0.000000000000000000e+00 0.000000000000000000e+00 0.000000000000000000e+00 0.000000000000000000e+00
0.000000000000000000e+00 0.000000000000000000e+00 0.000000000000000000e+00 0.000000000000000000e+00 0.000000000000000000e+00 0.000000000000000000e+00
0.000000000000000000e+00 0.000000000000000000e+00 0.000000000000000000e+00 0.000000000000000000e+00 0.000000000000000000e+00 0.000000000000000000e+00
0.000000000000000000e+00 0.000000000000000000e+00 0.000000000000000000e+00 0.000000000000000000e+00 0.000000000000000000e+00 0.000000000000000000e+00
0.000000000000000000e+00 0.000000000000000000e+00 0.000000000000000000e+00 0.000000000000000000e+00 0.000000000000000000e+00 0.000000000000000000e+00
0.000000000000000000e+00 0.000000000000000000e+00 0.000000000000000000e+00 0.000000000000000000e+00 0.000000000000000000e+00 0.000000000000000000e+00
0.000000000000000000e+00 0.000000000000000000e+00 0.000000000000000000e+00 0.000000000000000000e+00 0.000000000000000000e+00 0.000000000000000000e+00
0.000000000000000000e+00 0.000000000000000000e+00 0.000000000000000000e+00 0.000000000000000000e+00 0.000000000000000000e+00 0.000000000000000000e+00
0.000000000000000000e+00 0.000000000000000000e+00 0.000000000000000000e+00 0.000000000000000000e+00 0.000000000000000000e+00 0.000000000000000000e+00
0.000000000000000000e+00 0.000000000000000000e+00 0.000000000000000000e+00 0.000000000000000000e+00 0.000000000000000000e+00 0.000000000000000000e+00
0.000000000000000000e+00 0.000000000000000000e+00 0.000000000000000000e+00 0.000000000000000000e+00 0.000000000000000000e+00 0.000000000000000000e+00
0.000000000000000000e+00 0.000000000000000000e+00 0.000000000000000000e+00 0.000000000000000000e+00 0.000000000000000000e+00 0.000000000000000000e+00
0.000000000000000000e+00 0.000000000000000000e+00 0.000000000000000000e+00 0.000000000000000000e+00 0.000000000000000000e+00 0.000000000000000000e+00
0.000000000000000000e+00 0.000000000000000000e+00 0.000000000000000000e+00 0.000000000000000000e+00 0.000000000000000000e+00 0.000000000000000000e+00
0.000000000000000000e+00 0.000000000000000000e+00 0.000000000000000000e+00 0.000000000000000000e+00 0.000000000000000000e+00 0.000000000000000000e+00
0.000000000000000000e+00 0.000000000000000000e+00 0.000000000000000000e+00 0.000000000000000000e+00 0.000000000000000000e+00 0.000000000000000000e+00
0.000000000000000000e+00 0.000000000000000000e+00 0.000000000000000000e+00 0.000000000000000000e+00 0.000000000000000000e+00 0.000000000000000000e+00
0.000000000000000000e+00 0.000000000000000000e+00 0.000000000000000000e+00 0.000000000000000000e+00 0.000000000000000000e+00 0.000000000000000000e+00
0.000000000000000000e+00 0.000000000000000000e+00 0.000000000000000000e+00 0.000000000000000000e+00 0.000000000000000000e+00 0.000000000000000000e+00
0.000000000000000000e+00 0.000000000000000000e+00 0.000000000000000000e+00 0.000000000000000000e+00 0.000000000000000000e+00 0.000000000000000000e+00
0.000000000000000000e+00 0.000000000000000000e+00 0.000000000000000000e+00 0.000000000000000000e+00 0.000000000000000000e+00 0.000000000000000000e+00
0.000000000000000000e+00 0.000000000000000000e+00 0.000000000000000000e+00 0.000000000000000000e+00 0.000000000000000000e+00 0.000000000000000000e+00
0.000000000000000000e+00 0.000000000000000000e+00 0.000000000000000000e+00 0.000000000000000000e+00 0.000000000000000000e+00 0.000000000000000000e+00
0.000000000000000000e+00 0.000000000000000000e+00 0.000000000000000000e+00 0.000000000000000000e+00 0.000000000000000000e+00 0.000000000000000000e+00
0.000000000000000000e+00 0.000000000000000000e+00 0.000000000000000000e+00 0.000000000000000000e+00 0.000000000000000000e+00 0.000000000000000000e+00
0.000000000000000000e+00 0.000000000000000000e+00 0.000000000000000000e+00 0.000000000000000000e+00 0.000000000000000000e+00 0.000000000000000000e+00
0.000000000000000000e+00 0.000000000000000000e+00 0.000000000000000000e+00 0.000000000000000000e+00 0.000000000000000000e+00 0.000000000000000000e+00
0.000000000000000000e+00 0.000000000000000000e+00 0.000000000000000000e+00 0.000000000000000000e+00 0.000000000000000000e+00 0.000000000000000000e+00
0.000000000000000000e+00 0.000000000000000000e+00 2.262263791635632515e-03 0.000000000000000000e+00 0.000000000000000000e+00 2.264517359435558319e-03
0.000000000000000000e+00 0.000000000000000000e+00 4.524527583271265030e-03 0.000000000000000000e+00 0.000000000000000000e+00 4.529034718871116638e-03
0.000000000000000000e+00 0.000000000000000000e+00 6.786791607737541199e-03 0.000000000000000000e+00 0.000000000000000000e+00 6.793551612645387650e-03
0.000000000000000000e+00 0.000000000000000000e+00 9.049055166542530060e-03 0.000000000000000000e+00 0.000000000000000000e+00 9.058069437742233276e-03
0.000000000000000000e+00 0.000000000000000000e+00 1.131131965667009354e-02 0.000000000000000000e+00 0.000000000000000000e+00 1.132258679717779160e-02
0.000000000000000000e+00 0.000000000000000000e+00 1.357358321547508240e-02 0.000000000000000000e+00 0.000000000000000000e+00 1.358710322529077530e-02
0.000000000000000000e+00 0.000000000000000000e+00 1.583584770560264587e-02 0.000000000000000000e+00 0.000000000000000000e+00 1.585162058472633362e-02
0.000000000000000000e+00 0.000000000000000000e+00 1.809811033308506012e-02 0.000000000000000000e+00 0.000000000000000000e+00 1.811613887548446655e-02
0.000000000000000000e+00 0.000000000000000000e+00 2.036037482321262360e-02 0.000000000000000000e+00 0.000000000000000000e+00 2.038065530359745026e-02
0.000000000000000000e+00 0.000000000000000000e+00 2.262263931334018707e-02 0.000000000000000000e+00 0.000000000000000000e+00 2.264517359435558319e-02
0.000000000000000000e+00 0.000000000000000000e+00 2.488490380346775055e-02 0.000000000000000000e+00 0.000000000000000000e+00 2.490969002246856689e-02
0.000000000000000000e+00 0.000000000000000000e+00 2.714716643095016479e-02 0.000000000000000000e+00 0.000000000000000000e+00 2.717420645058155060e-02
0.000000000000000000e+00 0.000000000000000000e+00 2.940943092107772827e-02 0.000000000000000000e+00 0.000000000000000000e+00 2.943872474133968353e-02
0.000000000000000000e+00 0.000000000000000000e+00 3.167169541120529175e-02 0.000000000000000000e+00 0.000000000000000000e+00 3.170324116945266724e-02
0.000000000000000000e+00 0.000000000000000000e+00 3.393395990133285522e-02 0.000000000000000000e+00 0.000000000000000000e+00 3.396775946021080017e-02
0.000000000000000000e+00 0.000000000000000000e+00 3.619622066617012024e-02 0.000000000000000000e+00 0.000000000000000000e+00 3.623227775096893311e-02
0.000000000000000000e+00 0.000000000000000000e+00 3.845848515629768372e-02 0.000000000000000000e+00 0.000000000000000000e+00 3.849679231643676758e-02
0.000000000000000000e+00 0.000000000000000000e+00 4.072074964642524719e-02 0.000000000000000000e+00 0.000000000000000000e+00 4.076131060719490051e-02
0.000000000000000000e+00 0.000000000000000000e+00 4.298301413655281067e-02 0.000000000000000000e+00 0.000000000000000000e+00 4.302582889795303345e-02
0.000000000000000000e+00 0.000000000000000000e+00 4.524527862668037415e-02 0.000000000000000000e+00 0.000000000000000000e+00 4.529034718871116638e-02
0.000000000000000000e+00 0.000000000000000000e+00 4.750754311680793762e-02 0.000000000000000000e+00 0.000000000000000000e+00 4.755486175417900085e-02
0.000000000000000000e+00 0.000000000000000000e+00 4.976980760693550110e-02 0.000000000000000000e+00 0.000000000000000000e+00 4.981938004493713379e-02
0.000000000000000000e+00 0.000000000000000000e+00 5.203206837177276611e-02 0.000000000000000000e+00 0.000000000000000000e+00 5.208389833569526672e-02
0.000000000000000000e+00 0.000000000000000000e+00 5.429433286190032959e-02 0.000000000000000000e+00 0.000000000000000000e+00 5.434841290116310120e-02
0.000000000000000000e+00 0.000000000000000000e+00 5.655659735202789307e-02 0.000000000000000000e+00 0.000000000000000000e+00 5.661293119192123413e-02
0.000000000000000000e+00 0.000000000000000000e+00 5.881886184215545654e-02 0.000000000000000000e+00 0.000000000000000000e+00 5.887744948267936707e-02
0.000000000000000000e+00 0.000000000000000000e+00 6.108112633228302002e-02 0.000000000000000000e+00 0.000000000000000000e+00 6.114196777343750000e-02
0.000000000000000000e+00 0.000000000000000000e+00 6.334339082241058350e-02 0.000000000000000000e+00 0.000000000000000000e+00 6.340648233890533447e-02
0.000000000000000000e+00 0.000000000000000000e+00 6.560565531253814697e-02 0.000000000000000000e+00 0.000000000000000000e+00 6.567100435495376587e-02
0.000000000000000000e+00 0.000000000000000000e+00 6.786791980266571045e-02 0.000000000000000000e+00 0.000000000000000000e+00 6.793551892042160034e-02
0.000000000000000000e+00 0.000000000000000000e+00 7.013018429279327393e-02 0.000000000000000000e+00 0.000000000000000000e+00 7.020003348588943481e-02
0.000000000000000000e+00 0.000000000000000000e+00 7.239244133234024048e-02 0.000000000000000000e+00 0.000000000000000000e+00 7.246455550193786621e-02
0.000000000000000000e+00 0.000000000000000000e+00 7.465470582246780396e-02 0.000000000000000000e+00 0.000000000000000000e+00 7.472907006740570068e-02
0.000000000000000000e+00 0.000000000000000000e+00 7.691697031259536743e-02 0.000000000000000000e+00 0.000000000000000000e+00 7.699358463287353516e-02
0.000000000000000000e+00 0.000000000000000000e+00 7.917923480272293091e-02 0.000000000000000000e+00 0.000000000000000000e+00 7.925810664892196655e-02
0.000000000000000000e+00 0.000000000000000000e+00 8.144149929285049438e-02 0.000000000000000000e+00 0.000000000000000000e+00 8.152262121438980103e-02
0.000000000000000000e+00 0.000000000000000000e+00 8.370376378297805786e-02 0.000000000000000000e+00 0.000000000000000000e+00 8.378713577985763550e-02
0.000000000000000000e+00 0.000000000000000000e+00 8.596602827310562134e-02 0.000000000000000000e+00 0.000000000000000000e+00 8.605165779590606689e-02
0.000000000000000000e+00 0.000000000000000000e+00 8.822829276323318481e-02 0.000000000000000000e+00 0.000000000000000000e+00 8.831617236137390137e-02
0.000000000000000000e+00 0.000000000000000000e+00 9.049055725336074829e-02 0.000000000000000000e+00 0.000000000000000000e+00 9.058069437742233276e-02
0.000000000000000000e+00 0.000000000000000000e+00 9.275282174348831177e-02 0.000000000000000000e+00 0.000000000000000000e+00 9.284520894289016724e-02
0.000000000000000000e+00 0.000000000000000000e+00 9.501508623361587524e-02 0.000000000000000000e+00 0.000000000000000000e+00 9.510972350835800171e-02
0.000000000000000000e+00 0.000000000000000000e+00 9.727735072374343872e-02 0.000000000000000000e+00 0.000000000000000000e+00 9.737424552440643311e-02
0.000000000000000000e+00 0.000000000000000000e+00 9.953961521387100220e-02 0.000000000000000000e+00 0.000000000000000000e+00 9.963876008987426758e-02
0.000000000000000000e+00 0.000000000000000000e+00 1.018018722534179688e-01 0.000000000000000000e+00 0.000000000000000000e+00 1.019032746553421021e-01
0.000000000000000000e+00 0.000000000000000000e+00 1.040641367435455322e-01 0.000000000000000000e+00 0.000000000000000000e+00 1.041677966713905334e-01
0.000000000000000000e+00 0.000000000000000000e+00 1.063264012336730957e-01 0.000000000000000000e+00 0.000000000000000000e+00 1.064323112368583679e-01
0.000000000000000000e+00 0.000000000000000000e+00 1.085886657238006592e-01 0.000000000000000000e+00 0.000000000000000000e+00 1.086968258023262024e-01
0.000000000000000000e+00 0.000000000000000000e+00 1.108509302139282227e-01 0.000000000000000000e+00 0.000000000000000000e+00 1.109613478183746338e-01
0.000000000000000000e+00 0.000000000000000000e+00 1.131131947040557861e-01 0.000000000000000000e+00 0.000000000000000000e+00 1.132258623838424683e-01
0.000000000000000000e+00 0.000000000000000000e+00 1.153754591941833496e-01 0.000000000000000000e+00 0.000000000000000000e+00 1.154903843998908997e-01
0.000000000000000000e+00 0.000000000000000000e+00 1.176377236843109131e-01 0.000000000000000000e+00 0.000000000000000000e+00 1.177548989653587341e-01
0.000000000000000000e+00 0.000000000000000000e+00 1.198999881744384766e-01 0.000000000000000000e+00 0.000000000000000000e+00 1.200194135308265686e-01
0.000000000000000000e+00 0.000000000000000000e+00 1.221622526645660400e-01 0.000000000000000000e+00 0.000000000000000000e+00 1.222839355468750000e-01
0.000000000000000000e+00 0.000000000000000000e+00 1.244245171546936035e-01 0.000000000000000000e+00 0.000000000000000000e+00 1.245484501123428345e-01
0.000000000000000000e+00 0.000000000000000000e+00 1.266867816448211670e-01 0.000000000000000000e+00 0.000000000000000000e+00 1.268129646778106689e-01
0.000000000000000000e+00 0.000000000000000000e+00 1.289490461349487305e-01 0.000000000000000000e+00 0.000000000000000000e+00 1.290774792432785034e-01
0.000000000000000000e+00 0.000000000000000000e+00 1.312113106250762939e-01 0.000000000000000000e+00 0.000000000000000000e+00 1.313420087099075317e-01
0.000000000000000000e+00 0.000000000000000000e+00 1.334735751152038574e-01 0.000000000000000000e+00 0.000000000000000000e+00 1.336065232753753662e-01
0.000000000000000000e+00 0.000000000000000000e+00 1.357358396053314209e-01 0.000000000000000000e+00 0.000000000000000000e+00 1.358710378408432007e-01
0.000000000000000000e+00 0.000000000000000000e+00 1.357358396053314209e-01 0.000000000000000000e+00 0.000000000000000000e+00 1.358710378408432007e-01
0.000000000000000000e+00 0.000000000000000000e+00 1.357358396053314209e-01 0.000000000000000000e+00 0.000000000000000000e+00 1.358710378408432007e-01
0.000000000000000000e+00 0.000000000000000000e+00 1.357358396053314209e-01 0.000000000000000000e+00 0.000000000000000000e+00 1.358710378408432007e-01
0.000000000000000000e+00 0.000000000000000000e+00 1.357358396053314209e-01 0.000000000000000000e+00 0.000000000000000000e+00 1.358710378408432007e-01
0.000000000000000000e+00 0.000000000000000000e+00 1.357358396053314209e-01 0.000000000000000000e+00 0.000000000000000000e+00 1.358710378408432007e-01
0.000000000000000000e+00 0.000000000000000000e+00 1.357358396053314209e-01 0.000000000000000000e+00 0.000000000000000000e+00 1.358710378408432007e-01
0.000000000000000000e+00 0.000000000000000000e+00 1.357358396053314209e-01 0.000000000000000000e+00 0.000000000000000000e+00 1.358710378408432007e-01
0.000000000000000000e+00 0.000000000000000000e+00 1.357358396053314209e-01 0.000000000000000000e+00 0.000000000000000000e+00 1.358710378408432007e-01
0.000000000000000000e+00 0.000000000000000000e+00 1.357358396053314209e-01 0.000000000000000000e+00 0.000000000000000000e+00 1.358710378408432007e-01
0.000000000000000000e+00 0.000000000000000000e+00 1.357358396053314209e-01 0.000000000000000000e+00 0.000000000000000000e+00 1.358710378408432007e-01
0.000000000000000000e+00 0.000000000000000000e+00 1.357358396053314209e-01 0.000000000000000000e+00 0.000000000000000000e+00 1.358710378408432007e-01
0.000000000000000000e+00 0.000000000000000000e+00 1.357358396053314209e-01 0.000000000000000000e+00 0.000000000000000000e+00 1.358710378408432007e-01
0.000000000000000000e+00 0.000000000000000000e+00 1.357358396053314209e-01 0.000000000000000000e+00 0.000000000000000000e+00 1.358710378408432007e-01
0.000000000000000000e+00 0.000000000000000000e+00 1.357358396053314209e-01 0.000000000000000000e+00 0.000000000000000000e+00 1.358710378408432007e-01
0.000000000000000000e+00 0.000000000000000000e+00 1.357358396053314209e-01 0.000000000000000000e+00 0.000000000000000000e+00 1.358710378408432007e-01
0.000000000000000000e+00 0.000000000000000000e+00 1.357358396053314209e-01 0.000000000000000000e+00 0.000000000000000000e+00 1.358710378408432007e-01
0.000000000000000000e+00 0.000000000000000000e+00 1.357358396053314209e-01 0.000000000000000000e+00 0.000000000000000000e+00 1.358710378408432007e-01
0.000000000000000000e+00 0.000000000000000000e+00 1.357358396053314209e-01 0.000000000000000000e+00 0.000000000000000000e+00 1.358710378408432007e-01
0.000000000000000000e+00 0.000000000000000000e+00 1.357358396053314209e-01 0.000000000000000000e+00 0.000000000000000000e+00 1.358710378408432007e-01
0.000000000000000000e+00 0.000000000000000000e+00 1.357358396053314209e-01 0.000000000000000000e+00 0.000000000000000000e+00 1.358710378408432007e-01
0.000000000000000000e+00 0.000000000000000000e+00 1.357358396053314209e-01 0.000000000000000000e+00 0.000000000000000000e+00 1.358710378408432007e-01
0.000000000000000000e+00 0.000000000000000000e+00 1.357358396053314209e-01 0.000000000000000000e+00 0.000000000000000000e+00 1.358710378408432007e-01
0.000000000000000000e+00 0.000000000000000000e+00 1.357358396053314209e-01 0.000000000000000000e+00 0.000000000000000000e+00 1.358710378408432007e-01
0.000000000000000000e+00 0.000000000000000000e+00 1.357358396053314209e-01 0.000000000000000000e+00 0.000000000000000000e+00 1.358710378408432007e-01
0.000000000000000000e+00 0.000000000000000000e+00 1.357358396053314209e-01 0.000000000000000000e+00 0.000000000000000000e+00 1.358710378408432007e-01
0.000000000000000000e+00 0.000000000000000000e+00 1.357358396053314209e-01 0.000000000000000000e+00 0.000000000000000000e+00 1.358710378408432007e-01
0.000000000000000000e+00 0.000000000000000000e+00 1.357358396053314209e-01 0.000000000000000000e+00 0.000000000000000000e+00 1.358710378408432007e-01
0.000000000000000000e+00 0.000000000000000000e+00 1.357358396053314209e-01 0.000000000000000000e+00 0.000000000000000000e+00 1.358710378408432007e-01
0.000000000000000000e+00 0.000000000000000000e+00 1.357358396053314209e-01 0.000000000000000000e+00 0.000000000000000000e+00 1.358710378408432007e-01
0.000000000000000000e+00 0.000000000000000000e+00 1.357358396053314209e-01 0.000000000000000000e+00 0.000000000000000000e+00 1.358710378408432007e-01
0.000000000000000000e+00 0.000000000000000000e+00 1.357358396053314209e-01 0.000000000000000000e+00 0.000000000000000000e+00 1.358710378408432007e-01
0.000000000000000000e+00 0.000000000000000000e+00 1.357358396053314209e-01 0.000000000000000000e+00 0.000000000000000000e+00 1.358710378408432007e-01
0.000000000000000000e+00 0.000000000000000000e+00 1.357358396053314209e-01 0.000000000000000000e+00 0.000000000000000000e+00 1.358710378408432007e-01
0.000000000000000000e+00 0.000000000000000000e+00 1.357358396053314209e-01 0.000000000000000000e+00 0.000000000000000000e+00 1.358710378408432007e-01
0.000000000000000000e+00 0.000000000000000000e+00 1.357358396053314209e-01 0.000000000000000000e+00 0.000000000000000000e+00 1.358710378408432007e-01
0.000000000000000000e+00 0.000000000000000000e+00 1.357358396053314209e-01 0.000000000000000000e+00 0.000000000000000000e+00 1.358710378408432007e-01
0.000000000000000000e+00 0.000000000000000000e+00 1.357358396053314209e-01 0.000000000000000000e+00 0.000000000000000000e+00 1.358710378408432007e-01
0.000000000000000000e+00 0.000000000000000000e+00 1.357358396053314209e-01 0.000000000000000000e+00 0.000000000000000000e+00 1.358710378408432007e-01
0.000000000000000000e+00 0.000000000000000000e+00 1.357358396053314209e-01 0.000000000000000000e+00 0.000000000000000000e+00 1.358710378408432007e-01
0.000000000000000000e+00 0.000000000000000000e+00 1.357358396053314209e-01 0.000000000000000000e+00 0.000000000000000000e+00 1.358710378408432007e-01
0.000000000000000000e+00 0.000000000000000000e+00 1.357358396053314209e-01 0.000000000000000000e+00 0.000000000000000000e+00 1.358710378408432007e-01
0.000000000000000000e+00 0.000000000000000000e+00 1.357358396053314209e-01 0.000000000000000000e+00 0.000000000000000000e+00 1.358710378408432007e-01
0.000000000000000000e+00 0.000000000000000000e+00 1.357358396053314209e-01 0.000000000000000000e+00 0.000000000000000000e+00 1.358710378408432007e-01
0.000000000000000000e+00 0.000000000000000000e+00 1.357358396053314209e-01 0.000000000000000000e+00 0.000000000000000000e+00 1.358710378408432007e-01
0.000000000000000000e+00 0.000000000000000000e+00 1.357358396053314209e-01 0.000000000000000000e+00 0.000000000000000000e+00 1.358710378408432007e-01
0.000000000000000000e+00 0.000000000000000000e+00 1.357358396053314209e-01 0.000000000000000000e+00 0.000000000000000000e+00 1.358710378408432007e-01
0.000000000000000000e+00 0.000000000000000000e+00 1.357358396053314209e-01 0.000000000000000000e+00 0.000000000000000000e+00 1.358710378408432007e-01
0.000000000000000000e+00 0.000000000000000000e+00 1.357358396053314209e-01 0.000000000000000000e+00 0.000000000000000000e+00 1.358710378408432007e-01
0.000000000000000000e+00 0.000000000000000000e+00 1.357358396053314209e-01 0.000000000000000000e+00 0.000000000000000000e+00 1.358710378408432007e-01
0.000000000000000000e+00 0.000000000000000000e+00 1.357358396053314209e-01 0.000000000000000000e+00 0.000000000000000000e+00 1.358710378408432007e-01
0.000000000000000000e+00 0.000000000000000000e+00 1.357358396053314209e-01 0.000000000000000000e+00 0.000000000000000000e+00 1.358710378408432007e-01
0.000000000000000000e+00 0.000000000000000000e+00 1.357358396053314209e-01 0.000000000000000000e+00 0.000000000000000000e+00 1.358710378408432007e-01
0.000000000000000000e+00 0.000000000000000000e+00 1.357358396053314209e-01 0.000000000000000000e+00 0.000000000000000000e+00 1.358710378408432007e-01
0.000000000000000000e+00 0.000000000000000000e+00 1.357358396053314209e-01 0.000000000000000000e+00 0.000000000000000000e+00 1.358710378408432007e-01
0.000000000000000000e+00 0.000000000000000000e+00 1.357358396053314209e-01 0.000000000000000000e+00 0.000000000000000000e+00 1.358710378408432007e-01
0.000000000000000000e+00 0.000000000000000000e+00 1.357358396053314209e-01 0.000000000000000000e+00 0.000000000000000000e+00 1.358710378408432007e-01
0.000000000000000000e+00 0.000000000000000000e+00 1.357358396053314209e-01 0.000000000000000000e+00 0.000000000000000000e+00 1.358710378408432007e-01
0.000000000000000000e+00 0.000000000000000000e+00 1.357358396053314209e-01 0.000000000000000000e+00 0.000000000000000000e+00 1.358710378408432007e-01
0.000000000000000000e+00 0.000000000000000000e+00 1.357358396053314209e-01 0.000000000000000000e+00 0.000000000000000000e+00 1.358710378408432007e-01
0.000000000000000000e+00 0.000000000000000000e+00 1.357358396053314209e-01 0.000000000000000000e+00 0.000000000000000000e+00 1.358710378408432007e-01
0.000000000000000000e+00 0.000000000000000000e+00 1.357358396053314209e-01 0.000000000000000000e+00 0.000000000000000000e+00 1.358710378408432007e-01
0.000000000000000000e+00 0.000000000000000000e+00 1.357358396053314209e-01 0.000000000000000000e+00 0.000000000000000000e+00 1.358710378408432007e-01
0.000000000000000000e+00 0.000000000000000000e+00 1.357358396053314209e-01 0.000000000000000000e+00 0.000000000000000000e+00 1.358710378408432007e-01
0.000000000000000000e+00 0.000000000000000000e+00 1.357358396053314209e-01 0.000000000000000000e+00 0.000000000000000000e+00 1.358710378408432007e-01
0.000000000000000000e+00 0.000000000000000000e+00 1.357358396053314209e-01 0.000000000000000000e+00 0.000000000000000000e+00 1.358710378408432007e-01
0.000000000000000000e+00 0.000000000000000000e+00 1.357358396053314209e-01 0.000000000000000000e+00 0.000000000000000000e+00 1.358710378408432007e-01
0.000000000000000000e+00 0.000000000000000000e+00 1.357358396053314209e-01 0.000000000000000000e+00 0.000000000000000000e+00 1.358710378408432007e-01
0.000000000000000000e+00 0.000000000000000000e+00 1.357358396053314209e-01 0.000000000000000000e+00 0.000000000000000000e+00 1.358710378408432007e-01
0.000000000000000000e+00 0.000000000000000000e+00 1.357358396053314209e-01 0.000000000000000000e+00 0.000000000000000000e+00 1.358710378408432007e-01
0.000000000000000000e+00 0.000000000000000000e+00 1.357358396053314209e-01 0.000000000000000000e+00 0.000000000000000000e+00 1.358710378408432007e-01
0.000000000000000000e+00 0.000000000000000000e+00 1.357358396053314209e-01 0.000000000000000000e+00 0.000000000000000000e+00 1.358710378408432007e-01
0.000000000000000000e+00 0.000000000000000000e+00 1.357358396053314209e-01 0.000000000000000000e+00 0.000000000000000000e+00 1.358710378408432007e-01
0.000000000000000000e+00 0.000000000000000000e+00 1.357358396053314209e-01 0.000000000000000000e+00 0.000000000000000000e+00 1.358710378408432007e-01
0.000000000000000000e+00 0.000000000000000000e+00 1.357358396053314209e-01 0.000000000000000000e+00 0.000000000000000000e+00 1.358710378408432007e-01
0.000000000000000000e+00 0.000000000000000000e+00 1.357358396053314209e-01 0.000000000000000000e+00 0.000000000000000000e+00 1.358710378408432007e-01
0.000000000000000000e+00 0.000000000000000000e+00 1.357358396053314209e-01 0.000000000000000000e+00 0.000000000000000000e+00 1.358710378408432007e-01
0.000000000000000000e+00 0.000000000000000000e+00 1.357358396053314209e-01 0.000000000000000000e+00 0.000000000000000000e+00 1.358710378408432007e-01
0.000000000000000000e+00 0.000000000000000000e+00 1.357358396053314209e-01 0.000000000000000000e+00 0.000000000000000000e+00 1.358710378408432007e-01
0.000000000000000000e+00 0.000000000000000000e+00 1.357358396053314209e-01 0.000000000000000000e+00 0.000000000000000000e+00 1.358710378408432007e-01
0.000000000000000000e+00 0.000000000000000000e+00 1.357358396053314209e-01 0.000000000000000000e+00 0.000000000000000000e+00 1.358710378408432007e-01
0.000000000000000000e+00 0.000000000000000000e+00 1.357358396053314209e-01 0.000000000000000000e+00 0.000000000000000000e+00 1.358710378408432007e-01
0.000000000000000000e+00 0.000000000000000000e+00 1.357358396053314209e-01 0.000000000000000000e+00 0.000000000000000000e+00 1.358710378408432007e-01
0.000000000000000000e+00 0.000000000000000000e+00 1.357358396053314209e-01 0.000000000000000000e+00 0.000000000000000000e+00 1.358710378408432007e-01
0.000000000000000000e+00 0.000000000000000000e+00 1.357358396053314209e-01 0.000000000000000000e+00 0.000000000000000000e+00 1.358710378408432007e-01
0.000000000000000000e+00 0.000000000000000000e+00 1.357358396053314209e-01 0.000000000000000000e+00 0.000000000000000000e+00 1.358710378408432007e-01
0.000000000000000000e+00 0.000000000000000000e+00 1.357358396053314209e-01 0.000000000000000000e+00 0.000000000000000000e+00 1.358710378408432007e-01
0.000000000000000000e+00 0.000000000000000000e+00 1.357358396053314209e-01 0.000000000000000000e+00 0.000000000000000000e+00 1.358710378408432007e-01
0.000000000000000000e+00 0.000000000000000000e+00 1.357358396053314209e-01 0.000000000000000000e+00 0.000000000000000000e+00 1.358710378408432007e-01
0.000000000000000000e+00 0.000000000000000000e+00 1.357358396053314209e-01 0.000000000000000000e+00 0.000000000000000000e+00 1.358710378408432007e-01
0.000000000000000000e+00 0.000000000000000000e+00 1.357358396053314209e-01 0.000000000000000000e+00 0.000000000000000000e+00 1.358710378408432007e-01
