0.000000000000000000e+00 0.000000000000000000e+00 0.000000000000000000e+00 0.000000000000000000e+00 0.000000000000000000e+00 0.000000000000000000e+00
0.000000000000000000e+00 0.000000000000000000e+00 0.000000000000000000e+00 0.000000000000000000e+00 0.000000000000000000e+00 0.000000000000000000e+00
0.000000000000000000e+00 0.000000000000000000e+00 0.000000000000000000e+00 0.000000000000000000e+00 0.000000000000000000e+00 0.000000000000000000e+00
0.000000000000000000e+00 0.000000000000000000e+00 0.000000000000000000e+00 0.000000000000000000e+00 0.000000000000000000e+00 0.000000000000000000e+00
0.000000000000000000e+00 0.000000000000000000e+00 0.000000000000000000e+00 0.000000000000000000e+00 0.000000000000000000e+00 0.000000000000000000e+00
0.000000000000000000e+00 0.000000000000000000e+00 0.000000000000000000e+00 0.000000000000000000e+00 0.000000000000000000e+00 0.000000000000000000e+00
0.000000000000000000e+00 0.000000000000000000e+00 0.000000000000000000e+00 0.000000000000000000e+00 0.000000000000000000e+00 0.000000000000000000e+00
0.000000000000000000e+00 0.000000000000000000e+00 0.000000000000000000e+00 0.000000000000000000e+00 0.000000000000000000e+00 0.000000000000000000e+00
0.000000000000000000e+00 0.000000000000000000e+00 0.000000000000000000e+00 0.000000000000000000e+00 0.000000000000000000e+00 0.000000000000000000e+00
0.000000000000000000e+00 0.000000000000000000e+00 0.000000000000000000e+00 0.000000000000000000e+00 0.000000000000000000e+00 0.000000000000000000e+00
0.000000000000000000e+00 0.000000000000000000e+00 0.000000000000000000e+00 0.000000000000000000e+00 0.000000000000000000e+00 0.000000000000000000e+00
0.000000000000000000e+00 0.000000000000000000e+00 0.000000000000000000e+00 0.000000000000000000e+00 0.000000000000000000e+00 0.000000000000000000e+00
0.000000000000000000e+00 0.000000000000000000e+00 0.000000000000000000e+00 0.000000000000000000e+00 0.000000000000000000e+00 0.000000000000000000e+00
0.000000000000000000e+00 0.000000000000000000e+00 0.000000000000000000e+00 0.000000000000000000e+00 0.000000000000000000e+00 0.000000000000000000e+00
0.000000000000000000e+00 0.000000000000000000e+00 0.000000000000000000e+00 0.000000000000000000e+00 0.000000000000000000e+00 0.000000000000000000e+00
0.000000000000000000e+00 0.000000000000000000e+00 0.000000000000000000e+00 0.000000000000000000e+00 0.000000000000000000e+00 0.000000000000000000e+00
0.000000000000000000e+00 0.000000000000000000e+00 0.000000000000000000e+00 0.000000000000000000e+00 0.000000000000000000e+00 0.000000000000000000e+00
0.000000000000000000e+00 0.000000000000000000e+00 0.000000000000000000e+00 0.000000000000000000e+00 0.000000000000000000e+00 0.000000000000000000e+00
0.000000000000000000e+00 0.000000000000000000e+00 0.000000000000000000e+00 0.000000000000000000e+00 0.000000000000000000e+00 0.000000000000000000e+00
0.000000000000000000e+00 0.000000000000000000e+00 0.000000000000000000e+00 0.000000000000000000e+00 0.000000000000000000e+00 0.000000000000000000e+00
0.000000000000000000e+00 0.000000000000000000e+00 0.000000000000000000e+00 0.000000000000000000e+00 0.000000000000000000e+00 0.000000000000000000e+00
0.000000000000000000e+00 0.000000000000000000e+00 0.000000000000000000e+00 0.000000000000000000e+00 0.000000000000000000e+00 0.000000000000000000e+00
0.000000000000000000e+00 0.000000000000000000e+00 0.000000000000000000e+00 0.000000000000000000e+00 0.000000000000000000e+00 0.000000000000000000e+00
0.000000000000000000e+00 0.000000000000000000e+00 0.000000000000000000e+00 0.000000000000000000e+00 0.000000000000000000e+00 0.000000000000000000e+00
0.000000000000000000e+00 0.000000000000000000e+00 0.000000000000000000e+00 0.000000000000000000e+00 0.000000000000000000e+00 0.000000000000000000e+00
0.000000000000000000e+00 0.000000000000000000e+00 0.000000000000000000e+00 0.000000000000000000e+00 0.000000000000000000e+00 0.000000000000000000e+00
0.000000000000000000e+00 0.000000000000000000e+00 0.000000000000000000e+00 0.000000000000000000e+00 0.000000000000000000e+00 0.000000000000000000e+00
0.000000000000000000e+00 0.000000000000000000e+00 0.000000000000000000e+00 0.000000000000000000e+00 0.000000000000000000e+00 0.000000000000000000e+00
0.000000000000000000e+00 0.000000000000000000e+00 0.000000000000000000e+00 0.000000000000000000e+00 0.000000000000000000e+00 0.000000000000000000e+00
0.000000000000000000e+00 0.000000000000000000e+00 0.000000000000000000e+00 0.000000000000000000e+00 0.000000000000000000e+00 0.000000000000000000e+00
0.000000000000000000e+00 0.000000000000000000e+00 0.000000000000000000e+00 0.000000000000000000e+00 0.000000000000000000e+00 0.000000000000000000e+00
0.000000000000000000e+00 0.000000000000000000e+00 0.000000000000000000e+00 0.000000000000000000e+00 0.000000000000000000e+00 0.000000000000000000e+00
0.000000000000000000e+00 0.000000000000000000e+00 0.000000000000000000e+00 0.000000000000000000e+00 0.000000000000000000e+00 0.000000000000000000e+00
0.000000000000000000e+00 0.000000000000000000e+00 0.000000000000000000e+00 0.000000000000000000e+00 0.000000000000000000e+00 0.000000000000000000e+00
0.000000000000000000e+00 0.000000000000000000e+00 0.000000000000000000e+00 0.000000000000000000e+00 0.000000000000000000e+00 0.000000000000000000e+00
0.000000000000000000e+00 0.000000000000000000e+00 0.000000000000000000e+00 0.000000000000000000e+00 0.000000000000000000e+00 0.000000000000000000e+00
0.000000000000000000e+00 0.000000000000000000e+00 0.000000000000000000e+00 0.000000000000000000e+00 0.000000000000000000e+00 0.000000000000000000e+00
0.000000000000000000e+00 0.000000000000000000e+00 0.000000000000000000e+00 0.000000000000000000e+00 0.000000000000000000e+00 0.000000000000000000e+00
0.000000000000000000e+00 0.000000000000000000e+00 0.000000000000000000e+00 0.000000000000000000e+00 0.000000000000000000e+00 0.000000000000000000e+00
0.000000000000000000e+00 0.000000000000000000e+00 0.000000000000000000e+00 0.000000000000000000e+00 0.000000000000000000e+00 0.000000000000000000e+00
0.000000000000000000e+00 0.000000000000000000e+00 0.000000000000000000e+00 0.000000000000000000e+00 0.000000000000000000e+00 0.000000000000000000e+00
0.000000000000000000e+00 0.000000000000000000e+00 0.000000000000000000e+00 0.000000000000000000e+00 0.000000000000000000e+00 0.000000000000000000e+00
0.000000000000000000e+00 0.000000000000000000e+00 0.000000000000000000e+00 0.000000000000000000e+00 0.000000000000000000e+00 0.000000000000000000e+00
0.000000000000000000e+00 0.000000000000000000e+00 0.000000000000000000e+00 0.000000000000000000e+00 0.000000000000000000e+00 0.000000000000000000e+00
0.000000000000000000e+00 0.000000000000000000e+00 0.000000000000000000e+00 0.000000000000000000e+00 0.000000000000000000e+00 0.000000000000000000e+00
0.000000000000000000e+00 0.000000000000000000e+00 0.000000000000000000e+00 0.000000000000000000e+00 0.000000000000000000e+00 0.000000000000000000e+00
0.000000000000000000e+00 0.000000000000000000e+00 0.000000000000000000e+00 0.000000000000000000e+00 0.000000000000000000e+00 0.000000000000000000e+00
0.000000000000000000e+00 0.000000000000000000e+00 0.000000000000000000e+00 0.000000000000000000e+00 0.000000000000000000e+00 0.000000000000000000e+00
0.000000000000000000e+00 0.000000000000000000e+00 0.000000000000000000e+00 0.000000000000000000e+00 0.000000000000000000e+00 0.000000000000000000e+00
0.000000000000000000e+00 0.000000000000000000e+00 0.000000000000000000e+00 0.000000000000000000e+00 0.000000000000000000e+00 0.000000000000000000e+00
0.000000000000000000e+00 0.000000000000000000e+00 0.000000000000000000e+00 0.000000000000000000e+00 0.000000000000000000e+00 0.000000000000000000e+00
0.000000000000000000e+00 0.000000000000000000e+00 0.000000000000000000e+00 0.000000000000000000e+00 0.000000000000000000e+00 0.000000000000000000e+00
0.000000000000000000e+00 0.000000000000000000e+00 0.000000000000000000e+00 0.000000000000000000e+00 0.000000000000000000e+00 0.000000000000000000e+00
0.000000000000000000e+00 0.000000000000000000e+00 0.000000000000000000e+00 0.000000000000000000e+00 0.000000000000000000e+00 0.000000000000000000e+00
0.000000000000000000e+00 0.000000000000000000e+00 0.000000000000000000e+00 0.000000000000000000e+00 0.000000000000000000e+00 0.000000000000000000e+00
0.000000000000000000e+00 0.000000000000000000e+00 0.000000000000000000e+00 0.000000000000000000e+00 0.000000000000000000e+00 0.000000000000000000e+00
0.000000000000000000e+00 0.000000000000000000e+00 0.000000000000000000e+00 0.000000000000000000e+00 0.000000000000000000e+00 0.000000000000000000e+00
0.000000000000000000e+00 0.000000000000000000e+00 0.000000000000000000e+00 0.000000000000000000e+00 0.000000000000000000e+00 0.000000000000000000e+00
0.000000000000000000e+00 0.000000000000000000e+00 0.000000000000000000e+00 0.000000000000000000e+00 0.000000000000000000e+00 0.000000000000000000e+00
0.000000000000000000e+00 0.000000000000000000e+00 0.000000000000000000e+00 0.000000000000000000e+00 0.000000000000000000e+00 0.000000000000000000e+00
0.000000000000000000e+00 0.000000000000000000e+00 0.000000000000000000e+00 0.000000000000000000e+00 0.000000000000000000e+00 0.000000000000000000e+00
0.000000000000000000e+00 0.000000000000000000e+00 0.000000000000000000e+00 0.000000000000000000e+00 0.000000000000000000e+00 0.000000000000000000e+00
0.000000000000000000e+00 0.000000000000000000e+00 0.000000000000000000e+00 0.000000000000000000e+00 0.000000000000000000e+00 0.000000000000000000e+00
0.000000000000000000e+00 0.000000000000000000e+00 0.000000000000000000e+00 0.000000000000000000e+00 0.000000000000000000e+00 0.000000000000000000e+00
0.000000000000000000e+00 0.000000000000000000e+00 0.000000000000000000e+00 0.000000000000000000e+00 0.000000000000000000e+00 0.000000000000000000e+00
0.000000000000000000e+00 0.000000000000000000e+00 0.000000000000000000e+00 0.000000000000000000e+00 0.000000000000000000e+00 0.000000000000000000e+00
0.000000000000000000e+00 0.000000000000000000e+00 0.000000000000000000e+00 0.000000000000000000e+00 0.000000000000000000e+00 0.000000000000000000e+00
0.000000000000000000e+00 0.000000000000000000e+00 0.000000000000000000e+00 0.000000000000000000e+00 0.000000000000000000e+00 0.000000000000000000e+00
0.000000000000000000e+00 0.000000000000000000e+00 0.000000000000000000e+00 0.000000000000000000e+00 0.000000000000000000e+00 0.000000000000000000e+00
0.000000000000000000e+00 0.000000000000000000e+00 0.000000000000000000e+00 0.000000000000000000e+00 0.000000000000000000e+00 0.000000000000000000e+00
0.000000000000000000e+00 0.000000000000000000e+00 0.000000000000000000e+00 0.000000000000000000e+00 0.000000000000000000e+00 0.000000000000000000e+00
0.000000000000000000e+00 0.000000000000000000e+00 0.000000000000000000e+00 0.000000000000000000e+00 0.000000000000000000e+00 0.000000000000000000e+00
0.000000000000000000e+00 0.000000000000000000e+00 0.000000000000000000e+00 0.000000000000000000e+00 0.000000000000000000e+00 0.000000000000000000e+00
0.000000000000000000e+00 0.000000000000000000e+00 0.000000000000000000e+00 0.000000000000000000e+00 0.000000000000000000e+00 0.000000000000000000e+00
0.000000000000000000e+00 0.000000000000000000e+00 0.000000000000000000e+00 0.000000000000000000e+00 0.000000000000000000e+00 0.000000000000000000e+00
0.000000000000000000e+00 0.000000000000000000e+00 0.000000000000000000e+00 0.000000000000000000e+00 0.000000000000000000e+00 0.000000000000000000e+00
0.000000000000000000e+00 0.000000000000000000e+00 0.000000000000000000e+00 0.000000000000000000e+00 0.000000000000000000e+00 0.000000000000000000e+00
0.000000000000000000e+00 0.000000000000000000e+00 0.000000000000000000e+00 0.000000000000000000e+00 0.000000000000000000e+00 0.000000000000000000e+00
0.000000000000000000e+00 0.000000000000000000e+00 0.000000000000000000e+00 0.000000000000000000e+00 0.000000000000000000e+00 0.000000000000000000e+00
0.000000000000000000e+00 0.000000000000000000e+00 0.000000000000000000e+00 0.000000000000000000e+00 0.000000000000000000e+00 0.000000000000000000e+00
0.000000000000000000e+00 0.000000000000000000e+00 0.000000000000000000e+00 0.000000000000000000e+00 0.000000000000000000e+00 0.000000000000000000e+00
0.000000000000000000e+00 0.000000000000000000e+00 0.000000000000000000e+00 0.000000000000000000e+00 0.000000000000000000e+00 0.000000000000000000e+00
0.000000000000000000e+00 0.000000000000000000e+00 0.000000000000000000e+00 0.000000000000000000e+00 0.000000000000000000e+00 0.000000000000000000e+00
0.000000000000000000e+00 0.000000000000000000e+00 0.000000000000000000e+00 0.000000000000000000e+00 0.000000000000000000e+00 0.000000000000000000e+00
0.000000000000000000e+00 0.000000000000000000e+00 0.000000000000000000e+00 0.000000000000000000e+00 0.000000000000000000e+00 0.000000000000000000e+00
0.000000000000000000e+00 0.000000000000000000e+00 0.000000000000000000e+00 0.000000000000000000e+00 0.000000000000000000e+00 0.000000000000000000e+00
0.000000000000000000e+00 0.000000000000000000e+00 0.000000000000000000e+00 0.000000000000000000e+00 0.000000000000000000e+00 0.000000000000000000e+00
0.000000000000000000e+00 0.000000000000000000e+00 0.000000000000000000e+00 0.000000000000000000e+00 0.000000000000000000e+00 0.000000000000000000e+00
0.000000000000000000e+00 0.000000000000000000e+00 0.000000000000000000e+00 0.000000000000000000e+00 0.000000000000000000e+00 0.000000000000000000e+00
0.000000000000000000e+00 0.000000000000000000e+00 0.000000000000000000e+00 0.000000000000000000e+00 0.000000000000000000e+00 0.000000000000000000e+00
0.000000000000000000e+00 0.000000000000000000e+00 0.000000000000000000e+00 0.000000000000000000e+00 0.000000000000000000e+00 0.000000000000000000e+00
0.000000000000000000e+00 0.000000000000000000e+00 0.000000000000000000e+00 0.000000000000000000e+00 0.000000000000000000e+00 0.000000000000000000e+00
0.000000000000000000e+00 0.000000000000000000e+00 0.000000000000000000e+00 0.000000000000000000e+00 0.000000000000000000e+00 0.000000000000000000e+00
0.000000000000000000e+00 0.000000000000000000e+00 0.000000000000000000e+00 0.000000000000000000e+00 0.000000000000000000e+00 0.000000000000000000e+00
0.000000000000000000e+00 0.000000000000000000e+00 0.000000000000000000e+00 0.000000000000000000e+00 0.000000000000000000e+00 0.000000000000000000e+00
0.000000000000000000e+00 0.000000000000000000e+00 0.000000000000000000e+00 0.000000000000000000e+00 0.000000000000000000e+00 0.000000000000000000e+00
0.000000000000000000e+00 0.000000000000000000e+00 0.000000000000000000e+00 0.000000000000000000e+00 0.000000000000000000e+00 0.000000000000000000e+00
0.000000000000000000e+00 0.000000000000000000e+00 0.000000000000000000e+00 0.000000000000000000e+00 0.000000000000000000e+00 0.000000000000000000e+00
0.000000000000000000e+00 0.000000000000000000e+00 0.000000000000000000e+00 0.000000000000000000e+00 0.000000000000000000e+00 0.000000000000000000e+00
0.000000000000000000e+00 0.000000000000000000e+00 0.000000000000000000e+00 0.000000000000000000e+00 0.000000000000000000e+00 0.000000000000000000e+00
0.000000000000000000e+00 0.000000000000000000e+00 0.000000000000000000e+00 0.000000000000000000e+00 0.000000000000000000e+00 0.000000000000000000e+00
3.640379905700683594e-01 3.044092953205108643e-01 3.193284273147583008e-01 2.831370830535888672e-01 2.990097105503082275e-01 7.405014336109161377e-02
7.280759811401367188e-01 6.088185906410217285e-01 6.386568546295166016e-01 5.662741661071777344e-01 5.980194211006164551e-01 1.481002867221832275e-01
1.092113971710205078e+00 9.132279157638549805e-01 9.579852819442749023e-01 8.494112491607666016e-01 8.970291614532470703e-01 2.221504300832748413e-01
1.456151962280273438e+00 1.217637181282043457e+00 1.277313709259033203e+00 1.132548332214355469e+00 1.196038842201232910e+00 2.962005734443664551e-01
1.820189952850341797e+00 1.522046566009521484e+00 1.596642136573791504e+00 1.415685415267944336e+00 1.495048642158508301e+00 3.702507019042968750e-01
2.184227943420410156e+00 1.826455831527709961e+00 1.915970563888549805e+00 1.698822498321533203e+00 1.794058322906494141e+00 4.443008601665496826e-01
2.142585992813110352e+00 1.549728870391845703e+00 1.811646580696105957e+00 1.700690984725952148e+00 1.557655572891235352e+00 8.473769426345825195e-01
2.100943803787231445e+00 1.273001909255981445e+00 1.707322597503662109e+00 1.702559471130371094e+00 1.321252822875976562e+00 1.250452995300292969e+00
2.059301853179931641e+00 9.962749481201171875e-01 1.602998614311218262e+00 1.704427957534790039e+00 1.084850072860717773e+00 1.653529047966003418e+00
2.017659664154052734e+00 7.195479869842529297e-01 1.498674631118774414e+00 1.706296563148498535e+00 8.484472632408142090e-01 2.056605100631713867e+00
1.976017713546752930e+00 4.428210258483886719e-01 1.394350647926330566e+00 1.708165049552917480e+00 6.120445132255554199e-01 2.459681034088134766e+00
1.934375643730163574e+00 1.660940498113632202e-01 1.290026664733886719e+00 1.710033535957336426e+00 3.756417632102966309e-01 2.862757205963134766e+00
1.949641227722167969e+00 3.904165327548980713e-01 1.309501409530639648e+00 1.902372837066650391e+00 6.160559058189392090e-01 2.532317876815795898e+00
1.964906811714172363e+00 6.147390007972717285e-01 1.328976035118103027e+00 2.094712018966674805e+00 8.564700484275817871e-01 2.201878786087036133e+00
1.980172395706176758e+00 8.390614986419677734e-01 1.348450660705566406e+00 2.287051200866699219e+00 1.096884250640869141e+00 1.871439576148986816e+00
1.995438098907470703e+00 1.063383936882019043e+00 1.367925405502319336e+00 2.479390621185302734e+00 1.337298393249511719e+00 1.541000366210937500e+00
2.010703563690185547e+00 1.287706494331359863e+00 1.387400150299072266e+00 2.671729803085327148e+00 1.577712535858154297e+00 1.210561156272888184e+00
2.025969266891479492e+00 1.512028932571411133e+00 1.406874775886535645e+00 2.864068984985351562e+00 1.818126678466796875e+00 8.801218867301940918e-01
2.088378667831420898e+00 1.596075296401977539e+00 1.316085815429687500e+00 2.872966051101684570e+00 1.667860627174377441e+00 8.955090045928955078e-01
2.150788307189941406e+00 1.680121660232543945e+00 1.225296854972839355e+00 2.881862878799438477e+00 1.517594456672668457e+00 9.108960628509521484e-01
2.213197708129882812e+00 1.764168024063110352e+00 1.134508013725280762e+00 2.890759944915771484e+00 1.367328405380249023e+00 9.262831807136535645e-01
2.275607347488403320e+00 1.848214387893676758e+00 1.043719053268432617e+00 2.899656772613525391e+00 1.217062234878540039e+00 9.416702389717102051e-01
2.338016748428344727e+00 1.932260751724243164e+00 9.529300928115844727e-01 2.908553838729858398e+00 1.066796183586120605e+00 9.570573568344116211e-01
2.400426387786865234e+00 2.016307115554809570e+00 8.621411323547363281e-01 2.917450904846191406e+00 9.165300726890563965e-01 9.724444150924682617e-01
2.462835788726806641e+00 2.100353479385375977e+00 7.713522315025329590e-01 2.926347732543945312e+00 7.662640213966369629e-01 9.878315329551696777e-01
2.525245189666748047e+00 2.184399843215942383e+00 6.805632710456848145e-01 2.935244798660278320e+00 6.159979104995727539e-01 1.003218650817871094e+00
2.587654829025268555e+00 2.268446207046508789e+00 5.897743105888366699e-01 2.944141626358032227e+00 4.657317996025085449e-01 1.018605709075927734e+00
2.650064229965209961e+00 2.352492570877075195e+00 4.989854097366333008e-01 2.953038692474365234e+00 3.154657185077667236e-01 1.033992767333984375e+00
2.712473869323730469e+00 2.436538934707641602e+00 4.081964492797851562e-01 2.961935520172119141e+00 1.651996076107025146e-01 1.049379944801330566e+00
2.774883270263671875e+00 2.520585298538208008e+00 3.174075186252593994e-01 2.970832586288452148e+00 1.493351813405752182e-02 1.064767003059387207e+00
2.793123245239257812e+00 2.107276439666748047e+00 7.527410387992858887e-01 2.589181423187255859e+00 4.114728271961212158e-01 1.383913040161132812e+00
2.811363458633422852e+00 1.693967461585998535e+00 1.188074588775634766e+00 2.207530021667480469e+00 8.080121278762817383e-01 1.703059196472167969e+00
2.829603433609008789e+00 1.280658483505249023e+00 1.623408198356628418e+00 1.825878858566284180e+00 1.204551458358764648e+00 2.022205352783203125e+00
2.847843408584594727e+00 8.673496246337890625e-01 2.058741807937622070e+00 1.444227695465087891e+00 1.601090669631958008e+00 2.341351509094238281e+00
2.866083621978759766e+00 4.540406763553619385e-01 2.494075298309326172e+00 1.062576532363891602e+00 1.997630000114440918e+00 2.660497426986694336e+00
2.884323596954345703e+00 4.073176160454750061e-02 2.929408788681030273e+00 6.809252500534057617e-01 2.394169330596923828e+00 2.979643583297729492e+00
2.884323596954345703e+00 4.073176160454750061e-02 2.929408788681030273e+00 6.809252500534057617e-01 2.394169330596923828e+00 2.979643583297729492e+00
2.884323596954345703e+00 4.073176160454750061e-02 2.929408788681030273e+00 6.809252500534057617e-01 2.394169330596923828e+00 2.979643583297729492e+00
2.884323596954345703e+00 4.073176160454750061e-02 2.929408788681030273e+00 6.809252500534057617e-01 2.394169330596923828e+00 2.979643583297729492e+00
2.884323596954345703e+00 4.073176160454750061e-02 2.929408788681030273e+00 6.809252500534057617e-01 2.394169330596923828e+00 2.979643583297729492e+00
2.884323596954345703e+00 4.073176160454750061e-02 2.929408788681030273e+00 6.809252500534057617e-01 2.394169330596923828e+00 2.979643583297729492e+00
2.884323596954345703e+00 4.073176160454750061e-02 2.929408788681030273e+00 6.809252500534057617e-01 2.394169330596923828e+00 2.979643583297729492e+00
2.884323596954345703e+00 4.073176160454750061e-02 2.929408788681030273e+00 6.809252500534057617e-01 2.394169330596923828e+00 2.979643583297729492e+00
2.884323596954345703e+00 4.073176160454750061e-02 2.929408788681030273e+00 6.809252500534057617e-01 2.394169330596923828e+00 2.979643583297729492e+00
2.884323596954345703e+00 4.073176160454750061e-02 2.929408788681030273e+00 6.809252500534057617e-01 2.394169330596923828e+00 2.979643583297729492e+00
2.884323596954345703e+00 4.073176160454750061e-02 2.929408788681030273e+00 6.809252500534057617e-01 2.394169330596923828e+00 2.979643583297729492e+00
2.884323596954345703e+00 4.073176160454750061e-02 2.929408788681030273e+00 6.809252500534057617e-01 2.394169330596923828e+00 2.979643583297729492e+00
2.884323596954345703e+00 4.073176160454750061e-02 2.929408788681030273e+00 6.809252500534057617e-01 2.394169330596923828e+00 2.979643583297729492e+00
2.884323596954345703e+00 4.073176160454750061e-02 2.929408788681030273e+00 6.809252500534057617e-01 2.394169330596923828e+00 2.979643583297729492e+00
2.884323596954345703e+00 4.073176160454750061e-02 2.929408788681030273e+00 6.809252500534057617e-01 2.394169330596923828e+00 2.979643583297729492e+00
2.884323596954345703e+00 4.073176160454750061e-02 2.929408788681030273e+00 6.809252500534057617e-01 2.394169330596923828e+00 2.979643583297729492e+00
2.884323596954345703e+00 4.073176160454750061e-02 2.929408788681030273e+00 6.809252500534057617e-01 2.394169330596923828e+00 2.979643583297729492e+00
2.884323596954345703e+00 4.073176160454750061e-02 2.929408788681030273e+00 6.809252500534057617e-01 2.394169330596923828e+00 2.979643583297729492e+00
2.884323596954345703e+00 4.073176160454750061e-02 2.929408788681030273e+00 6.809252500534057617e-01 2.394169330596923828e+00 2.979643583297729492e+00
2.884323596954345703e+00 4.073176160454750061e-02 2.929408788681030273e+00 6.809252500534057617e-01 2.394169330596923828e+00 2.979643583297729492e+00
2.884323596954345703e+00 4.073176160454750061e-02 2.929408788681030273e+00 6.809252500534057617e-01 2.394169330596923828e+00 2.979643583297729492e+00
2.884323596954345703e+00 4.073176160454750061e-02 2.929408788681030273e+00 6.809252500534057617e-01 2.394169330596923828e+00 2.979643583297729492e+00
2.884323596954345703e+00 4.073176160454750061e-02 2.929408788681030273e+00 6.809252500534057617e-01 2.394169330596923828e+00 2.979643583297729492e+00
2.884323596954345703e+00 4.073176160454750061e-02 2.929408788681030273e+00 6.809252500534057617e-01 2.394169330596923828e+00 2.979643583297729492e+00
2.884323596954345703e+00 4.073176160454750061e-02 2.929408788681030273e+00 6.809252500534057617e-01 2.394169330596923828e+00 2.979643583297729492e+00
2.884323596954345703e+00 4.073176160454750061e-02 2.929408788681030273e+00 6.809252500534057617e-01 2.394169330596923828e+00 2.979643583297729492e+00
2.884323596954345703e+00 4.073176160454750061e-02 2.929408788681030273e+00 6.809252500534057617e-01 2.394169330596923828e+00 2.979643583297729492e+00
2.884323596954345703e+00 4.073176160454750061e-02 2.929408788681030273e+00 6.809252500534057617e-01 2.394169330596923828e+00 2.979643583297729492e+00
2.884323596954345703e+00 4.073176160454750061e-02 2.929408788681030273e+00 6.809252500534057617e-01 2.394169330596923828e+00 2.979643583297729492e+00
2.884323596954345703e+00 4.073176160454750061e-02 2.929408788681030273e+00 6.809252500534057617e-01 2.394169330596923828e+00 2.979643583297729492e+00
2.884323596954345703e+00 4.073176160454750061e-02 2.929408788681030273e+00 6.809252500534057617e-01 2.394169330596923828e+00 2.979643583297729492e+00
2.884323596954345703e+00 4.073176160454750061e-02 2.929408788681030273e+00 6.809252500534057617e-01 2.394169330596923828e+00 2.979643583297729492e+00
2.884323596954345703e+00 4.073176160454750061e-02 2.929408788681030273e+00 6.809252500534057617e-01 2.394169330596923828e+00 2.979643583297729492e+00
2.884323596954345703e+00 4.073176160454750061e-02 2.929408788681030273e+00 6.809252500534057617e-01 2.394169330596923828e+00 2.979643583297729492e+00
2.884323596954345703e+00 4.073176160454750061e-02 2.929408788681030273e+00 6.809252500534057617e-01 2.394169330596923828e+00 2.979643583297729492e+00
2.884323596954345703e+00 4.073176160454750061e-02 2.929408788681030273e+00 6.809252500534057617e-01 2.394169330596923828e+00 2.979643583297729492e+00
2.884323596954345703e+00 4.073176160454750061e-02 2.929408788681030273e+00 6.809252500534057617e-01 2.394169330596923828e+00 2.979643583297729492e+00
2.884323596954345703e+00 4.073176160454750061e-02 2.929408788681030273e+00 6.809252500534057617e-01 2.394169330596923828e+00 2.979643583297729492e+00
2.884323596954345703e+00 4.073176160454750061e-02 2.929408788681030273e+00 6.809252500534057617e-01 2.394169330596923828e+00 2.979643583297729492e+00
2.884323596954345703e+00 4.073176160454750061e-02 2.929408788681030273e+00 6.809252500534057617e-01 2.394169330596923828e+00 2.979643583297729492e+00
2.884323596954345703e+00 4.073176160454750061e-02 2.929408788681030273e+00 6.809252500534057617e-01 2.394169330596923828e+00 2.979643583297729492e+00
2.884323596954345703e+00 4.073176160454750061e-02 2.929408788681030273e+00 6.809252500534057617e-01 2.394169330596923828e+00 2.979643583297729492e+00
2.884323596954345703e+00 4.073176160454750061e-02 2.929408788681030273e+00 6.809252500534057617e-01 2.394169330596923828e+00 2.979643583297729492e+00
2.884323596954345703e+00 4.073176160454750061e-02 2.929408788681030273e+00 6.809252500534057617e-01 2.394169330596923828e+00 2.979643583297729492e+00
2.884323596954345703e+00 4.073176160454750061e-02 2.929408788681030273e+00 6.809252500534057617e-01 2.394169330596923828e+00 2.979643583297729492e+00
2.884323596954345703e+00 4.073176160454750061e-02 2.929408788681030273e+00 6.809252500534057617e-01 2.394169330596923828e+00 2.979643583297729492e+00
2.884323596954345703e+00 4.073176160454750061e-02 2.929408788681030273e+00 6.809252500534057617e-01 2.394169330596923828e+00 2.979643583297729492e+00
2.884323596954345703e+00 4.073176160454750061e-02 2.929408788681030273e+00 6.809252500534057617e-01 2.394169330596923828e+00 2.979643583297729492e+00
2.884323596954345703e+00 4.073176160454750061e-02 2.929408788681030273e+00 6.809252500534057617e-01 2.394169330596923828e+00 2.979643583297729492e+00
2.884323596954345703e+00 4.073176160454750061e-02 2.929408788681030273e+00 6.809252500534057617e-01 2.394169330596923828e+00 2.979643583297729492e+00
2.884323596954345703e+00 4.073176160454750061e-02 2.929408788681030273e+00 6.809252500534057617e-01 2.394169330596923828e+00 2.979643583297729492e+00
2.884323596954345703e+00 4.073176160454750061e-02 2.929408788681030273e+00 6.809252500534057617e-01 2.394169330596923828e+00 2.979643583297729492e+00
2.884323596954345703e+00 4.073176160454750061e-02 2.929408788681030273e+00 6.809252500534057617e-01 2.394169330596923828e+00 2.979643583297729492e+00
2.884323596954345703e+00 4.073176160454750061e-02 2.929408788681030273e+00 6.809252500534057617e-01 2.394169330596923828e+00 2.979643583297729492e+00
2.884323596954345703e+00 4.073176160454750061e-02 2.929408788681030273e+00 6.809252500534057617e-01 2.394169330596923828e+00 2.979643583297729492e+00
2.884323596954345703e+00 4.073176160454750061e-02 2.929408788681030273e+00 6.809252500534057617e-01 2.394169330596923828e+00 2.979643583297729492e+00
2.884323596954345703e+00 4.073176160454750061e-02 2.929408788681030273e+00 6.809252500534057617e-01 2.394169330596923828e+00 2.979643583297729492e+00
2.884323596954345703e+00 4.073176160454750061e-02 2.929408788681030273e+00 6.809252500534057617e-01 2.394169330596923828e+00 2.979643583297729492e+00
2.884323596954345703e+00 4.073176160454750061e-02 2.929408788681030273e+00 6.809252500534057617e-01 2.394169330596923828e+00 2.979643583297729492e+00
2.884323596954345703e+00 4.073176160454750061e-02 2.929408788681030273e+00 6.809252500534057617e-01 2.394169330596923828e+00 2.979643583297729492e+00
2.884323596954345703e+00 4.073176160454750061e-02 2.929408788681030273e+00 6.809252500534057617e-01 2.394169330596923828e+00 2.979643583297729492e+00
2.884323596954345703e+00 4.073176160454750061e-02 2.929408788681030273e+00 6.809252500534057617e-01 2.394169330596923828e+00 2.979643583297729492e+00
2.884323596954345703e+00 4.073176160454750061e-02 2.929408788681030273e+00 6.809252500534057617e-01 2.394169330596923828e+00 2.979643583297729492e+00
2.884323596954345703e+00 4.073176160454750061e-02 2.929408788681030273e+00 6.809252500534057617e-01 2.394169330596923828e+00 2.979643583297729492e+00
2.884323596954345703e+00 4.073176160454750061e-02 2.929408788681030273e+00 6.809252500534057617e-01 2.394169330596923828e+00 2.979643583297729492e+00
2.884323596954345703e+00 4.073176160454750061e-02 2.929408788681030273e+00 6.809252500534057617e-01 2.394169330596923828e+00 2.979643583297729492e+00
2.884323596954345703e+00 4.073176160454750061e-02 2.929408788681030273e+00 6.809252500534057617e-01 2.394169330596923828e+00 2.979643583297729492e+00
2.884323596954345703e+00 4.073176160454750061e-02 2.929408788681030273e+00 6.809252500534057617e-01 2.394169330596923828e+00 2.979643583297729492e+00
2.884323596954345703e+00 4.073176160454750061e-02 2.929408788681030273e+00 6.809252500534057617e-01 2.394169330596923828e+00 2.979643583297729492e+00
2.884323596954345703e+00 4.073176160454750061e-02 2.929408788681030273e+00 6.809252500534057617e-01 2.394169330596923828e+00 2.979643583297729492e+00
2.884323596954345703e+00 4.073176160454750061e-02 2.929408788681030273e+00 6.809252500534057617e-01 2.394169330596923828e+00 2.979643583297729492e+00
2.884323596954345703e+00 4.073176160454750061e-02 2.929408788681030273e+00 6.809252500534057617e-01 2.394169330596923828e+00 2.979643583297729492e+00
2.884323596954345703e+00 4.073176160454750061e-02 2.929408788681030273e+00 6.809252500534057617e-01 2.394169330596923828e+00 2.979643583297729492e+00
2.884323596954345703e+00 4.073176160454750061e-02 2.929408788681030273e+00 6.809252500534057617e-01 2.394169330596923828e+00 2.979643583297729492e+00
2.884323596954345703e+00 4.073176160454750061e-02 2.929408788681030273e+00 6.809252500534057617e-01 2.394169330596923828e+00 2.979643583297729492e+00
2.884323596954345703e+00 4.073176160454750061e-02 2.929408788681030273e+00 6.809252500534057617e-01 2.394169330596923828e+00 2.979643583297729492e+00
2.884323596954345703e+00 4.073176160454750061e-02 2.929408788681030273e+00 6.809252500534057617e-01 2.394169330596923828e+00 2.979643583297729492e+00
2.884323596954345703e+00 4.073176160454750061e-02 2.929408788681030273e+00 6.809252500534057617e-01 2.394169330596923828e+00 2.979643583297729492e+00
2.884323596954345703e+00 4.073176160454750061e-02 2.929408788681030273e+00 6.809252500534057617e-01 2.394169330596923828e+00 2.979643583297729492e+00
2.884323596954345703e+00 4.073176160454750061e-02 2.929408788681030273e+00 6.809252500534057617e-01 2.394169330596923828e+00 2.979643583297729492e+00
2.884323596954345703e+00 4.073176160454750061e-02 2.929408788681030273e+00 6.809252500534057617e-01 2.394169330596923828e+00 2.979643583297729492e+00
2.884323596954345703e+00 4.073176160454750061e-02 2.929408788681030273e+00 6.809252500534057617e-01 2.394169330596923828e+00 2.979643583297729492e+00
2.884323596954345703e+00 4.073176160454750061e-02 2.929408788681030273e+00 6.809252500534057617e-01 2.394169330596923828e+00 2.979643583297729492e+00
2.884323596954345703e+00 4.073176160454750061e-02 2.929408788681030273e+00 6.809252500534057617e-01 2.394169330596923828e+00 2.979643583297729492e+00
2.884323596954345703e+00 4.073176160454750061e-02 2.929408788681030273e+00 6.809252500534057617e-01 2.394169330596923828e+00 2.979643583297729492e+00
2.884323596954345703e+00 4.073176160454750061e-02 2.929408788681030273e+00 6.809252500534057617e-01 2.394169330596923828e+00 2.979643583297729492e+00
2.884323596954345703e+00 4.073176160454750061e-02 2.929408788681030273e+00 6.809252500534057617e-01 2.394169330596923828e+00 2.979643583297729492e+00
2.884323596954345703e+00 4.073176160454750061e-02 2.929408788681030273e+00 6.809252500534057617e-01 2.394169330596923828e+00 2.979643583297729492e+00
2.884323596954345703e+00 4.073176160454750061e-02 2.929408788681030273e+00 6.809252500534057617e-01 2.394169330596923828e+00 2.979643583297729492e+00
2.884323596954345703e+00 4.073176160454750061e-02 2.929408788681030273e+00 6.809252500534057617e-01 2.394169330596923828e+00 2.979643583297729492e+00
2.884323596954345703e+00 4.073176160454750061e-02 2.929408788681030273e+00 6.809252500534057617e-01 2.394169330596923828e+00 2.979643583297729492e+00
2.884323596954345703e+00 4.073176160454750061e-02 2.929408788681030273e+00 6.809252500534057617e-01 2.394169330596923828e+00 2.979643583297729492e+00
2.884323596954345703e+00 4.073176160454750061e-02 2.929408788681030273e+00 6.809252500534057617e-01 2.394169330596923828e+00 2.979643583297729492e+00
2.884323596954345703e+00 4.073176160454750061e-02 2.929408788681030273e+00 6.809252500534057617e-01 2.394169330596923828e+00 2.979643583297729492e+00
2.884323596954345703e+00 4.073176160454750061e-02 2.929408788681030273e+00 6.809252500534057617e-01 2.394169330596923828e+00 2.979643583297729492e+00
2.884323596954345703e+00 4.073176160454750061e-02 2.929408788681030273e+00 6.809252500534057617e-01 2.394169330596923828e+00 2.979643583297729492e+00
2.884323596954345703e+00 4.073176160454750061e-02 2.929408788681030273e+00 6.809252500534057617e-01 2.394169330596923828e+00 2.979643583297729492e+00
2.884323596954345703e+00 4.073176160454750061e-02 2.929408788681030273e+00 6.809252500534057617e-01 2.394169330596923828e+00 2.979643583297729492e+00
2.884323596954345703e+00 4.073176160454750061e-02 2.929408788681030273e+00 6.809252500534057617e-01 2.394169330596923828e+00 2.979643583297729492e+00
2.884323596954345703e+00 4.073176160454750061e-02 2.929408788681030273e+00 6.809252500534057617e-01 2.394169330596923828e+00 2.979643583297729492e+00
2.884323596954345703e+00 4.073176160454750061e-02 2.929408788681030273e+00 6.809252500534057617e-01 2.394169330596923828e+00 2.979643583297729492e+00
2.884323596954345703e+00 4.073176160454750061e-02 2.929408788681030273e+00 6.809252500534057617e-01 2.394169330596923828e+00 2.979643583297729492e+00
2.884323596954345703e+00 4.073176160454750061e-02 2.929408788681030273e+00 6.809252500534057617e-01 2.394169330596923828e+00 2.979643583297729492e+00
2.884323596954345703e+00 4.073176160454750061e-02 2.929408788681030273e+00 6.809252500534057617e-01 2.394169330596923828e+00 2.979643583297729492e+00
2.884323596954345703e+00 4.073176160454750061e-02 2.929408788681030273e+00 6.809252500534057617e-01 2.394169330596923828e+00 2.979643583297729492e+00
2.884323596954345703e+00 4.073176160454750061e-02 2.929408788681030273e+00 6.809252500534057617e-01 2.394169330596923828e+00 2.979643583297729492e+00
2.884323596954345703e+00 4.073176160454750061e-02 2.929408788681030273e+00 6.809252500534057617e-01 2.394169330596923828e+00 2.979643583297729492e+00
2.884323596954345703e+00 4.073176160454750061e-02 2.929408788681030273e+00 6.809252500534057617e-01 2.394169330596923828e+00 2.979643583297729492e+00
2.884323596954345703e+00 4.073176160454750061e-02 2.929408788681030273e+00 6.809252500534057617e-01 2.394169330596923828e+00 2.979643583297729492e+00
2.884323596954345703e+00 4.073176160454750061e-02 2.929408788681030273e+00 6.809252500534057617e-01 2.394169330596923828e+00 2.979643583297729492e+00
2.884323596954345703e+00 4.073176160454750061e-02 2.929408788681030273e+00 6.809252500534057617e-01 2.394169330596923828e+00 2.979643583297729492e+00
2.884323596954345703e+00 4.073176160454750061e-02 2.929408788681030273e+00 6.809252500534057617e-01 2.394169330596923828e+00 2.979643583297729492e+00
2.884323596954345703e+00 4.073176160454750061e-02 2.929408788681030273e+00 6.809252500534057617e-01 2.394169330596923828e+00 2.979643583297729492e+00
2.884323596954345703e+00 4.073176160454750061e-02 2.929408788681030273e+00 6.809252500534057617e-01 2.394169330596923828e+00 2.979643583297729492e+00
2.884323596954345703e+00 4.073176160454750061e-02 2.929408788681030273e+00 6.809252500534057617e-01 2.394169330596923828e+00 2.979643583297729492e+00
