0.000000000000000000e+00 0.000000000000000000e+00 0.000000000000000000e+00 0.000000000000000000e+00 0.000000000000000000e+00 0.000000000000000000e+00
0.000000000000000000e+00 0.000000000000000000e+00 0.000000000000000000e+00 0.000000000000000000e+00 0.000000000000000000e+00 0.000000000000000000e+00
0.000000000000000000e+00 0.000000000000000000e+00 0.000000000000000000e+00 0.000000000000000000e+00 0.000000000000000000e+00 0.000000000000000000e+00
0.000000000000000000e+00 0.000000000000000000e+00 0.000000000000000000e+00 0.000000000000000000e+00 0.000000000000000000e+00 0.000000000000000000e+00
0.000000000000000000e+00 0.000000000000000000e+00 0.000000000000000000e+00 0.000000000000000000e+00 0.000000000000000000e+00 0.000000000000000000e+00
0.000000000000000000e+00 0.000000000000000000e+00 0.000000000000000000e+00 0.000000000000000000e+00 0.000000000000000000e+00 0.000000000000000000e+00
0.000000000000000000e+00 0.000000000000000000e+00 0.000000000000000000e+00 0.000000000000000000e+00 0.000000000000000000e+00 0.000000000000000000e+00
0.000000000000000000e+00 0.000000000000000000e+00 0.000000000000000000e+00 0.000000000000000000e+00 0.000000000000000000e+00 0.000000000000000000e+00
0.000000000000000000e+00 0.000000000000000000e+00 0.000000000000000000e+00 0.000000000000000000e+00 0.000000000000000000e+00 0.000000000000000000e+00
0.000000000000000000e+00 0.000000000000000000e+00 0.000000000000000000e+00 0.000000000000000000e+00 0.000000000000000000e+00 0.000000000000000000e+00
0.000000000000000000e+00 0.000000000000000000e+00 0.000000000000000000e+00 0.000000000000000000e+00 0.000000000000000000e+00 0.000000000000000000e+00
0.000000000000000000e+00 0.000000000000000000e+00 0.000000000000000000e+00 0.000000000000000000e+00 0.000000000000000000e+00 0.000000000000000000e+00
0.000000000000000000e+00 0.000000000000000000e+00 0.000000000000000000e+00 0.000000000000000000e+00 0.000000000000000000e+00 0.000000000000000000e+00
0.000000000000000000e+00 0.000000000000000000e+00 0.000000000000000000e+00 0.000000000000000000e+00 0.000000000000000000e+00 0.000000000000000000e+00
0.000000000000000000e+00 0.000000000000000000e+00 0.000000000000000000e+00 0.000000000000000000e+00 0.000000000000000000e+00 0.000000000000000000e+00
0.000000000000000000e+00 0.000000000000000000e+00 0.000000000000000000e+00 0.000000000000000000e+00 0.000000000000000000e+00 0.000000000000000000e+00
0.000000000000000000e+00 0.000000000000000000e+00 0.000000000000000000e+00 0.000000000000000000e+00 0.000000000000000000e+00 0.000000000000000000e+00
0.000000000000000000e+00 0.000000000000000000e+00 0.000000000000000000e+00 0.000000000000000000e+00 0.000000000000000000e+00 0.000000000000000000e+00
0.000000000000000000e+00 0.000000000000000000e+00 0.000000000000000000e+00 0.000000000000000000e+00 0.000000000000000000e+00 0.000000000000000000e+00
0.000000000000000000e+00 0.000000000000000000e+00 0.000000000000000000e+00 0.000000000000000000e+00 0.000000000000000000e+00 0.000000000000000000e+00
0.000000000000000000e+00 0.000000000000000000e+00 0.000000000000000000e+00 0.000000000000000000e+00 0.000000000000000000e+00 0.000000000000000000e+00
0.000000000000000000e+00 0.000000000000000000e+00 0.000000000000000000e+00 0.000000000000000000e+00 0.000000000000000000e+00 0.000000000000000000e+00
0.000000000000000000e+00 0.000000000000000000e+00 0.000000000000000000e+00 0.000000000000000000e+00 0.000000000000000000e+00 0.000000000000000000e+00
0.000000000000000000e+00 0.000000000000000000e+00 0.000000000000000000e+00 0.000000000000000000e+00 0.000000000000000000e+00 0.000000000000000000e+00
0.000000000000000000e+00 0.000000000000000000e+00 0.000000000000000000e+00 0.000000000000000000e+00 0.000000000000000000e+00 0.000000000000000000e+00
0.000000000000000000e+00 0.000000000000000000e+00 0.000000000000000000e+00 0.000000000000000000e+00 0.000000000000000000e+00 0.000000000000000000e+00
0.000000000000000000e+00 0.000000000000000000e+00 0.000000000000000000e+00 0.000000000000000000e+00 0.000000000000000000e+00 0.000000000000000000e+00
0.000000000000000000e+00 0.000000000000000000e+00 0.000000000000000000e+00 0.000000000000000000e+00 0.000000000000000000e+00 0.000000000000000000e+00
0.000000000000000000e+00 0.000000000000000000e+00 0.000000000000000000e+00 0.000000000000000000e+00 0.000000000000000000e+00 0.000000000000000000e+00
0.000000000000000000e+00 0.000000000000000000e+00 0.000000000000000000e+00 0.000000000000000000e+00 0.000000000000000000e+00 0.000000000000000000e+00
0.000000000000000000e+00 0.000000000000000000e+00 0.000000000000000000e+00 0.000000000000000000e+00 0.000000000000000000e+00 0.000000000000000000e+00
0.000000000000000000e+00 0.000000000000000000e+00 0.000000000000000000e+00 0.000000000000000000e+00 0.000000000000000000e+00 0.000000000000000000e+00
0.000000000000000000e+00 0.000000000000000000e+00 0.000000000000000000e+00 0.000000000000000000e+00 0.000000000000000000e+00 0.000000000000000000e+00
0.000000000000000000e+00 0.000000000000000000e+00 0.000000000000000000e+00 0.000000000000000000e+00 0.000000000000000000e+00 0.000000000000000000e+00
0.000000000000000000e+00 0.000000000000000000e+00 0.000000000000000000e+00 0.000000000000000000e+00 0.000000000000000000e+00 0.000000000000000000e+00
0.000000000000000000e+00 0.000000000000000000e+00 0.000000000000000000e+00 0.000000000000000000e+00 0.000000000000000000e+00 0.000000000000000000e+00
0.000000000000000000e+00 0.000000000000000000e+00 0.000000000000000000e+00 0.000000000000000000e+00 0.000000000000000000e+00 0.000000000000000000e+00
0.000000000000000000e+00 0.000000000000000000e+00 0.000000000000000000e+00 0.000000000000000000e+00 0.000000000000000000e+00 0.000000000000000000e+00
0.000000000000000000e+00 0.000000000000000000e+00 0.000000000000000000e+00 0.000000000000000000e+00 0.000000000000000000e+00 0.000000000000000000e+00
0.000000000000000000e+00 0.000000000000000000e+00 0.000000000000000000e+00 0.000000000000000000e+00 0.000000000000000000e+00 0.000000000000000000e+00
0.000000000000000000e+00 0.000000000000000000e+00 0.000000000000000000e+00 0.000000000000000000e+00 0.000000000000000000e+00 0.000000000000000000e+00
0.000000000000000000e+00 0.000000000000000000e+00 0.000000000000000000e+00 0.000000000000000000e+00 0.000000000000000000e+00 0.000000000000000000e+00
0.000000000000000000e+00 0.000000000000000000e+00 0.000000000000000000e+00 0.000000000000000000e+00 0.000000000000000000e+00 0.000000000000000000e+00
0.000000000000000000e+00 0.000000000000000000e+00 0.000000000000000000e+00 0.000000000000000000e+00 0.000000000000000000e+00 0.000000000000000000e+00
0.000000000000000000e+00 0.000000000000000000e+00 0.000000000000000000e+00 0.000000000000000000e+00 0.000000000000000000e+00 0.000000000000000000e+00
0.000000000000000000e+00 0.000000000000000000e+00 0.000000000000000000e+00 0.000000000000000000e+00 0.000000000000000000e+00 0.000000000000000000e+00
0.000000000000000000e+00 0.000000000000000000e+00 0.000000000000000000e+00 0.000000000000000000e+00 0.000000000000000000e+00 0.000000000000000000e+00
0.000000000000000000e+00 0.000000000000000000e+00 0.000000000000000000e+00 0.000000000000000000e+00 0.000000000000000000e+00 0.000000000000000000e+00
0.000000000000000000e+00 0.000000000000000000e+00 0.000000000000000000e+00 0.000000000000000000e+00 0.000000000000000000e+00 0.000000000000000000e+00
0.000000000000000000e+00 0.000000000000000000e+00 0.000000000000000000e+00 0.000000000000000000e+00 0.000000000000000000e+00 0.000000000000000000e+00
0.000000000000000000e+00 0.000000000000000000e+00 0.000000000000000000e+00 0.000000000000000000e+00 0.000000000000000000e+00 0.000000000000000000e+00
0.000000000000000000e+00 0.000000000000000000e+00 0.000000000000000000e+00 0.000000000000000000e+00 0.000000000000000000e+00 0.000000000000000000e+00
0.000000000000000000e+00 0.000000000000000000e+00 0.000000000000000000e+00 0.000000000000000000e+00 0.000000000000000000e+00 0.000000000000000000e+00
0.000000000000000000e+00 0.000000000000000000e+00 0.000000000000000000e+00 0.000000000000000000e+00 0.000000000000000000e+00 0.000000000000000000e+00
0.000000000000000000e+00 0.000000000000000000e+00 0.000000000000000000e+00 0.000000000000000000e+00 0.000000000000000000e+00 0.000000000000000000e+00
0.000000000000000000e+00 0.000000000000000000e+00 0.000000000000000000e+00 0.000000000000000000e+00 0.000000000000000000e+00 0.000000000000000000e+00
0.000000000000000000e+00 0.000000000000000000e+00 0.000000000000000000e+00 0.000000000000000000e+00 0.000000000000000000e+00 0.000000000000000000e+00
0.000000000000000000e+00 0.000000000000000000e+00 0.000000000000000000e+00 0.000000000000000000e+00 0.000000000000000000e+00 0.000000000000000000e+00
0.000000000000000000e+00 0.000000000000000000e+00 0.000000000000000000e+00 0.000000000000000000e+00 0.000000000000000000e+00 0.000000000000000000e+00
0.000000000000000000e+00 0.000000000000000000e+00 0.000000000000000000e+00 0.000000000000000000e+00 0.000000000000000000e+00 0.000000000000000000e+00
0.000000000000000000e+00 0.000000000000000000e+00 0.000000000000000000e+00 0.000000000000000000e+00 0.000000000000000000e+00 0.000000000000000000e+00
0.000000000000000000e+00 0.000000000000000000e+00 0.000000000000000000e+00 0.000000000000000000e+00 0.000000000000000000e+00 0.000000000000000000e+00
0.000000000000000000e+00 0.000000000000000000e+00 0.000000000000000000e+00 0.000000000000000000e+00 0.000000000000000000e+00 0.000000000000000000e+00
0.000000000000000000e+00 0.000000000000000000e+00 0.000000000000000000e+00 0.000000000000000000e+00 0.000000000000000000e+00 0.000000000000000000e+00
0.000000000000000000e+00 0.000000000000000000e+00 0.000000000000000000e+00 0.000000000000000000e+00 0.000000000000000000e+00 0.000000000000000000e+00
0.000000000000000000e+00 0.000000000000000000e+00 0.000000000000000000e+00 0.000000000000000000e+00 0.000000000000000000e+00 0.000000000000000000e+00
0.000000000000000000e+00 0.000000000000000000e+00 0.000000000000000000e+00 0.000000000000000000e+00 0.000000000000000000e+00 0.000000000000000000e+00
0.000000000000000000e+00 0.000000000000000000e+00 0.000000000000000000e+00 0.000000000000000000e+00 0.000000000000000000e+00 0.000000000000000000e+00
0.000000000000000000e+00 0.000000000000000000e+00 0.000000000000000000e+00 0.000000000000000000e+00 0.000000000000000000e+00 0.000000000000000000e+00
0.000000000000000000e+00 0.000000000000000000e+00 0.000000000000000000e+00 0.000000000000000000e+00 0.000000000000000000e+00 0.000000000000000000e+00
0.000000000000000000e+00 0.000000000000000000e+00 0.000000000000000000e+00 0.000000000000000000e+00 0.000000000000000000e+00 0.000000000000000000e+00
0.000000000000000000e+00 0.000000000000000000e+00 0.000000000000000000e+00 0.000000000000000000e+00 0.000000000000000000e+00 0.000000000000000000e+00
0.000000000000000000e+00 0.000000000000000000e+00 0.000000000000000000e+00 0.000000000000000000e+00 0.000000000000000000e+00 0.000000000000000000e+00
0.000000000000000000e+00 0.000000000000000000e+00 0.000000000000000000e+00 0.000000000000000000e+00 0.000000000000000000e+00 0.000000000000000000e+00
0.000000000000000000e+00 0.000000000000000000e+00 0.000000000000000000e+00 0.000000000000000000e+00 0.000000000000000000e+00 0.000000000000000000e+00
0.000000000000000000e+00 0.000000000000000000e+00 0.000000000000000000e+00 0.000000000000000000e+00 0.000000000000000000e+00 0.000000000000000000e+00
0.000000000000000000e+00 0.000000000000000000e+00 0.000000000000000000e+00 0.000000000000000000e+00 0.000000000000000000e+00 0.000000000000000000e+00
0.000000000000000000e+00 0.000000000000000000e+00 0.000000000000000000e+00 0.000000000000000000e+00 0.000000000000000000e+00 0.000000000000000000e+00
0.000000000000000000e+00 0.000000000000000000e+00 0.000000000000000000e+00 0.000000000000000000e+00 0.000000000000000000e+00 0.000000000000000000e+00
0.000000000000000000e+00 0.000000000000000000e+00 0.000000000000000000e+00 0.000000000000000000e+00 0.000000000000000000e+00 0.000000000000000000e+00
0.000000000000000000e+00 0.000000000000000000e+00 0.000000000000000000e+00 0.000000000000000000e+00 0.000000000000000000e+00 0.000000000000000000e+00
0.000000000000000000e+00 0.000000000000000000e+00 0.000000000000000000e+00 0.000000000000000000e+00 0.000000000000000000e+00 0.000000000000000000e+00
0.000000000000000000e+00 0.000000000000000000e+00 0.000000000000000000e+00 0.000000000000000000e+00 0.000000000000000000e+00 0.000000000000000000e+00
0.000000000000000000e+00 0.000000000000000000e+00 0.000000000000000000e+00 0.000000000000000000e+00 0.000000000000000000e+00 0.000000000000000000e+00
0.000000000000000000e+00 0.000000000000000000e+00 0.000000000000000000e+00 0.000000000000000000e+00 0.000000000000000000e+00 0.000000000000000000e+00
0.000000000000000000e+00 0.000000000000000000e+00 0.000000000000000000e+00 0.000000000000000000e+00 0.000000000000000000e+00 0.000000000000000000e+00
0.000000000000000000e+00 0.000000000000000000e+00 0.000000000000000000e+00 0.000000000000000000e+00 0.000000000000000000e+00 0.000000000000000000e+00
0.000000000000000000e+00 0.000000000000000000e+00 0.000000000000000000e+00 0.000000000000000000e+00 0.000000000000000000e+00 0.000000000000000000e+00
0.000000000000000000e+00 0.000000000000000000e+00 0.000000000000000000e+00 0.000000000000000000e+00 0.000000000000000000e+00 0.000000000000000000e+00
0.000000000000000000e+00 0.000000000000000000e+00 0.000000000000000000e+00 0.000000000000000000e+00 0.000000000000000000e+00 0.000000000000000000e+00
0.000000000000000000e+00 0.000000000000000000e+00 0.000000000000000000e+00 0.000000000000000000e+00 0.000000000000000000e+00 0.000000000000000000e+00
0.000000000000000000e+00 0.000000000000000000e+00 0.000000000000000000e+00 0.000000000000000000e+00 0.000000000000000000e+00 0.000000000000000000e+00
0.000000000000000000e+00 0.000000000000000000e+00 0.000000000000000000e+00 0.000000000000000000e+00 0.000000000000000000e+00 0.000000000000000000e+00
0.000000000000000000e+00 0.000000000000000000e+00 0.000000000000000000e+00 0.000000000000000000e+00 0.000000000000000000e+00 0.000000000000000000e+00
0.000000000000000000e+00 0.000000000000000000e+00 0.000000000000000000e+00 0.000000000000000000e+00 0.000000000000000000e+00 0.000000000000000000e+00
0.000000000000000000e+00 0.000000000000000000e+00 0.000000000000000000e+00 0.000000000000000000e+00 0.000000000000000000e+00 0.000000000000000000e+00
0.000000000000000000e+00 0.000000000000000000e+00 0.000000000000000000e+00 0.000000000000000000e+00 0.000000000000000000e+00 0.000000000000000000e+00
0.000000000000000000e+00 0.000000000000000000e+00 0.000000000000000000e+00 0.000000000000000000e+00 0.000000000000000000e+00 0.000000000000000000e+00
0.000000000000000000e+00 0.000000000000000000e+00 0.000000000000000000e+00 0.000000000000000000e+00 0.000000000000000000e+00 0.000000000000000000e+00
0.000000000000000000e+00 0.000000000000000000e+00 0.000000000000000000e+00 0.000000000000000000e+00 0.000000000000000000e+00 0.000000000000000000e+00
0.000000000000000000e+00 0.000000000000000000e+00 0.000000000000000000e+00 0.000000000000000000e+00 0.000000000000000000e+00 0.000000000000000000e+00
5.058554932475090027e-02 2.748821489512920380e-02 1.464976072311401367e-01 3.636835515499114990e-01 3.779956996440887451e-01 5.091110616922378540e-02
1.011710986495018005e-01 5.497642979025840759e-02 2.929952144622802734e-01 7.273671030998229980e-01 7.559913992881774902e-01 1.018222123384475708e-01
1.517566442489624023e-01 8.246464282274246216e-02 4.394928216934204102e-01 1.091050624847412109e+00 1.133987069129943848e+00 1.527333259582519531e-01
2.023421972990036011e-01 1.099528595805168152e-01 5.859904289245605469e-01 1.454734206199645996e+00 1.511982798576354980e+00 2.036444246768951416e-01
2.529277503490447998e-01 1.374410688877105713e-01 7.324880361557006836e-01 1.818417668342590332e+00 1.889978408813476562e+00 2.545555233955383301e-01
3.035132884979248047e-01 1.649292856454849243e-01 8.789856433868408203e-01 2.182101249694824219e+00 2.267974138259887695e+00 3.054666519165039062e-01
4.327356815338134766e-01 4.824607968330383301e-01 1.124546885490417480e+00 2.295872688293457031e+00 1.953985691070556641e+00 6.177080869674682617e-01
5.619580745697021484e-01 7.999923229217529297e-01 1.370108246803283691e+00 2.409644365310668945e+00 1.639997124671936035e+00 9.299495220184326172e-01
6.911804080009460449e-01 1.117523789405822754e+00 1.615669488906860352e+00 2.523415803909301758e+00 1.326008677482604980e+00 1.242190957069396973e+00
8.204028010368347168e-01 1.435055375099182129e+00 1.861230850219726562e+00 2.637187242507934570e+00 1.012020111083984375e+00 1.554432392120361328e+00
9.496251940727233887e-01 1.752586841583251953e+00 2.106792211532592773e+00 2.750958919525146484e+00 6.980316638946533203e-01 1.866673827171325684e+00
1.078847527503967285e+00 2.070118427276611328e+00 2.352353334426879883e+00 2.864730358123779297e+00 3.840431571006774902e-01 2.178915262222290039e+00
1.312051534652709961e+00 1.798755764961242676e+00 2.010077714920043945e+00 2.720599412918090820e+00 3.526828289031982422e-01 2.301384687423706055e+00
1.545255541801452637e+00 1.527393102645874023e+00 1.667802095413208008e+00 2.576468706130981445e+00 3.213225305080413818e-01 2.423854112625122070e+00
1.778459668159484863e+00 1.256030440330505371e+00 1.325526475906372070e+00 2.432337760925292969e+00 2.899622321128845215e-01 2.546323299407958984e+00
2.011663675308227539e+00 9.846677184104919434e-01 9.832507967948913574e-01 2.288207054138183594e+00 2.586019337177276611e-01 2.668792724609375000e+00
2.244867563247680664e+00 7.133050560951232910e-01 6.409751176834106445e-01 2.144076108932495117e+00 2.272416204214096069e-01 2.791262149810791016e+00
2.478071689605712891e+00 4.419423937797546387e-01 2.986994683742523193e-01 1.999945402145385742e+00 1.958813071250915527e-01 2.913731336593627930e+00
2.478071689605712891e+00 4.419423937797546387e-01 2.986994683742523193e-01 1.999945402145385742e+00 1.958813071250915527e-01 2.913731336593627930e+00
2.478071689605712891e+00 4.419423937797546387e-01 2.986994683742523193e-01 1.999945402145385742e+00 1.958813071250915527e-01 2.913731336593627930e+00
2.478071689605712891e+00 4.419423937797546387e-01 2.986994683742523193e-01 1.999945402145385742e+00 1.958813071250915527e-01 2.913731336593627930e+00
2.478071689605712891e+00 4.419423937797546387e-01 2.986994683742523193e-01 1.999945402145385742e+00 1.958813071250915527e-01 2.913731336593627930e+00
2.478071689605712891e+00 4.419423937797546387e-01 2.986994683742523193e-01 1.999945402145385742e+00 1.958813071250915527e-01 2.913731336593627930e+00
2.478071689605712891e+00 4.419423937797546387e-01 2.986994683742523193e-01 1.999945402145385742e+00 1.958813071250915527e-01 2.913731336593627930e+00
2.478071689605712891e+00 4.419423937797546387e-01 2.986994683742523193e-01 1.999945402145385742e+00 1.958813071250915527e-01 2.913731336593627930e+00
2.478071689605712891e+00 4.419423937797546387e-01 2.986994683742523193e-01 1.999945402145385742e+00 1.958813071250915527e-01 2.913731336593627930e+00
2.478071689605712891e+00 4.419423937797546387e-01 2.986994683742523193e-01 1.999945402145385742e+00 1.958813071250915527e-01 2.913731336593627930e+00
2.478071689605712891e+00 4.419423937797546387e-01 2.986994683742523193e-01 1.999945402145385742e+00 1.958813071250915527e-01 2.913731336593627930e+00
2.478071689605712891e+00 4.419423937797546387e-01 2.986994683742523193e-01 1.999945402145385742e+00 1.958813071250915527e-01 2.913731336593627930e+00
2.478071689605712891e+00 4.419423937797546387e-01 2.986994683742523193e-01 1.999945402145385742e+00 1.958813071250915527e-01 2.913731336593627930e+00
2.478071689605712891e+00 4.419423937797546387e-01 2.986994683742523193e-01 1.999945402145385742e+00 1.958813071250915527e-01 2.913731336593627930e+00
2.478071689605712891e+00 4.419423937797546387e-01 2.986994683742523193e-01 1.999945402145385742e+00 1.958813071250915527e-01 2.913731336593627930e+00
2.478071689605712891e+00 4.419423937797546387e-01 2.986994683742523193e-01 1.999945402145385742e+00 1.958813071250915527e-01 2.913731336593627930e+00
2.478071689605712891e+00 4.419423937797546387e-01 2.986994683742523193e-01 1.999945402145385742e+00 1.958813071250915527e-01 2.913731336593627930e+00
2.478071689605712891e+00 4.419423937797546387e-01 2.986994683742523193e-01 1.999945402145385742e+00 1.958813071250915527e-01 2.913731336593627930e+00
2.478071689605712891e+00 4.419423937797546387e-01 2.986994683742523193e-01 1.999945402145385742e+00 1.958813071250915527e-01 2.913731336593627930e+00
2.478071689605712891e+00 4.419423937797546387e-01 2.986994683742523193e-01 1.999945402145385742e+00 1.958813071250915527e-01 2.913731336593627930e+00
2.478071689605712891e+00 4.419423937797546387e-01 2.986994683742523193e-01 1.999945402145385742e+00 1.958813071250915527e-01 2.913731336593627930e+00
2.478071689605712891e+00 4.419423937797546387e-01 2.986994683742523193e-01 1.999945402145385742e+00 1.958813071250915527e-01 2.913731336593627930e+00
2.478071689605712891e+00 4.419423937797546387e-01 2.986994683742523193e-01 1.999945402145385742e+00 1.958813071250915527e-01 2.913731336593627930e+00
2.478071689605712891e+00 4.419423937797546387e-01 2.986994683742523193e-01 1.999945402145385742e+00 1.958813071250915527e-01 2.913731336593627930e+00
2.478071689605712891e+00 4.419423937797546387e-01 2.986994683742523193e-01 1.999945402145385742e+00 1.958813071250915527e-01 2.913731336593627930e+00
2.478071689605712891e+00 4.419423937797546387e-01 2.986994683742523193e-01 1.999945402145385742e+00 1.958813071250915527e-01 2.913731336593627930e+00
2.478071689605712891e+00 4.419423937797546387e-01 2.986994683742523193e-01 1.999945402145385742e+00 1.958813071250915527e-01 2.913731336593627930e+00
2.478071689605712891e+00 4.419423937797546387e-01 2.986994683742523193e-01 1.999945402145385742e+00 1.958813071250915527e-01 2.913731336593627930e+00
2.478071689605712891e+00 4.419423937797546387e-01 2.986994683742523193e-01 1.999945402145385742e+00 1.958813071250915527e-01 2.913731336593627930e+00
2.478071689605712891e+00 4.419423937797546387e-01 2.986994683742523193e-01 1.999945402145385742e+00 1.958813071250915527e-01 2.913731336593627930e+00
2.478071689605712891e+00 4.419423937797546387e-01 2.986994683742523193e-01 1.999945402145385742e+00 1.958813071250915527e-01 2.913731336593627930e+00
2.478071689605712891e+00 4.419423937797546387e-01 2.986994683742523193e-01 1.999945402145385742e+00 1.958813071250915527e-01 2.913731336593627930e+00
2.478071689605712891e+00 4.419423937797546387e-01 2.986994683742523193e-01 1.999945402145385742e+00 1.958813071250915527e-01 2.913731336593627930e+00
2.478071689605712891e+00 4.419423937797546387e-01 2.986994683742523193e-01 1.999945402145385742e+00 1.958813071250915527e-01 2.913731336593627930e+00
2.478071689605712891e+00 4.419423937797546387e-01 2.986994683742523193e-01 1.999945402145385742e+00 1.958813071250915527e-01 2.913731336593627930e+00
2.478071689605712891e+00 4.419423937797546387e-01 2.986994683742523193e-01 1.999945402145385742e+00 1.958813071250915527e-01 2.913731336593627930e+00
2.478071689605712891e+00 4.419423937797546387e-01 2.986994683742523193e-01 1.999945402145385742e+00 1.958813071250915527e-01 2.913731336593627930e+00
2.478071689605712891e+00 4.419423937797546387e-01 2.986994683742523193e-01 1.999945402145385742e+00 1.958813071250915527e-01 2.913731336593627930e+00
2.478071689605712891e+00 4.419423937797546387e-01 2.986994683742523193e-01 1.999945402145385742e+00 1.958813071250915527e-01 2.913731336593627930e+00
2.478071689605712891e+00 4.419423937797546387e-01 2.986994683742523193e-01 1.999945402145385742e+00 1.958813071250915527e-01 2.913731336593627930e+00
2.478071689605712891e+00 4.419423937797546387e-01 2.986994683742523193e-01 1.999945402145385742e+00 1.958813071250915527e-01 2.913731336593627930e+00
2.478071689605712891e+00 4.419423937797546387e-01 2.986994683742523193e-01 1.999945402145385742e+00 1.958813071250915527e-01 2.913731336593627930e+00
2.478071689605712891e+00 4.419423937797546387e-01 2.986994683742523193e-01 1.999945402145385742e+00 1.958813071250915527e-01 2.913731336593627930e+00
2.478071689605712891e+00 4.419423937797546387e-01 2.986994683742523193e-01 1.999945402145385742e+00 1.958813071250915527e-01 2.913731336593627930e+00
2.478071689605712891e+00 4.419423937797546387e-01 2.986994683742523193e-01 1.999945402145385742e+00 1.958813071250915527e-01 2.913731336593627930e+00
2.478071689605712891e+00 4.419423937797546387e-01 2.986994683742523193e-01 1.999945402145385742e+00 1.958813071250915527e-01 2.913731336593627930e+00
2.478071689605712891e+00 4.419423937797546387e-01 2.986994683742523193e-01 1.999945402145385742e+00 1.958813071250915527e-01 2.913731336593627930e+00
2.478071689605712891e+00 4.419423937797546387e-01 2.986994683742523193e-01 1.999945402145385742e+00 1.958813071250915527e-01 2.913731336593627930e+00
2.478071689605712891e+00 4.419423937797546387e-01 2.986994683742523193e-01 1.999945402145385742e+00 1.958813071250915527e-01 2.913731336593627930e+00
2.478071689605712891e+00 4.419423937797546387e-01 2.986994683742523193e-01 1.999945402145385742e+00 1.958813071250915527e-01 2.913731336593627930e+00
2.478071689605712891e+00 4.419423937797546387e-01 2.986994683742523193e-01 1.999945402145385742e+00 1.958813071250915527e-01 2.913731336593627930e+00
2.478071689605712891e+00 4.419423937797546387e-01 2.986994683742523193e-01 1.999945402145385742e+00 1.958813071250915527e-01 2.913731336593627930e+00
2.478071689605712891e+00 4.419423937797546387e-01 2.986994683742523193e-01 1.999945402145385742e+00 1.958813071250915527e-01 2.913731336593627930e+00
2.478071689605712891e+00 4.419423937797546387e-01 2.986994683742523193e-01 1.999945402145385742e+00 1.958813071250915527e-01 2.913731336593627930e+00
2.478071689605712891e+00 4.419423937797546387e-01 2.986994683742523193e-01 1.999945402145385742e+00 1.958813071250915527e-01 2.913731336593627930e+00
2.478071689605712891e+00 4.419423937797546387e-01 2.986994683742523193e-01 1.999945402145385742e+00 1.958813071250915527e-01 2.913731336593627930e+00
2.478071689605712891e+00 4.419423937797546387e-01 2.986994683742523193e-01 1.999945402145385742e+00 1.958813071250915527e-01 2.913731336593627930e+00
2.478071689605712891e+00 4.419423937797546387e-01 2.986994683742523193e-01 1.999945402145385742e+00 1.958813071250915527e-01 2.913731336593627930e+00
2.478071689605712891e+00 4.419423937797546387e-01 2.986994683742523193e-01 1.999945402145385742e+00 1.958813071250915527e-01 2.913731336593627930e+00
2.478071689605712891e+00 4.419423937797546387e-01 2.986994683742523193e-01 1.999945402145385742e+00 1.958813071250915527e-01 2.913731336593627930e+00
2.478071689605712891e+00 4.419423937797546387e-01 2.986994683742523193e-01 1.999945402145385742e+00 1.958813071250915527e-01 2.913731336593627930e+00
2.478071689605712891e+00 4.419423937797546387e-01 2.986994683742523193e-01 1.999945402145385742e+00 1.958813071250915527e-01 2.913731336593627930e+00
2.478071689605712891e+00 4.419423937797546387e-01 2.986994683742523193e-01 1.999945402145385742e+00 1.958813071250915527e-01 2.913731336593627930e+00
2.478071689605712891e+00 4.419423937797546387e-01 2.986994683742523193e-01 1.999945402145385742e+00 1.958813071250915527e-01 2.913731336593627930e+00
2.478071689605712891e+00 4.419423937797546387e-01 2.986994683742523193e-01 1.999945402145385742e+00 1.958813071250915527e-01 2.913731336593627930e+00
2.478071689605712891e+00 4.419423937797546387e-01 2.986994683742523193e-01 1.999945402145385742e+00 1.958813071250915527e-01 2.913731336593627930e+00
2.478071689605712891e+00 4.419423937797546387e-01 2.986994683742523193e-01 1.999945402145385742e+00 1.958813071250915527e-01 2.913731336593627930e+00
2.478071689605712891e+00 4.419423937797546387e-01 2.986994683742523193e-01 1.999945402145385742e+00 1.958813071250915527e-01 2.913731336593627930e+00
2.478071689605712891e+00 4.419423937797546387e-01 2.986994683742523193e-01 1.999945402145385742e+00 1.958813071250915527e-01 2.913731336593627930e+00
2.478071689605712891e+00 4.419423937797546387e-01 2.986994683742523193e-01 1.999945402145385742e+00 1.958813071250915527e-01 2.913731336593627930e+00
2.478071689605712891e+00 4.419423937797546387e-01 2.986994683742523193e-01 1.999945402145385742e+00 1.958813071250915527e-01 2.913731336593627930e+00
2.478071689605712891e+00 4.419423937797546387e-01 2.986994683742523193e-01 1.999945402145385742e+00 1.958813071250915527e-01 2.913731336593627930e+00
2.478071689605712891e+00 4.419423937797546387e-01 2.986994683742523193e-01 1.999945402145385742e+00 1.958813071250915527e-01 2.913731336593627930e+00
