0.000000000000000000e+00 0.000000000000000000e+00 0.000000000000000000e+00 0.000000000000000000e+00 0.000000000000000000e+00 0.000000000000000000e+00
0.000000000000000000e+00 0.000000000000000000e+00 0.000000000000000000e+00 0.000000000000000000e+00 0.000000000000000000e+00 0.000000000000000000e+00
0.000000000000000000e+00 0.000000000000000000e+00 0.000000000000000000e+00 0.000000000000000000e+00 0.000000000000000000e+00 0.000000000000000000e+00
0.000000000000000000e+00 0.000000000000000000e+00 0.000000000000000000e+00 0.000000000000000000e+00 0.000000000000000000e+00 0.000000000000000000e+00
0.000000000000000000e+00 0.000000000000000000e+00 0.000000000000000000e+00 0.000000000000000000e+00 0.000000000000000000e+00 0.000000000000000000e+00
0.000000000000000000e+00 0.000000000000000000e+00 0.000000000000000000e+00 0.000000000000000000e+00 0.000000000000000000e+00 0.000000000000000000e+00
0.000000000000000000e+00 0.000000000000000000e+00 0.000000000000000000e+00 0.000000000000000000e+00 0.000000000000000000e+00 0.000000000000000000e+00
0.000000000000000000e+00 0.000000000000000000e+00 0.000000000000000000e+00 0.000000000000000000e+00 0.000000000000000000e+00 0.000000000000000000e+00
0.000000000000000000e+00 0.000000000000000000e+00 0.000000000000000000e+00 0.000000000000000000e+00 0.000000000000000000e+00 0.000000000000000000e+00
0.000000000000000000e+00 0.000000000000000000e+00 0.000000000000000000e+00 0.000000000000000000e+00 0.000000000000000000e+00 0.000000000000000000e+00
0.000000000000000000e+00 0.000000000000000000e+00 0.000000000000000000e+00 0.000000000000000000e+00 0.000000000000000000e+00 0.000000000000000000e+00
0.000000000000000000e+00 0.000000000000000000e+00 0.000000000000000000e+00 0.000000000000000000e+00 0.000000000000000000e+00 0.000000000000000000e+00
0.000000000000000000e+00 0.000000000000000000e+00 0.000000000000000000e+00 0.000000000000000000e+00 0.000000000000000000e+00 0.000000000000000000e+00
0.000000000000000000e+00 0.000000000000000000e+00 0.000000000000000000e+00 0.000000000000000000e+00 0.000000000000000000e+00 0.000000000000000000e+00
0.000000000000000000e+00 0.000000000000000000e+00 0.000000000000000000e+00 0.000000000000000000e+00 0.000000000000000000e+00 0.000000000000000000e+00
0.000000000000000000e+00 0.000000000000000000e+00 0.000000000000000000e+00 0.000000000000000000e+00 0.000000000000000000e+00 0.000000000000000000e+00
0.000000000000000000e+00 0.000000000000000000e+00 0.000000000000000000e+00 0.000000000000000000e+00 0.000000000000000000e+00 0.000000000000000000e+00
0.000000000000000000e+00 0.000000000000000000e+00 0.000000000000000000e+00 0.000000000000000000e+00 0.000000000000000000e+00 0.000000000000000000e+00
0.000000000000000000e+00 0.000000000000000000e+00 0.000000000000000000e+00 0.000000000000000000e+00 0.000000000000000000e+00 0.000000000000000000e+00
0.000000000000000000e+00 0.000000000000000000e+00 0.000000000000000000e+00 0.000000000000000000e+00 0.000000000000000000e+00 0.000000000000000000e+00
0.000000000000000000e+00 0.000000000000000000e+00 0.000000000000000000e+00 0.000000000000000000e+00 0.000000000000000000e+00 0.000000000000000000e+00
0.000000000000000000e+00 0.000000000000000000e+00 0.000000000000000000e+00 0.000000000000000000e+00 0.000000000000000000e+00 0.000000000000000000e+00
0.000000000000000000e+00 0.000000000000000000e+00 0.000000000000000000e+00 0.000000000000000000e+00 0.000000000000000000e+00 0.000000000000000000e+00
0.000000000000000000e+00 0.000000000000000000e+00 0.000000000000000000e+00 0.000000000000000000e+00 0.000000000000000000e+00 0.000000000000000000e+00
0.000000000000000000e+00 0.000000000000000000e+00 0.000000000000000000e+00 0.000000000000000000e+00 0.000000000000000000e+00 0.000000000000000000e+00
0.000000000000000000e+00 0.000000000000000000e+00 0.000000000000000000e+00 0.000000000000000000e+00 0.000000000000000000e+00 0.000000000000000000e+00
0.000000000000000000e+00 0.000000000000000000e+00 0.000000000000000000e+00 0.000000000000000000e+00 0.000000000000000000e+00 0.000000000000000000e+00
0.000000000000000000e+00 0.000000000000000000e+00 0.000000000000000000e+00 0.000000000000000000e+00 0.000000000000000000e+00 0.000000000000000000e+00
0.000000000000000000e+00 0.000000000000000000e+00 0.000000000000000000e+00 0.000000000000000000e+00 0.000000000000000000e+00 0.000000000000000000e+00
0.000000000000000000e+00 0.000000000000000000e+00 0.000000000000000000e+00 0.000000000000000000e+00 0.000000000000000000e+00 0.000000000000000000e+00
0.000000000000000000e+00 0.000000000000000000e+00 0.000000000000000000e+00 0.000000000000000000e+00 0.000000000000000000e+00 0.000000000000000000e+00
0.000000000000000000e+00 0.000000000000000000e+00 0.000000000000000000e+00 0.000000000000000000e+00 0.000000000000000000e+00 0.000000000000000000e+00
0.000000000000000000e+00 0.000000000000000000e+00 0.000000000000000000e+00 0.000000000000000000e+00 0.000000000000000000e+00 0.000000000000000000e+00
0.000000000000000000e+00 0.000000000000000000e+00 0.000000000000000000e+00 0.000000000000000000e+00 0.000000000000000000e+00 0.000000000000000000e+00
0.000000000000000000e+00 0.000000000000000000e+00 0.000000000000000000e+00 0.000000000000000000e+00 0.000000000000000000e+00 0.000000000000000000e+00
0.000000000000000000e+00 0.000000000000000000e+00 0.000000000000000000e+00 0.000000000000000000e+00 0.000000000000000000e+00 0.000000000000000000e+00
0.000000000000000000e+00 0.000000000000000000e+00 0.000000000000000000e+00 0.000000000000000000e+00 0.000000000000000000e+00 0.000000000000000000e+00
0.000000000000000000e+00 0.000000000000000000e+00 0.000000000000000000e+00 0.000000000000000000e+00 0.000000000000000000e+00 0.000000000000000000e+00
0.000000000000000000e+00 0.000000000000000000e+00 0.000000000000000000e+00 0.000000000000000000e+00 0.000000000000000000e+00 0.000000000000000000e+00
0.000000000000000000e+00 0.000000000000000000e+00 0.000000000000000000e+00 0.000000000000000000e+00 0.000000000000000000e+00 0.000000000000000000e+00
0.000000000000000000e+00 0.000000000000000000e+00 0.000000000000000000e+00 0.000000000000000000e+00 0.000000000000000000e+00 0.000000000000000000e+00
0.000000000000000000e+00 0.000000000000000000e+00 0.000000000000000000e+00 0.000000000000000000e+00 0.000000000000000000e+00 0.000000000000000000e+00
0.000000000000000000e+00 0.000000000000000000e+00 0.000000000000000000e+00 0.000000000000000000e+00 0.000000000000000000e+00 0.000000000000000000e+00
0.000000000000000000e+00 0.000000000000000000e+00 0.000000000000000000e+00 0.000000000000000000e+00 0.000000000000000000e+00 0.000000000000000000e+00
0.000000000000000000e+00 0.000000000000000000e+00 0.000000000000000000e+00 0.000000000000000000e+00 0.000000000000000000e+00 0.000000000000000000e+00
0.000000000000000000e+00 0.000000000000000000e+00 0.000000000000000000e+00 0.000000000000000000e+00 0.000000000000000000e+00 0.000000000000000000e+00
0.000000000000000000e+00 0.000000000000000000e+00 0.000000000000000000e+00 0.000000000000000000e+00 0.000000000000000000e+00 0.000000000000000000e+00
0.000000000000000000e+00 0.000000000000000000e+00 0.000000000000000000e+00 0.000000000000000000e+00 0.000000000000000000e+00 0.000000000000000000e+00
0.000000000000000000e+00 0.000000000000000000e+00 0.000000000000000000e+00 0.000000000000000000e+00 0.000000000000000000e+00 0.000000000000000000e+00
0.000000000000000000e+00 0.000000000000000000e+00 0.000000000000000000e+00 0.000000000000000000e+00 0.000000000000000000e+00 0.000000000000000000e+00
0.000000000000000000e+00 0.000000000000000000e+00 0.000000000000000000e+00 0.000000000000000000e+00 0.000000000000000000e+00 0.000000000000000000e+00
0.000000000000000000e+00 0.000000000000000000e+00 0.000000000000000000e+00 0.000000000000000000e+00 0.000000000000000000e+00 0.000000000000000000e+00
0.000000000000000000e+00 0.000000000000000000e+00 0.000000000000000000e+00 0.000000000000000000e+00 0.000000000000000000e+00 0.000000000000000000e+00
0.000000000000000000e+00 0.000000000000000000e+00 0.000000000000000000e+00 0.000000000000000000e+00 0.000000000000000000e+00 0.000000000000000000e+00
0.000000000000000000e+00 0.000000000000000000e+00 0.000000000000000000e+00 0.000000000000000000e+00 0.000000000000000000e+00 0.000000000000000000e+00
0.000000000000000000e+00 0.000000000000000000e+00 0.000000000000000000e+00 0.000000000000000000e+00 0.000000000000000000e+00 0.000000000000000000e+00
0.000000000000000000e+00 0.000000000000000000e+00 0.000000000000000000e+00 0.000000000000000000e+00 0.000000000000000000e+00 0.000000000000000000e+00
0.000000000000000000e+00 0.000000000000000000e+00 0.000000000000000000e+00 0.000000000000000000e+00 0.000000000000000000e+00 0.000000000000000000e+00
0.000000000000000000e+00 0.000000000000000000e+00 0.000000000000000000e+00 0.000000000000000000e+00 0.000000000000000000e+00 0.000000000000000000e+00
0.000000000000000000e+00 0.000000000000000000e+00 0.000000000000000000e+00 0.000000000000000000e+00 0.000000000000000000e+00 0.000000000000000000e+00
0.000000000000000000e+00 0.000000000000000000e+00 0.000000000000000000e+00 0.000000000000000000e+00 0.000000000000000000e+00 0.000000000000000000e+00
0.000000000000000000e+00 0.000000000000000000e+00 0.000000000000000000e+00 0.000000000000000000e+00 0.000000000000000000e+00 0.000000000000000000e+00
0.000000000000000000e+00 0.000000000000000000e+00 0.000000000000000000e+00 0.000000000000000000e+00 0.000000000000000000e+00 0.000000000000000000e+00
0.000000000000000000e+00 0.000000000000000000e+00 0.000000000000000000e+00 0.000000000000000000e+00 0.000000000000000000e+00 0.000000000000000000e+00
0.000000000000000000e+00 0.000000000000000000e+00 0.000000000000000000e+00 0.000000000000000000e+00 0.000000000000000000e+00 0.000000000000000000e+00
0.000000000000000000e+00 0.000000000000000000e+00 0.000000000000000000e+00 0.000000000000000000e+00 0.000000000000000000e+00 0.000000000000000000e+00
0.000000000000000000e+00 0.000000000000000000e+00 0.000000000000000000e+00 0.000000000000000000e+00 0.000000000000000000e+00 0.000000000000000000e+00
0.000000000000000000e+00 0.000000000000000000e+00 0.000000000000000000e+00 0.000000000000000000e+00 0.000000000000000000e+00 0.000000000000000000e+00
0.000000000000000000e+00 0.000000000000000000e+00 0.000000000000000000e+00 0.000000000000000000e+00 0.000000000000000000e+00 0.000000000000000000e+00
0.000000000000000000e+00 0.000000000000000000e+00 0.000000000000000000e+00 0.000000000000000000e+00 0.000000000000000000e+00 0.000000000000000000e+00
0.000000000000000000e+00 0.000000000000000000e+00 0.000000000000000000e+00 0.000000000000000000e+00 0.000000000000000000e+00 0.000000000000000000e+00
0.000000000000000000e+00 0.000000000000000000e+00 0.000000000000000000e+00 0.000000000000000000e+00 0.000000000000000000e+00 0.000000000000000000e+00
0.000000000000000000e+00 0.000000000000000000e+00 0.000000000000000000e+00 0.000000000000000000e+00 0.000000000000000000e+00 0.000000000000000000e+00
0.000000000000000000e+00 0.000000000000000000e+00 0.000000000000000000e+00 0.000000000000000000e+00 0.000000000000000000e+00 0.000000000000000000e+00
0.000000000000000000e+00 0.000000000000000000e+00 0.000000000000000000e+00 0.000000000000000000e+00 0.000000000000000000e+00 0.000000000000000000e+00
0.000000000000000000e+00 0.000000000000000000e+00 0.000000000000000000e+00 0.000000000000000000e+00 0.000000000000000000e+00 0.000000000000000000e+00
0.000000000000000000e+00 0.000000000000000000e+00 0.000000000000000000e+00 0.000000000000000000e+00 0.000000000000000000e+00 0.000000000000000000e+00
0.000000000000000000e+00 0.000000000000000000e+00 0.000000000000000000e+00 0.000000000000000000e+00 0.000000000000000000e+00 0.000000000000000000e+00
0.000000000000000000e+00 0.000000000000000000e+00 0.000000000000000000e+00 0.000000000000000000e+00 0.000000000000000000e+00 0.000000000000000000e+00
0.000000000000000000e+00 0.000000000000000000e+00 0.000000000000000000e+00 0.000000000000000000e+00 0.000000000000000000e+00 0.000000000000000000e+00
0.000000000000000000e+00 0.000000000000000000e+00 0.000000000000000000e+00 0.000000000000000000e+00 0.000000000000000000e+00 0.000000000000000000e+00
0.000000000000000000e+00 0.000000000000000000e+00 0.000000000000000000e+00 0.000000000000000000e+00 0.000000000000000000e+00 0.000000000000000000e+00
0.000000000000000000e+00 0.000000000000000000e+00 0.000000000000000000e+00 0.000000000000000000e+00 0.000000000000000000e+00 0.000000000000000000e+00
0.000000000000000000e+00 0.000000000000000000e+00 0.000000000000000000e+00 0.000000000000000000e+00 0.000000000000000000e+00 0.000000000000000000e+00
0.000000000000000000e+00 0.000000000000000000e+00 0.000000000000000000e+00 0.000000000000000000e+00 0.000000000000000000e+00 0.000000000000000000e+00
0.000000000000000000e+00 0.000000000000000000e+00 0.000000000000000000e+00 0.000000000000000000e+00 0.000000000000000000e+00 0.000000000000000000e+00
0.000000000000000000e+00 0.000000000000000000e+00 0.000000000000000000e+00 0.000000000000000000e+00 0.000000000000000000e+00 0.000000000000000000e+00
0.000000000000000000e+00 0.000000000000000000e+00 0.000000000000000000e+00 0.000000000000000000e+00 0.000000000000000000e+00 0.000000000000000000e+00
0.000000000000000000e+00 0.000000000000000000e+00 0.000000000000000000e+00 0.000000000000000000e+00 0.000000000000000000e+00 0.000000000000000000e+00
0.000000000000000000e+00 0.000000000000000000e+00 0.000000000000000000e+00 0.000000000000000000e+00 0.000000000000000000e+00 0.000000000000000000e+00
0.000000000000000000e+00 0.000000000000000000e+00 0.000000000000000000e+00 0.000000000000000000e+00 0.000000000000000000e+00 0.000000000000000000e+00
0.000000000000000000e+00 0.000000000000000000e+00 0.000000000000000000e+00 0.000000000000000000e+00 0.000000000000000000e+00 0.000000000000000000e+00
0.000000000000000000e+00 0.000000000000000000e+00 0.000000000000000000e+00 0.000000000000000000e+00 0.000000000000000000e+00 0.000000000000000000e+00
0.000000000000000000e+00 0.000000000000000000e+00 0.000000000000000000e+00 0.000000000000000000e+00 0.000000000000000000e+00 0.000000000000000000e+00
0.000000000000000000e+00 0.000000000000000000e+00 0.000000000000000000e+00 0.000000000000000000e+00 0.000000000000000000e+00 0.000000000000000000e+00
0.000000000000000000e+00 0.000000000000000000e+00 0.000000000000000000e+00 0.000000000000000000e+00 0.000000000000000000e+00 0.000000000000000000e+00
0.000000000000000000e+00 0.000000000000000000e+00 0.000000000000000000e+00 0.000000000000000000e+00 0.000000000000000000e+00 0.000000000000000000e+00
0.000000000000000000e+00 0.000000000000000000e+00 0.000000000000000000e+00 0.000000000000000000e+00 0.000000000000000000e+00 0.000000000000000000e+00
0.000000000000000000e+00 0.000000000000000000e+00 0.000000000000000000e+00 0.000000000000000000e+00 0.000000000000000000e+00 0.000000000000000000e+00
0.000000000000000000e+00 0.000000000000000000e+00 0.000000000000000000e+00 0.000000000000000000e+00 0.000000000000000000e+00 0.000000000000000000e+00
0.000000000000000000e+00 0.000000000000000000e+00 0.000000000000000000e+00 0.000000000000000000e+00 0.000000000000000000e+00 0.000000000000000000e+00
7.280760258436203003e-02 6.088186055421829224e-02 6.386568397283554077e-02 5.662741512060165405e-02 5.980194360017776489e-02 1.481002848595380783e-02
1.456152051687240601e-01 1.217637211084365845e-01 1.277313679456710815e-01 1.132548302412033081e-01 1.196038872003555298e-01 2.962005697190761566e-02
2.184228003025054932e-01 1.826455742120742798e-01 1.915970593690872192e-01 1.698822528123855591e-01 1.794058233499526978e-01 4.443008452653884888e-02
2.912304103374481201e-01 2.435274422168731689e-01 2.554627358913421631e-01 2.265096604824066162e-01 2.392077744007110596e-01 5.924011394381523132e-02
3.640380203723907471e-01 3.044092953205108643e-01 3.193284273147583008e-01 2.831370830535888672e-01 2.990097105503082275e-01 7.405014336109161377e-02
4.368456006050109863e-01 3.652911484241485596e-01 3.831941187381744385e-01 3.397645056247711182e-01 3.588116466999053955e-01 8.886016905307769775e-02
5.096532106399536133e-01 4.261730313301086426e-01 4.470598101615905762e-01 3.963919281959533691e-01 4.186135828495025635e-01 1.036702021956443787e-01
5.824608206748962402e-01 4.870548844337463379e-01 5.109254717826843262e-01 4.530193209648132324e-01 4.784155488014221191e-01 1.184802278876304626e-01
6.552684307098388672e-01 5.479367375373840332e-01 5.747911930084228516e-01 5.096467733383178711e-01 5.382174849510192871e-01 1.332902610301971436e-01
7.280760407447814941e-01 6.088185906410217285e-01 6.386568546295166016e-01 5.662741661071777344e-01 5.980194211006164551e-01 1.481002867221832275e-01
8.008835911750793457e-01 6.697004437446594238e-01 7.025225758552551270e-01 6.229015588760375977e-01 6.578213572502136230e-01 1.629103124141693115e-01
8.736912012100219727e-01 7.305822968482971191e-01 7.663882374763488770e-01 6.795290112495422363e-01 7.176232933998107910e-01 1.777203381061553955e-01
9.464988112449645996e-01 7.914642095565795898e-01 8.302539587020874023e-01 7.361564040184020996e-01 7.774252295494079590e-01 1.925303637981414795e-01
1.019306421279907227e+00 8.523460626602172852e-01 8.941196203231811523e-01 7.927838563919067383e-01 8.372271656990051270e-01 2.073404043912887573e-01
1.092113971710205078e+00 9.132279157638549805e-01 9.579852819442749023e-01 8.494112491607666016e-01 8.970291614532470703e-01 2.221504300832748413e-01
1.164921641349792480e+00 9.741097688674926758e-01 1.021850943565368652e+00 9.060386419296264648e-01 9.568310976028442383e-01 2.369604557752609253e-01
1.237729191780090332e+00 1.034991621971130371e+00 1.085716724395751953e+00 9.626660943031311035e-01 1.016633033752441406e+00 2.517704963684082031e-01
1.310536861419677734e+00 1.095873475074768066e+00 1.149582386016845703e+00 1.019293546676635742e+00 1.076434969902038574e+00 2.665805220603942871e-01
1.383344411849975586e+00 1.156755328178405762e+00 1.213448047637939453e+00 1.075920939445495605e+00 1.136236906051635742e+00 2.813905477523803711e-01
1.456152081489562988e+00 1.217637181282043457e+00 1.277313709259033203e+00 1.132548332214355469e+00 1.196038842201232910e+00 2.962005734443664551e-01
1.528959631919860840e+00 1.278519034385681152e+00 1.341179370880126953e+00 1.189175724983215332e+00 1.255840778350830078e+00 3.110105991363525391e-01
1.601767182350158691e+00 1.339400887489318848e+00 1.405045151710510254e+00 1.245803117752075195e+00 1.315642714500427246e+00 3.258206248283386230e-01
1.674574851989746094e+00 1.400282740592956543e+00 1.468910813331604004e+00 1.302430629730224609e+00 1.375444650650024414e+00 3.406306505203247070e-01
1.747382402420043945e+00 1.461164593696594238e+00 1.532776474952697754e+00 1.359058022499084473e+00 1.435246586799621582e+00 3.554406762123107910e-01
1.820190072059631348e+00 1.522046446800231934e+00 1.596642136573791504e+00 1.415685415267944336e+00 1.495048522949218750e+00 3.702507019042968750e-01
1.892997622489929199e+00 1.582928419113159180e+00 1.660507917404174805e+00 1.472312808036804199e+00 1.554850459098815918e+00 3.850607275962829590e-01
1.965805292129516602e+00 1.643810272216796875e+00 1.724373579025268555e+00 1.528940200805664062e+00 1.614652395248413086e+00 3.998707830905914307e-01
2.038612842559814453e+00 1.704692125320434570e+00 1.788239240646362305e+00 1.585567712783813477e+00 1.674454331398010254e+00 4.146808087825775146e-01
2.111420392990112305e+00 1.765573978424072266e+00 1.852104902267456055e+00 1.642195105552673340e+00 1.734256386756896973e+00 4.294908344745635986e-01
2.184227943420410156e+00 1.826455831527709961e+00 1.915970563888549805e+00 1.698822498321533203e+00 1.794058322906494141e+00 4.443008601665496826e-01
2.175899744033813477e+00 1.771110415458679199e+00 1.895105838775634766e+00 1.699196219444274902e+00 1.746777772903442383e+00 5.249160528182983398e-01
2.167571306228637695e+00 1.715764999389648438e+00 1.874240994453430176e+00 1.699569940567016602e+00 1.699497222900390625e+00 6.055312752723693848e-01
2.159242868423461914e+00 1.660419583320617676e+00 1.853376269340515137e+00 1.699943542480468750e+00 1.652216672897338867e+00 6.861464977264404297e-01
2.150914430618286133e+00 1.605074286460876465e+00 1.832511425018310547e+00 1.700317263603210449e+00 1.604936122894287109e+00 7.667617201805114746e-01
2.142585992813110352e+00 1.549728870391845703e+00 1.811646580696105957e+00 1.700690984725952148e+00 1.557655572891235352e+00 8.473769426345825195e-01
2.134257555007934570e+00 1.494383454322814941e+00 1.790781855583190918e+00 1.701064705848693848e+00 1.510375022888183594e+00 9.279921054840087891e-01
2.125929117202758789e+00 1.439038038253784180e+00 1.769917011260986328e+00 1.701438426971435547e+00 1.463094472885131836e+00 1.008607387542724609e+00
2.117600679397583008e+00 1.383692622184753418e+00 1.749052166938781738e+00 1.701812148094177246e+00 1.415813922882080078e+00 1.089222550392150879e+00
2.109272241592407227e+00 1.328347325325012207e+00 1.728187441825866699e+00 1.702185869216918945e+00 1.368533372879028320e+00 1.169837713241577148e+00
2.100943803787231445e+00 1.273001909255981445e+00 1.707322597503662109e+00 1.702559471130371094e+00 1.321252822875976562e+00 1.250452995300292969e+00
2.092615365982055664e+00 1.217656493186950684e+00 1.686457872390747070e+00 1.702933192253112793e+00 1.273972272872924805e+00 1.331068158149719238e+00
2.084287166595458984e+00 1.162311077117919922e+00 1.665593028068542480e+00 1.703306913375854492e+00 1.226691722869873047e+00 1.411683440208435059e+00
2.075958728790283203e+00 1.106965661048889160e+00 1.644728183746337891e+00 1.703680634498596191e+00 1.179411172866821289e+00 1.492298603057861328e+00
2.067630290985107422e+00 1.051620364189147949e+00 1.623863458633422852e+00 1.704054355621337891e+00 1.132130622863769531e+00 1.572913885116577148e+00
2.059301853179931641e+00 9.962749481201171875e-01 1.602998614311218262e+00 1.704428076744079590e+00 1.084850072860717773e+00 1.653529047966003418e+00
2.050973415374755859e+00 9.409295320510864258e-01 1.582133769989013672e+00 1.704801678657531738e+00 1.037569522857666016e+00 1.734144210815429688e+00
2.042644977569580078e+00 8.855841755867004395e-01 1.561269044876098633e+00 1.705175399780273438e+00 9.902889132499694824e-01 1.814759492874145508e+00
2.034316539764404297e+00 8.302387595176696777e-01 1.540404200553894043e+00 1.705549120903015137e+00 9.430083632469177246e-01 1.895374655723571777e+00
2.025988101959228516e+00 7.748933434486389160e-01 1.519539475440979004e+00 1.705922842025756836e+00 8.957278132438659668e-01 1.975989937782287598e+00
2.017659664154052734e+00 7.195479869842529297e-01 1.498674631118774414e+00 1.706296563148498535e+00 8.484472632408142090e-01 2.056605100631713867e+00
2.009331226348876953e+00 6.642025709152221680e-01 1.477809786796569824e+00 1.706670284271240234e+00 8.011667132377624512e-01 2.137220382690429688e+00
2.001003026962280273e+00 6.088572144508361816e-01 1.456945061683654785e+00 1.707043886184692383e+00 7.538861632347106934e-01 2.217835426330566406e+00
1.992674469947814941e+00 5.535117983818054199e-01 1.436080217361450195e+00 1.707417607307434082e+00 7.066056132316589355e-01 2.298450708389282227e+00
1.984346032142639160e+00 4.981664121150970459e-01 1.415215373039245605e+00 1.707791328430175781e+00 6.593250632286071777e-01 2.379065990447998047e+00
1.976017713546752930e+00 4.428210258483886719e-01 1.394350647926330566e+00 1.708165049552917480e+00 6.120445132255554199e-01 2.459681272506713867e+00
1.967689275741577148e+00 3.874756097793579102e-01 1.373485803604125977e+00 1.708538770675659180e+00 5.647639632225036621e-01 2.540296316146850586e+00
1.959360837936401367e+00 3.321302235126495361e-01 1.352621078491210938e+00 1.708912491798400879e+00 5.174834132194519043e-01 2.620911598205566406e+00
1.951032400131225586e+00 2.767848372459411621e-01 1.331756234169006348e+00 1.709286093711853027e+00 4.702028632164001465e-01 2.701526880264282227e+00
1.942703962326049805e+00 2.214394509792327881e-01 1.310891389846801758e+00 1.709659814834594727e+00 4.229223132133483887e-01 2.782141923904418945e+00
1.934375643730163574e+00 1.660940498113632202e-01 1.290026664733886719e+00 1.710033535957336426e+00 3.756417632102966309e-01 2.862757205963134766e+00
1.937428712844848633e+00 2.109585553407669067e-01 1.293921589851379395e+00 1.748501420021057129e+00 4.237245917320251465e-01 2.796669483184814453e+00
1.940481781959533691e+00 2.558230459690093994e-01 1.297816514968872070e+00 1.786969304084777832e+00 4.718074202537536621e-01 2.730581521987915039e+00
1.943534970283508301e+00 3.006875514984130859e-01 1.301711440086364746e+00 1.825437068939208984e+00 5.198902487754821777e-01 2.664493799209594727e+00
1.946588039398193359e+00 3.455520570278167725e-01 1.305606365203857422e+00 1.863904953002929688e+00 5.679730772972106934e-01 2.598405838012695312e+00
1.949641227722167969e+00 3.904165327548980713e-01 1.309501290321350098e+00 1.902372837066650391e+00 6.160559058189392090e-01 2.532318115234375000e+00
1.952694296836853027e+00 4.352810382843017578e-01 1.313396215438842773e+00 1.940840601921081543e+00 6.641387343406677246e-01 2.466230154037475586e+00
1.955747485160827637e+00 4.801455438137054443e-01 1.317291140556335449e+00 1.979308485984802246e+00 7.122215628623962402e-01 2.400142431259155273e+00
1.958800554275512695e+00 5.250100493431091309e-01 1.321186065673828125e+00 2.017776250839233398e+00 7.603043913841247559e-01 2.334054470062255859e+00
1.961853623390197754e+00 5.698745250701904297e-01 1.325081110000610352e+00 2.056244134902954102e+00 8.083872199058532715e-01 2.267966747283935547e+00
1.964906811714172363e+00 6.147390007972717285e-01 1.328976035118103027e+00 2.094712018966674805e+00 8.564700484275817871e-01 2.201878786087036133e+00
1.967959880828857422e+00 6.596035361289978027e-01 1.332870960235595703e+00 2.133179903030395508e+00 9.045528769493103027e-01 2.135790824890136719e+00
1.971013069152832031e+00 7.044680118560791016e-01 1.336765885353088379e+00 2.171647787094116211e+00 9.526357054710388184e-01 2.069703102111816406e+00
1.974066138267517090e+00 7.493325471878051758e-01 1.340660810470581055e+00 2.210115432739257812e+00 1.000718593597412109e+00 2.003615140914916992e+00
1.977119326591491699e+00 7.941970229148864746e-01 1.344555735588073730e+00 2.248583316802978516e+00 1.048801422119140625e+00 1.937527418136596680e+00
1.980172395706176758e+00 8.390614986419677734e-01 1.348450660705566406e+00 2.287051200866699219e+00 1.096884250640869141e+00 1.871439576148986816e+00
1.983225464820861816e+00 8.839260339736938477e-01 1.352345585823059082e+00 2.325519084930419922e+00 1.144967079162597656e+00 1.805351734161376953e+00
1.986278653144836426e+00 9.287905097007751465e-01 1.356240510940551758e+00 2.363986968994140625e+00 1.193049907684326172e+00 1.739263892173767090e+00
1.989331722259521484e+00 9.736549854278564453e-01 1.360135555267333984e+00 2.402454853057861328e+00 1.241132736206054688e+00 1.673176050186157227e+00
1.992384910583496094e+00 1.018519520759582520e+00 1.364030480384826660e+00 2.440922737121582031e+00 1.289215564727783203e+00 1.607088208198547363e+00
1.995437979698181152e+00 1.063384056091308594e+00 1.367925405502319336e+00 2.479390382766723633e+00 1.337298393249511719e+00 1.541000366210937500e+00
1.998491168022155762e+00 1.108248472213745117e+00 1.371820330619812012e+00 2.517858266830444336e+00 1.385381221771240234e+00 1.474912524223327637e+00
2.001544237136840820e+00 1.153113007545471191e+00 1.375715255737304688e+00 2.556326150894165039e+00 1.433464050292968750e+00 1.408824682235717773e+00
2.004597425460815430e+00 1.197977542877197266e+00 1.379610180854797363e+00 2.594794034957885742e+00 1.481546878814697266e+00 1.342736840248107910e+00
2.007650375366210938e+00 1.242841958999633789e+00 1.383505105972290039e+00 2.633261919021606445e+00 1.529629707336425781e+00 1.276648998260498047e+00
2.010703563690185547e+00 1.287706494331359863e+00 1.387400031089782715e+00 2.671729803085327148e+00 1.577712535858154297e+00 1.210561156272888184e+00
2.013756752014160156e+00 1.332571029663085938e+00 1.391294956207275391e+00 2.710197448730468750e+00 1.625795364379882812e+00 1.144473314285278320e+00
2.016809940338134766e+00 1.377435445785522461e+00 1.395189881324768066e+00 2.748665332794189453e+00 1.673878192901611328e+00 1.078385472297668457e+00
2.019862890243530273e+00 1.422299981117248535e+00 1.399084925651550293e+00 2.787133216857910156e+00 1.721961021423339844e+00 1.012297630310058594e+00
2.022916078567504883e+00 1.467164516448974609e+00 1.402979850769042969e+00 2.825601100921630859e+00 1.770043849945068359e+00 9.462097287178039551e-01
2.025969266891479492e+00 1.512028932571411133e+00 1.406874775886535645e+00 2.864068984985351562e+00 1.818126678466796875e+00 8.801218867301940918e-01
2.050933122634887695e+00 1.545647501945495605e+00 1.370559215545654297e+00 2.867627620697021484e+00 1.758020162582397461e+00 8.862767219543457031e-01
2.075896739959716797e+00 1.579266071319580078e+00 1.334243655204772949e+00 2.871186494827270508e+00 1.697913765907287598e+00 8.924315571784973145e-01
2.100860595703125000e+00 1.612884640693664551e+00 1.297927975654602051e+00 2.874745368957519531e+00 1.637807369232177734e+00 8.985863924026489258e-01
2.125824451446533203e+00 1.646503090858459473e+00 1.261612415313720703e+00 2.878304004669189453e+00 1.577700853347778320e+00 9.047412276268005371e-01
2.150788307189941406e+00 1.680121660232543945e+00 1.225296854972839355e+00 2.881862878799438477e+00 1.517594456672668457e+00 9.108960628509521484e-01
2.175751924514770508e+00 1.713740229606628418e+00 1.188981294631958008e+00 2.885421752929687500e+00 1.457488059997558594e+00 9.170508980751037598e-01
2.200715780258178711e+00 1.747358798980712891e+00 1.152665734291076660e+00 2.888980388641357422e+00 1.397381544113159180e+00 9.232057332992553711e-01
2.225679636001586914e+00 1.780977249145507812e+00 1.116350173950195312e+00 2.892539262771606445e+00 1.337275147438049316e+00 9.293605685234069824e-01
2.250643491744995117e+00 1.814595818519592285e+00 1.080034613609313965e+00 2.896097898483276367e+00 1.277168750762939453e+00 9.355154037475585938e-01
2.275607347488403320e+00 1.848214387893676758e+00 1.043719053268432617e+00 2.899656772613525391e+00 1.217062234878540039e+00 9.416702389717102051e-01
2.300570964813232422e+00 1.881832957267761230e+00 1.007403492927551270e+00 2.903215646743774414e+00 1.156955838203430176e+00 9.478250741958618164e-01
2.325534820556640625e+00 1.915451526641845703e+00 9.710878729820251465e-01 2.906774282455444336e+00 1.096849441528320312e+00 9.539799094200134277e-01
2.350498676300048828e+00 1.949069976806640625e+00 9.347723126411437988e-01 2.910333156585693359e+00 1.036742925643920898e+00 9.601347446441650391e-01
2.375462532043457031e+00 1.982688546180725098e+00 8.984566926956176758e-01 2.913892030715942383e+00 9.766365289688110352e-01 9.662895798683166504e-01
2.400426387786865234e+00 2.016307115554809570e+00 8.621411323547363281e-01 2.917450666427612305e+00 9.165300726890563965e-01 9.724444150924682617e-01
2.425390005111694336e+00 2.049925565719604492e+00 8.258255720138549805e-01 2.921009540557861328e+00 8.564236164093017578e-01 9.785992503166198730e-01
2.450353860855102539e+00 2.083544254302978516e+00 7.895100116729736328e-01 2.924568414688110352e+00 7.963172197341918945e-01 9.847540855407714844e-01
2.475317716598510742e+00 2.117162704467773438e+00 7.531943917274475098e-01 2.928127050399780273e+00 7.362107634544372559e-01 9.909089207649230957e-01
2.500281572341918945e+00 2.150781154632568359e+00 7.168788313865661621e-01 2.931685924530029297e+00 6.761043071746826172e-01 9.970637559890747070e-01
2.525245189666748047e+00 2.184399843215942383e+00 6.805632710456848145e-01 2.935244798660278320e+00 6.159979104995727539e-01 1.003218650817871094e+00
2.550209045410156250e+00 2.218018293380737305e+00 6.442477107048034668e-01 2.938803434371948242e+00 5.558914542198181152e-01 1.009373426437377930e+00
2.575172901153564453e+00 2.251636981964111328e+00 6.079320907592773438e-01 2.942362308502197266e+00 4.957850277423858643e-01 1.015528321266174316e+00
2.600136756896972656e+00 2.285255432128906250e+00 5.716165304183959961e-01 2.945920944213867188e+00 4.356785714626312256e-01 1.021683096885681152e+00
2.625100612640380859e+00 2.318873882293701172e+00 5.353009700775146484e-01 2.949479818344116211e+00 3.755721449851989746e-01 1.027837991714477539e+00
2.650064229965209961e+00 2.352492570877075195e+00 4.989853799343109131e-01 2.953038692474365234e+00 3.154657185077667236e-01 1.033992767333984375e+00
2.675028085708618164e+00 2.386111021041870117e+00 4.626698195934295654e-01 2.956597328186035156e+00 2.553592622280120850e-01 1.040147662162780762e+00
2.699991941452026367e+00 2.419729709625244141e+00 4.263542294502258301e-01 2.960156202316284180e+00 1.952528357505798340e-01 1.046302437782287598e+00
2.724955797195434570e+00 2.453348159790039062e+00 3.900386691093444824e-01 2.963715076446533203e+00 1.351463943719863892e-01 1.052457332611083984e+00
2.749919414520263672e+00 2.486966609954833984e+00 3.537230789661407471e-01 2.967273712158203125e+00 7.503995299339294434e-02 1.058612108230590820e+00
2.774883270263671875e+00 2.520585298538208008e+00 3.174075186252593994e-01 2.970832586288452148e+00 1.493351813405752182e-02 1.064767003059387207e+00
2.778531312942504883e+00 2.437923431396484375e+00 4.044742286205291748e-01 2.894502401351928711e+00 9.424137324094772339e-02 1.128596186637878418e+00
2.782179355621337891e+00 2.355261564254760742e+00 4.915409386157989502e-01 2.818171977996826172e+00 1.735492348670959473e-01 1.192425370216369629e+00
2.785827398300170898e+00 2.272599935531616211e+00 5.786076784133911133e-01 2.741841793060302734e+00 2.528570890426635742e-01 1.256254673004150391e+00
2.789475440979003906e+00 2.189938068389892578e+00 6.656743884086608887e-01 2.665511608123779297e+00 3.321649432182312012e-01 1.320083856582641602e+00
2.793123483657836914e+00 2.107276201248168945e+00 7.527410984039306641e-01 2.589181423187255859e+00 4.114727973937988281e-01 1.383913040161132812e+00
2.796771287918090820e+00 2.024614572525024414e+00 8.398078083992004395e-01 2.512850999832153320e+00 4.907806813716888428e-01 1.447742342948913574e+00
2.800419330596923828e+00 1.941952705383300781e+00 9.268745183944702148e-01 2.436520814895629883e+00 5.700885057449340820e-01 1.511571526527404785e+00
2.804067373275756836e+00 1.859290957450866699e+00 1.013941168785095215e+00 2.360190629959106445e+00 6.493963599205017090e-01 1.575400710105895996e+00
2.807715415954589844e+00 1.776629209518432617e+00 1.101007938385009766e+00 2.283860445022583008e+00 7.287042737007141113e-01 1.639230012893676758e+00
2.811363458633422852e+00 1.693967461585998535e+00 1.188074588775634766e+00 2.207530021667480469e+00 8.080121278762817383e-01 1.703059196472167969e+00
2.815011501312255859e+00 1.611305594444274902e+00 1.275141358375549316e+00 2.131199836730957031e+00 8.873199820518493652e-01 1.766888380050659180e+00
2.818659543991088867e+00 1.528643846511840820e+00 1.362208008766174316e+00 2.054869651794433594e+00 9.666278362274169922e-01 1.830717682838439941e+00
2.822307348251342773e+00 1.445982098579406738e+00 1.449274778366088867e+00 1.978539347648620605e+00 1.045935630798339844e+00 1.894546866416931152e+00
2.825955390930175781e+00 1.363320231437683105e+00 1.536341428756713867e+00 1.902209162712097168e+00 1.125243544578552246e+00 1.958376049995422363e+00
2.829603433609008789e+00 1.280658483505249023e+00 1.623408198356628418e+00 1.825878858566284180e+00 1.204551339149475098e+00 2.022205352783203125e+00
2.833251476287841797e+00 1.197996735572814941e+00 1.710474848747253418e+00 1.749548673629760742e+00 1.283859252929687500e+00 2.086034536361694336e+00
2.836899518966674805e+00 1.115334987640380859e+00 1.797541618347167969e+00 1.673218369483947754e+00 1.363167166709899902e+00 2.149863719940185547e+00
2.840547561645507812e+00 1.032673120498657227e+00 1.884608268737792969e+00 1.596888184547424316e+00 1.442474961280822754e+00 2.213692903518676758e+00
2.844195604324340820e+00 9.500113725662231445e-01 1.971675038337707520e+00 1.520557880401611328e+00 1.521782875061035156e+00 2.277522087097167969e+00
2.847843408584594727e+00 8.673495650291442871e-01 2.058741807937622070e+00 1.444227695465087891e+00 1.601090669631958008e+00 2.341351509094238281e+00
2.851491451263427734e+00 7.846878170967102051e-01 2.145808458328247070e+00 1.367897391319274902e+00 1.680398583412170410e+00 2.405180692672729492e+00
2.855139493942260742e+00 7.020260095596313477e-01 2.232875108718872070e+00 1.291567206382751465e+00 1.759706377983093262e+00 2.469009876251220703e+00
2.858787536621093750e+00 6.193642616271972656e-01 2.319941759109497070e+00 1.215236902236938477e+00 1.839014291763305664e+00 2.532839059829711914e+00
2.862435579299926758e+00 5.367024540901184082e-01 2.407008647918701172e+00 1.138906717300415039e+00 1.918322086334228516e+00 2.596668243408203125e+00
2.866083621978759766e+00 4.540406763553619385e-01 2.494075298309326172e+00 1.062576413154602051e+00 1.997630000114440918e+00 2.660497665405273438e+00
2.869731664657592773e+00 3.713788986206054688e-01 2.581141948699951172e+00 9.862462282180786133e-01 2.076937913894653320e+00 2.724326848983764648e+00
2.873379468917846680e+00 2.887171208858489990e-01 2.668208599090576172e+00 9.099159836769104004e-01 2.156245708465576172e+00 2.788156032562255859e+00
2.877027511596679688e+00 2.060553282499313354e-01 2.755275487899780273e+00 8.335857391357421875e-01 2.235553503036499023e+00 2.851985216140747070e+00
2.880675554275512695e+00 1.233935430645942688e-01 2.842342138290405273e+00 7.572554945945739746e-01 2.314861297607421875e+00 2.915814399719238281e+00
2.884323596954345703e+00 4.073176160454750061e-02 2.929408788681030273e+00 6.809252500534057617e-01 2.394169330596923828e+00 2.979643583297729492e+00
2.884323596954345703e+00 4.073176160454750061e-02 2.929408788681030273e+00 6.809252500534057617e-01 2.394169330596923828e+00 2.979643583297729492e+00
2.884323596954345703e+00 4.073176160454750061e-02 2.929408788681030273e+00 6.809252500534057617e-01 2.394169330596923828e+00 2.979643583297729492e+00
2.884323596954345703e+00 4.073176160454750061e-02 2.929408788681030273e+00 6.809252500534057617e-01 2.394169330596923828e+00 2.979643583297729492e+00
2.884323596954345703e+00 4.073176160454750061e-02 2.929408788681030273e+00 6.809252500534057617e-01 2.394169330596923828e+00 2.979643583297729492e+00
2.884323596954345703e+00 4.073176160454750061e-02 2.929408788681030273e+00 6.809252500534057617e-01 2.394169330596923828e+00 2.979643583297729492e+00
2.884323596954345703e+00 4.073176160454750061e-02 2.929408788681030273e+00 6.809252500534057617e-01 2.394169330596923828e+00 2.979643583297729492e+00
2.884323596954345703e+00 4.073176160454750061e-02 2.929408788681030273e+00 6.809252500534057617e-01 2.394169330596923828e+00 2.979643583297729492e+00
2.884323596954345703e+00 4.073176160454750061e-02 2.929408788681030273e+00 6.809252500534057617e-01 2.394169330596923828e+00 2.979643583297729492e+00
2.884323596954345703e+00 4.073176160454750061e-02 2.929408788681030273e+00 6.809252500534057617e-01 2.394169330596923828e+00 2.979643583297729492e+00
2.884323596954345703e+00 4.073176160454750061e-02 2.929408788681030273e+00 6.809252500534057617e-01 2.394169330596923828e+00 2.979643583297729492e+00
2.884323596954345703e+00 4.073176160454750061e-02 2.929408788681030273e+00 6.809252500534057617e-01 2.394169330596923828e+00 2.979643583297729492e+00
2.884323596954345703e+00 4.073176160454750061e-02 2.929408788681030273e+00 6.809252500534057617e-01 2.394169330596923828e+00 2.979643583297729492e+00
2.884323596954345703e+00 4.073176160454750061e-02 2.929408788681030273e+00 6.809252500534057617e-01 2.394169330596923828e+00 2.979643583297729492e+00
2.884323596954345703e+00 4.073176160454750061e-02 2.929408788681030273e+00 6.809252500534057617e-01 2.394169330596923828e+00 2.979643583297729492e+00
2.884323596954345703e+00 4.073176160454750061e-02 2.929408788681030273e+00 6.809252500534057617e-01 2.394169330596923828e+00 2.979643583297729492e+00
2.884323596954345703e+00 4.073176160454750061e-02 2.929408788681030273e+00 6.809252500534057617e-01 2.394169330596923828e+00 2.979643583297729492e+00
2.884323596954345703e+00 4.073176160454750061e-02 2.929408788681030273e+00 6.809252500534057617e-01 2.394169330596923828e+00 2.979643583297729492e+00
2.884323596954345703e+00 4.073176160454750061e-02 2.929408788681030273e+00 6.809252500534057617e-01 2.394169330596923828e+00 2.979643583297729492e+00
2.884323596954345703e+00 4.073176160454750061e-02 2.929408788681030273e+00 6.809252500534057617e-01 2.394169330596923828e+00 2.979643583297729492e+00
2.884323596954345703e+00 4.073176160454750061e-02 2.929408788681030273e+00 6.809252500534057617e-01 2.394169330596923828e+00 2.979643583297729492e+00
2.884323596954345703e+00 4.073176160454750061e-02 2.929408788681030273e+00 6.809252500534057617e-01 2.394169330596923828e+00 2.979643583297729492e+00
2.884323596954345703e+00 4.073176160454750061e-02 2.929408788681030273e+00 6.809252500534057617e-01 2.394169330596923828e+00 2.979643583297729492e+00
2.884323596954345703e+00 4.073176160454750061e-02 2.929408788681030273e+00 6.809252500534057617e-01 2.394169330596923828e+00 2.979643583297729492e+00
2.884323596954345703e+00 4.073176160454750061e-02 2.929408788681030273e+00 6.809252500534057617e-01 2.394169330596923828e+00 2.979643583297729492e+00
2.884323596954345703e+00 4.073176160454750061e-02 2.929408788681030273e+00 6.809252500534057617e-01 2.394169330596923828e+00 2.979643583297729492e+00
2.884323596954345703e+00 4.073176160454750061e-02 2.929408788681030273e+00 6.809252500534057617e-01 2.394169330596923828e+00 2.979643583297729492e+00
2.884323596954345703e+00 4.073176160454750061e-02 2.929408788681030273e+00 6.809252500534057617e-01 2.394169330596923828e+00 2.979643583297729492e+00
2.884323596954345703e+00 4.073176160454750061e-02 2.929408788681030273e+00 6.809252500534057617e-01 2.394169330596923828e+00 2.979643583297729492e+00
2.884323596954345703e+00 4.073176160454750061e-02 2.929408788681030273e+00 6.809252500534057617e-01 2.394169330596923828e+00 2.979643583297729492e+00
2.884323596954345703e+00 4.073176160454750061e-02 2.929408788681030273e+00 6.809252500534057617e-01 2.394169330596923828e+00 2.979643583297729492e+00
2.884323596954345703e+00 4.073176160454750061e-02 2.929408788681030273e+00 6.809252500534057617e-01 2.394169330596923828e+00 2.979643583297729492e+00
2.884323596954345703e+00 4.073176160454750061e-02 2.929408788681030273e+00 6.809252500534057617e-01 2.394169330596923828e+00 2.979643583297729492e+00
2.884323596954345703e+00 4.073176160454750061e-02 2.929408788681030273e+00 6.809252500534057617e-01 2.394169330596923828e+00 2.979643583297729492e+00
2.884323596954345703e+00 4.073176160454750061e-02 2.929408788681030273e+00 6.809252500534057617e-01 2.394169330596923828e+00 2.979643583297729492e+00
2.884323596954345703e+00 4.073176160454750061e-02 2.929408788681030273e+00 6.809252500534057617e-01 2.394169330596923828e+00 2.979643583297729492e+00
2.884323596954345703e+00 4.073176160454750061e-02 2.929408788681030273e+00 6.809252500534057617e-01 2.394169330596923828e+00 2.979643583297729492e+00
2.884323596954345703e+00 4.073176160454750061e-02 2.929408788681030273e+00 6.809252500534057617e-01 2.394169330596923828e+00 2.979643583297729492e+00
2.884323596954345703e+00 4.073176160454750061e-02 2.929408788681030273e+00 6.809252500534057617e-01 2.394169330596923828e+00 2.979643583297729492e+00
2.884323596954345703e+00 4.073176160454750061e-02 2.929408788681030273e+00 6.809252500534057617e-01 2.394169330596923828e+00 2.979643583297729492e+00
2.884323596954345703e+00 4.073176160454750061e-02 2.929408788681030273e+00 6.809252500534057617e-01 2.394169330596923828e+00 2.979643583297729492e+00
2.884323596954345703e+00 4.073176160454750061e-02 2.929408788681030273e+00 6.809252500534057617e-01 2.394169330596923828e+00 2.979643583297729492e+00
2.884323596954345703e+00 4.073176160454750061e-02 2.929408788681030273e+00 6.809252500534057617e-01 2.394169330596923828e+00 2.979643583297729492e+00
2.884323596954345703e+00 4.073176160454750061e-02 2.929408788681030273e+00 6.809252500534057617e-01 2.394169330596923828e+00 2.979643583297729492e+00
2.884323596954345703e+00 4.073176160454750061e-02 2.929408788681030273e+00 6.809252500534057617e-01 2.394169330596923828e+00 2.979643583297729492e+00
2.884323596954345703e+00 4.073176160454750061e-02 2.929408788681030273e+00 6.809252500534057617e-01 2.394169330596923828e+00 2.979643583297729492e+00
2.884323596954345703e+00 4.073176160454750061e-02 2.929408788681030273e+00 6.809252500534057617e-01 2.394169330596923828e+00 2.979643583297729492e+00
2.884323596954345703e+00 4.073176160454750061e-02 2.929408788681030273e+00 6.809252500534057617e-01 2.394169330596923828e+00 2.979643583297729492e+00
2.884323596954345703e+00 4.073176160454750061e-02 2.929408788681030273e+00 6.809252500534057617e-01 2.394169330596923828e+00 2.979643583297729492e+00
2.884323596954345703e+00 4.073176160454750061e-02 2.929408788681030273e+00 6.809252500534057617e-01 2.394169330596923828e+00 2.979643583297729492e+00
2.884323596954345703e+00 4.073176160454750061e-02 2.929408788681030273e+00 6.809252500534057617e-01 2.394169330596923828e+00 2.979643583297729492e+00
2.884323596954345703e+00 4.073176160454750061e-02 2.929408788681030273e+00 6.809252500534057617e-01 2.394169330596923828e+00 2.979643583297729492e+00
2.884323596954345703e+00 4.073176160454750061e-02 2.929408788681030273e+00 6.809252500534057617e-01 2.394169330596923828e+00 2.979643583297729492e+00
2.884323596954345703e+00 4.073176160454750061e-02 2.929408788681030273e+00 6.809252500534057617e-01 2.394169330596923828e+00 2.979643583297729492e+00
2.884323596954345703e+00 4.073176160454750061e-02 2.929408788681030273e+00 6.809252500534057617e-01 2.394169330596923828e+00 2.979643583297729492e+00
2.884323596954345703e+00 4.073176160454750061e-02 2.929408788681030273e+00 6.809252500534057617e-01 2.394169330596923828e+00 2.979643583297729492e+00
2.884323596954345703e+00 4.073176160454750061e-02 2.929408788681030273e+00 6.809252500534057617e-01 2.394169330596923828e+00 2.979643583297729492e+00
2.884323596954345703e+00 4.073176160454750061e-02 2.929408788681030273e+00 6.809252500534057617e-01 2.394169330596923828e+00 2.979643583297729492e+00
2.884323596954345703e+00 4.073176160454750061e-02 2.929408788681030273e+00 6.809252500534057617e-01 2.394169330596923828e+00 2.979643583297729492e+00
2.884323596954345703e+00 4.073176160454750061e-02 2.929408788681030273e+00 6.809252500534057617e-01 2.394169330596923828e+00 2.979643583297729492e+00
2.884323596954345703e+00 4.073176160454750061e-02 2.929408788681030273e+00 6.809252500534057617e-01 2.394169330596923828e+00 2.979643583297729492e+00
