0.000000000000000000e+00 0.000000000000000000e+00 0.000000000000000000e+00 0.000000000000000000e+00 0.000000000000000000e+00 0.000000000000000000e+00
0.000000000000000000e+00 0.000000000000000000e+00 0.000000000000000000e+00 0.000000000000000000e+00 0.000000000000000000e+00 0.000000000000000000e+00
0.000000000000000000e+00 0.000000000000000000e+00 0.000000000000000000e+00 0.000000000000000000e+00 0.000000000000000000e+00 0.000000000000000000e+00
0.000000000000000000e+00 0.000000000000000000e+00 0.000000000000000000e+00 0.000000000000000000e+00 0.000000000000000000e+00 0.000000000000000000e+00
0.000000000000000000e+00 0.000000000000000000e+00 0.000000000000000000e+00 0.000000000000000000e+00 0.000000000000000000e+00 0.000000000000000000e+00
0.000000000000000000e+00 0.000000000000000000e+00 0.000000000000000000e+00 0.000000000000000000e+00 0.000000000000000000e+00 0.000000000000000000e+00
0.000000000000000000e+00 0.000000000000000000e+00 0.000000000000000000e+00 0.000000000000000000e+00 0.000000000000000000e+00 0.000000000000000000e+00
0.000000000000000000e+00 0.000000000000000000e+00 0.000000000000000000e+00 0.000000000000000000e+00 0.000000000000000000e+00 0.000000000000000000e+00
0.000000000000000000e+00 0.000000000000000000e+00 0.000000000000000000e+00 0.000000000000000000e+00 0.000000000000000000e+00 0.000000000000000000e+00
0.000000000000000000e+00 0.000000000000000000e+00 0.000000000000000000e+00 0.000000000000000000e+00 0.000000000000000000e+00 0.000000000000000000e+00
0.000000000000000000e+00 0.000000000000000000e+00 0.000000000000000000e+00 0.000000000000000000e+00 0.000000000000000000e+00 0.000000000000000000e+00
0.000000000000000000e+00 0.000000000000000000e+00 0.000000000000000000e+00 0.000000000000000000e+00 0.000000000000000000e+00 0.000000000000000000e+00
0.000000000000000000e+00 0.000000000000000000e+00 0.000000000000000000e+00 0.000000000000000000e+00 0.000000000000000000e+00 0.000000000000000000e+00
0.000000000000000000e+00 0.000000000000000000e+00 0.000000000000000000e+00 0.000000000000000000e+00 0.000000000000000000e+00 0.000000000000000000e+00
0.000000000000000000e+00 0.000000000000000000e+00 0.000000000000000000e+00 0.000000000000000000e+00 0.000000000000000000e+00 0.000000000000000000e+00
0.000000000000000000e+00 0.000000000000000000e+00 0.000000000000000000e+00 0.000000000000000000e+00 0.000000000000000000e+00 0.000000000000000000e+00
0.000000000000000000e+00 0.000000000000000000e+00 0.000000000000000000e+00 0.000000000000000000e+00 0.000000000000000000e+00 0.000000000000000000e+00
0.000000000000000000e+00 0.000000000000000000e+00 0.000000000000000000e+00 0.000000000000000000e+00 0.000000000000000000e+00 0.000000000000000000e+00
0.000000000000000000e+00 0.000000000000000000e+00 0.000000000000000000e+00 0.000000000000000000e+00 0.000000000000000000e+00 0.000000000000000000e+00
0.000000000000000000e+00 0.000000000000000000e+00 0.000000000000000000e+00 0.000000000000000000e+00 0.000000000000000000e+00 0.000000000000000000e+00
0.000000000000000000e+00 0.000000000000000000e+00 0.000000000000000000e+00 0.000000000000000000e+00 0.000000000000000000e+00 0.000000000000000000e+00
0.000000000000000000e+00 0.000000000000000000e+00 0.000000000000000000e+00 0.000000000000000000e+00 0.000000000000000000e+00 0.000000000000000000e+00
0.000000000000000000e+00 0.000000000000000000e+00 0.000000000000000000e+00 0.000000000000000000e+00 0.000000000000000000e+00 0.000000000000000000e+00
0.000000000000000000e+00 0.000000000000000000e+00 0.000000000000000000e+00 0.000000000000000000e+00 0.000000000000000000e+00 0.000000000000000000e+00
0.000000000000000000e+00 0.000000000000000000e+00 0.000000000000000000e+00 0.000000000000000000e+00 0.000000000000000000e+00 0.000000000000000000e+00
0.000000000000000000e+00 0.000000000000000000e+00 0.000000000000000000e+00 0.000000000000000000e+00 0.000000000000000000e+00 0.000000000000000000e+00
0.000000000000000000e+00 0.000000000000000000e+00 0.000000000000000000e+00 0.000000000000000000e+00 0.000000000000000000e+00 0.000000000000000000e+00
0.000000000000000000e+00 0.000000000000000000e+00 0.000000000000000000e+00 0.000000000000000000e+00 0.000000000000000000e+00 0.000000000000000000e+00
0.000000000000000000e+00 0.000000000000000000e+00 0.000000000000000000e+00 0.000000000000000000e+00 0.000000000000000000e+00 0.000000000000000000e+00
0.000000000000000000e+00 0.000000000000000000e+00 0.000000000000000000e+00 0.000000000000000000e+00 0.000000000000000000e+00 0.000000000000000000e+00
0.000000000000000000e+00 0.000000000000000000e+00 0.000000000000000000e+00 0.000000000000000000e+00 0.000000000000000000e+00 0.000000000000000000e+00
0.000000000000000000e+00 0.000000000000000000e+00 0.000000000000000000e+00 0.000000000000000000e+00 0.000000000000000000e+00 0.000000000000000000e+00
0.000000000000000000e+00 0.000000000000000000e+00 0.000000000000000000e+00 0.000000000000000000e+00 0.000000000000000000e+00 0.000000000000000000e+00
0.000000000000000000e+00 0.000000000000000000e+00 0.000000000000000000e+00 0.000000000000000000e+00 0.000000000000000000e+00 0.000000000000000000e+00
0.000000000000000000e+00 0.000000000000000000e+00 0.000000000000000000e+00 0.000000000000000000e+00 0.000000000000000000e+00 0.000000000000000000e+00
0.000000000000000000e+00 0.000000000000000000e+00 0.000000000000000000e+00 0.000000000000000000e+00 0.000000000000000000e+00 0.000000000000000000e+00
0.000000000000000000e+00 0.000000000000000000e+00 0.000000000000000000e+00 0.000000000000000000e+00 0.000000000000000000e+00 0.000000000000000000e+00
0.000000000000000000e+00 0.000000000000000000e+00 0.000000000000000000e+00 0.000000000000000000e+00 0.000000000000000000e+00 0.000000000000000000e+00
0.000000000000000000e+00 0.000000000000000000e+00 0.000000000000000000e+00 0.000000000000000000e+00 0.000000000000000000e+00 0.000000000000000000e+00
0.000000000000000000e+00 0.000000000000000000e+00 0.000000000000000000e+00 0.000000000000000000e+00 0.000000000000000000e+00 0.000000000000000000e+00
0.000000000000000000e+00 0.000000000000000000e+00 0.000000000000000000e+00 0.000000000000000000e+00 0.000000000000000000e+00 0.000000000000000000e+00
0.000000000000000000e+00 0.000000000000000000e+00 0.000000000000000000e+00 0.000000000000000000e+00 0.000000000000000000e+00 0.000000000000000000e+00
0.000000000000000000e+00 0.000000000000000000e+00 0.000000000000000000e+00 0.000000000000000000e+00 0.000000000000000000e+00 0.000000000000000000e+00
0.000000000000000000e+00 0.000000000000000000e+00 0.000000000000000000e+00 0.000000000000000000e+00 0.000000000000000000e+00 0.000000000000000000e+00
0.000000000000000000e+00 0.000000000000000000e+00 0.000000000000000000e+00 0.000000000000000000e+00 0.000000000000000000e+00 0.000000000000000000e+00
0.000000000000000000e+00 0.000000000000000000e+00 0.000000000000000000e+00 0.000000000000000000e+00 0.000000000000000000e+00 0.000000000000000000e+00
0.000000000000000000e+00 0.000000000000000000e+00 0.000000000000000000e+00 0.000000000000000000e+00 0.000000000000000000e+00 0.000000000000000000e+00
0.000000000000000000e+00 0.000000000000000000e+00 0.000000000000000000e+00 0.000000000000000000e+00 0.000000000000000000e+00 0.000000000000000000e+00
0.000000000000000000e+00 0.000000000000000000e+00 0.000000000000000000e+00 0.000000000000000000e+00 0.000000000000000000e+00 0.000000000000000000e+00
0.000000000000000000e+00 0.000000000000000000e+00 0.000000000000000000e+00 0.000000000000000000e+00 0.000000000000000000e+00 0.000000000000000000e+00
0.000000000000000000e+00 0.000000000000000000e+00 0.000000000000000000e+00 0.000000000000000000e+00 0.000000000000000000e+00 0.000000000000000000e+00
0.000000000000000000e+00 0.000000000000000000e+00 0.000000000000000000e+00 0.000000000000000000e+00 0.000000000000000000e+00 0.000000000000000000e+00
0.000000000000000000e+00 0.000000000000000000e+00 0.000000000000000000e+00 0.000000000000000000e+00 0.000000000000000000e+00 0.000000000000000000e+00
0.000000000000000000e+00 0.000000000000000000e+00 0.000000000000000000e+00 0.000000000000000000e+00 0.000000000000000000e+00 0.000000000000000000e+00
0.000000000000000000e+00 0.000000000000000000e+00 0.000000000000000000e+00 0.000000000000000000e+00 0.000000000000000000e+00 0.000000000000000000e+00
0.000000000000000000e+00 0.000000000000000000e+00 0.000000000000000000e+00 0.000000000000000000e+00 0.000000000000000000e+00 0.000000000000000000e+00
0.000000000000000000e+00 0.000000000000000000e+00 0.000000000000000000e+00 0.000000000000000000e+00 0.000000000000000000e+00 0.000000000000000000e+00
0.000000000000000000e+00 0.000000000000000000e+00 0.000000000000000000e+00 0.000000000000000000e+00 0.000000000000000000e+00 0.000000000000000000e+00
0.000000000000000000e+00 0.000000000000000000e+00 0.000000000000000000e+00 0.000000000000000000e+00 0.000000000000000000e+00 0.000000000000000000e+00
0.000000000000000000e+00 0.000000000000000000e+00 0.000000000000000000e+00 0.000000000000000000e+00 0.000000000000000000e+00 0.000000000000000000e+00
0.000000000000000000e+00 0.000000000000000000e+00 0.000000000000000000e+00 0.000000000000000000e+00 0.000000000000000000e+00 0.000000000000000000e+00
0.000000000000000000e+00 0.000000000000000000e+00 0.000000000000000000e+00 0.000000000000000000e+00 0.000000000000000000e+00 0.000000000000000000e+00
0.000000000000000000e+00 0.000000000000000000e+00 0.000000000000000000e+00 0.000000000000000000e+00 0.000000000000000000e+00 0.000000000000000000e+00
0.000000000000000000e+00 0.000000000000000000e+00 0.000000000000000000e+00 0.000000000000000000e+00 0.000000000000000000e+00 0.000000000000000000e+00
0.000000000000000000e+00 0.000000000000000000e+00 0.000000000000000000e+00 0.000000000000000000e+00 0.000000000000000000e+00 0.000000000000000000e+00
0.000000000000000000e+00 0.000000000000000000e+00 0.000000000000000000e+00 0.000000000000000000e+00 0.000000000000000000e+00 0.000000000000000000e+00
0.000000000000000000e+00 0.000000000000000000e+00 0.000000000000000000e+00 0.000000000000000000e+00 0.000000000000000000e+00 0.000000000000000000e+00
0.000000000000000000e+00 0.000000000000000000e+00 0.000000000000000000e+00 0.000000000000000000e+00 0.000000000000000000e+00 0.000000000000000000e+00
0.000000000000000000e+00 0.000000000000000000e+00 0.000000000000000000e+00 0.000000000000000000e+00 0.000000000000000000e+00 0.000000000000000000e+00
0.000000000000000000e+00 0.000000000000000000e+00 0.000000000000000000e+00 0.000000000000000000e+00 0.000000000000000000e+00 0.000000000000000000e+00
0.000000000000000000e+00 0.000000000000000000e+00 0.000000000000000000e+00 0.000000000000000000e+00 0.000000000000000000e+00 0.000000000000000000e+00
0.000000000000000000e+00 0.000000000000000000e+00 0.000000000000000000e+00 0.000000000000000000e+00 0.000000000000000000e+00 0.000000000000000000e+00
0.000000000000000000e+00 0.000000000000000000e+00 0.000000000000000000e+00 0.000000000000000000e+00 0.000000000000000000e+00 0.000000000000000000e+00
0.000000000000000000e+00 0.000000000000000000e+00 0.000000000000000000e+00 0.000000000000000000e+00 0.000000000000000000e+00 0.000000000000000000e+00
0.000000000000000000e+00 0.000000000000000000e+00 0.000000000000000000e+00 0.000000000000000000e+00 0.000000000000000000e+00 0.000000000000000000e+00
0.000000000000000000e+00 0.000000000000000000e+00 0.000000000000000000e+00 0.000000000000000000e+00 0.000000000000000000e+00 0.000000000000000000e+00
0.000000000000000000e+00 0.000000000000000000e+00 0.000000000000000000e+00 0.000000000000000000e+00 0.000000000000000000e+00 0.000000000000000000e+00
0.000000000000000000e+00 0.000000000000000000e+00 0.000000000000000000e+00 0.000000000000000000e+00 0.000000000000000000e+00 0.000000000000000000e+00
0.000000000000000000e+00 0.000000000000000000e+00 0.000000000000000000e+00 0.000000000000000000e+00 0.000000000000000000e+00 0.000000000000000000e+00
0.000000000000000000e+00 0.000000000000000000e+00 0.000000000000000000e+00 0.000000000000000000e+00 0.000000000000000000e+00 0.000000000000000000e+00
0.000000000000000000e+00 0.000000000000000000e+00 0.000000000000000000e+00 0.000000000000000000e+00 0.000000000000000000e+00 0.000000000000000000e+00
0.000000000000000000e+00 0.000000000000000000e+00 0.000000000000000000e+00 0.000000000000000000e+00 0.000000000000000000e+00 0.000000000000000000e+00
0.000000000000000000e+00 0.000000000000000000e+00 0.000000000000000000e+00 0.000000000000000000e+00 0.000000000000000000e+00 0.000000000000000000e+00
0.000000000000000000e+00 0.000000000000000000e+00 0.000000000000000000e+00 0.000000000000000000e+00 0.000000000000000000e+00 0.000000000000000000e+00
0.000000000000000000e+00 0.000000000000000000e+00 0.000000000000000000e+00 0.000000000000000000e+00 0.000000000000000000e+00 0.000000000000000000e+00
0.000000000000000000e+00 0.000000000000000000e+00 0.000000000000000000e+00 0.000000000000000000e+00 0.000000000000000000e+00 0.000000000000000000e+00
0.000000000000000000e+00 0.000000000000000000e+00 0.000000000000000000e+00 0.000000000000000000e+00 0.000000000000000000e+00 0.000000000000000000e+00
0.000000000000000000e+00 0.000000000000000000e+00 0.000000000000000000e+00 0.000000000000000000e+00 0.000000000000000000e+00 0.000000000000000000e+00
0.000000000000000000e+00 0.000000000000000000e+00 0.000000000000000000e+00 0.000000000000000000e+00 0.000000000000000000e+00 0.000000000000000000e+00
0.000000000000000000e+00 0.000000000000000000e+00 0.000000000000000000e+00 0.000000000000000000e+00 0.000000000000000000e+00 0.000000000000000000e+00
0.000000000000000000e+00 0.000000000000000000e+00 0.000000000000000000e+00 0.000000000000000000e+00 0.000000000000000000e+00 0.000000000000000000e+00
0.000000000000000000e+00 0.000000000000000000e+00 0.000000000000000000e+00 0.000000000000000000e+00 0.000000000000000000e+00 0.000000000000000000e+00
0.000000000000000000e+00 0.000000000000000000e+00 0.000000000000000000e+00 0.000000000000000000e+00 0.000000000000000000e+00 0.000000000000000000e+00
0.000000000000000000e+00 0.000000000000000000e+00 0.000000000000000000e+00 0.000000000000000000e+00 0.000000000000000000e+00 0.000000000000000000e+00
0.000000000000000000e+00 0.000000000000000000e+00 0.000000000000000000e+00 0.000000000000000000e+00 0.000000000000000000e+00 0.000000000000000000e+00
0.000000000000000000e+00 0.000000000000000000e+00 0.000000000000000000e+00 0.000000000000000000e+00 0.000000000000000000e+00 0.000000000000000000e+00
0.000000000000000000e+00 0.000000000000000000e+00 0.000000000000000000e+00 0.000000000000000000e+00 0.000000000000000000e+00 0.000000000000000000e+00
0.000000000000000000e+00 0.000000000000000000e+00 0.000000000000000000e+00 0.000000000000000000e+00 0.000000000000000000e+00 0.000000000000000000e+00
0.000000000000000000e+00 0.000000000000000000e+00 0.000000000000000000e+00 0.000000000000000000e+00 0.000000000000000000e+00 0.000000000000000000e+00
0.000000000000000000e+00 0.000000000000000000e+00 0.000000000000000000e+00 0.000000000000000000e+00 0.000000000000000000e+00 0.000000000000000000e+00
0.000000000000000000e+00 0.000000000000000000e+00 0.000000000000000000e+00 0.000000000000000000e+00 0.000000000000000000e+00 0.000000000000000000e+00
4.067360758781433105e-01 1.070900633931159973e-01 3.105729222297668457e-01 3.851742446422576904e-01 4.073632955551147461e-01 4.788970947265625000e-02
8.134721517562866211e-01 2.141801267862319946e-01 6.211458444595336914e-01 7.703484892845153809e-01 8.147265911102294922e-01 9.577941894531250000e-02
1.220208168029785156e+00 3.212701976299285889e-01 9.317187666893005371e-01 1.155522704124450684e+00 1.222089886665344238e+00 1.436691284179687500e-01
1.626944303512573242e+00 4.283602535724639893e-01 1.242291688919067383e+00 1.540696978569030762e+00 1.629453182220458984e+00 1.915588378906250000e-01
2.033680438995361328e+00 5.354503393173217773e-01 1.552864551544189453e+00 1.925871253013610840e+00 2.036816358566284180e+00 2.394485473632812500e-01
2.440416336059570312e+00 6.425403952598571777e-01 1.863437533378601074e+00 2.311045408248901367e+00 2.444179773330688477e+00 2.873382568359375000e-01
2.384770154953002930e+00 9.862353205680847168e-01 1.970142364501953125e+00 2.242637395858764648e+00 2.506331443786621094e+00 4.567115604877471924e-01
2.329123973846435547e+00 1.329930186271667480e+00 2.076847314834594727e+00 2.174229383468627930e+00 2.568483114242553711e+00 6.260848641395568848e-01
2.273477792739868164e+00 1.673625111579895020e+00 2.183552026748657227e+00 2.105821132659912109e+00 2.630634784698486328e+00 7.954581379890441895e-01
2.217831611633300781e+00 2.017320156097412109e+00 2.290256977081298828e+00 2.037413120269775391e+00 2.692786455154418945e+00 9.648314118385314941e-01
2.162185430526733398e+00 2.361015081405639648e+00 2.396961927413940430e+00 1.969005107879638672e+00 2.754938125610351562e+00 1.134204745292663574e+00
2.106539249420166016e+00 2.704710006713867188e+00 2.503666877746582031e+00 1.900596976280212402e+00 2.817089796066284180e+00 1.303578019142150879e+00
2.228114604949951172e+00 2.309703588485717773e+00 2.494231462478637695e+00 1.929533243179321289e+00 2.361553668975830078e+00 1.376523494720458984e+00
2.349689722061157227e+00 1.914697289466857910e+00 2.484796047210693359e+00 1.958469510078430176e+00 1.906017303466796875e+00 1.449468970298767090e+00
2.471265077590942383e+00 1.519690990447998047e+00 2.475360393524169922e+00 1.987405896186828613e+00 1.450481176376342773e+00 1.522414445877075195e+00
2.592840194702148438e+00 1.124684691429138184e+00 2.465924978256225586e+00 2.016342163085937500e+00 9.949449896812438965e-01 1.595359802246093750e+00
2.714415550231933594e+00 7.296783328056335449e-01 2.456489562988281250e+00 2.045278549194335938e+00 5.394088029861450195e-01 1.668305277824401855e+00
2.835990905761718750e+00 3.346720039844512939e-01 2.447054147720336914e+00 2.074214696884155273e+00 8.387258648872375488e-02 1.741250753402709961e+00
2.842791080474853516e+00 4.950559735298156738e-01 2.246663808822631836e+00 2.148237705230712891e+00 9.876357018947601318e-02 1.800826907157897949e+00
2.849591255187988281e+00 6.554399132728576660e-01 2.046273469924926758e+00 2.222260951995849609e+00 1.136545538902282715e-01 1.860403180122375488e+00
2.856391668319702148e+00 8.158239126205444336e-01 1.845883011817932129e+00 2.296283960342407227e+00 1.285455375909805298e-01 1.919979333877563477e+00
2.863191843032836914e+00 9.762078523635864258e-01 1.645492553710937500e+00 2.370306968688964844e+00 1.434365212917327881e-01 1.979555487632751465e+00
2.869992017745971680e+00 1.136591792106628418e+00 1.445102095603942871e+00 2.444329977035522461e+00 1.583275049924850464e-01 2.039131641387939453e+00
2.876792192459106445e+00 1.296975851058959961e+00 1.244711756706237793e+00 2.518353223800659180e+00 1.732184737920761108e-01 2.098707914352416992e+00
2.883592605590820312e+00 1.457359790802001953e+00 1.044321298599243164e+00 2.592376232147216797e+00 1.881094574928283691e-01 2.158284187316894531e+00
2.890392780303955078e+00 1.617743730545043945e+00 8.439308404922485352e-01 2.666399240493774414e+00 2.030004411935806274e-01 2.217860221862792969e+00
2.897192955017089844e+00 1.778127670288085938e+00 6.435404419898986816e-01 2.740422487258911133e+00 2.178914248943328857e-01 2.277436494827270508e+00
2.903993368148803711e+00 1.938511610031127930e+00 4.431500136852264404e-01 2.814445495605468750e+00 2.327824085950851440e-01 2.337012529373168945e+00
2.910793542861938477e+00 2.098895549774169922e+00 2.427595853805541992e-01 2.888468503952026367e+00 2.476733922958374023e-01 2.396588802337646484e+00
2.917593717575073242e+00 2.259279489517211914e+00 4.236916452646255493e-02 2.962491512298583984e+00 2.625643908977508545e-01 2.456165075302124023e+00
2.597126245498657227e+00 1.924154758453369141e+00 2.656438052654266357e-01 2.867426633834838867e+00 7.072163820266723633e-01 2.070768594741821289e+00
2.276658773422241211e+00 1.589029908180236816e+00 4.889184832572937012e-01 2.772361516952514648e+00 1.151868343353271484e+00 1.685372352600097656e+00
1.956191301345825195e+00 1.253905057907104492e+00 7.121931314468383789e-01 2.677296400070190430e+00 1.596520304679870605e+00 1.299975991249084473e+00
1.635723829269409180e+00 9.187802672386169434e-01 9.354677796363830566e-01 2.582231521606445312e+00 2.041172266006469727e+00 9.145797491073608398e-01
1.315256357192993164e+00 5.836554765701293945e-01 1.158742427825927734e+00 2.487166404724121094e+00 2.485824346542358398e+00 5.291833877563476562e-01
9.947889447212219238e-01 2.485306262969970703e-01 1.382017135620117188e+00 2.392101287841796875e+00 2.930476188659667969e+00 1.437870711088180542e-01
9.947889447212219238e-01 2.485306262969970703e-01 1.382017135620117188e+00 2.392101287841796875e+00 2.930476188659667969e+00 1.437870711088180542e-01
9.947889447212219238e-01 2.485306262969970703e-01 1.382017135620117188e+00 2.392101287841796875e+00 2.930476188659667969e+00 1.437870711088180542e-01
9.947889447212219238e-01 2.485306262969970703e-01 1.382017135620117188e+00 2.392101287841796875e+00 2.930476188659667969e+00 1.437870711088180542e-01
9.947889447212219238e-01 2.485306262969970703e-01 1.382017135620117188e+00 2.392101287841796875e+00 2.930476188659667969e+00 1.437870711088180542e-01
9.947889447212219238e-01 2.485306262969970703e-01 1.382017135620117188e+00 2.392101287841796875e+00 2.930476188659667969e+00 1.437870711088180542e-01
9.947889447212219238e-01 2.485306262969970703e-01 1.382017135620117188e+00 2.392101287841796875e+00 2.930476188659667969e+00 1.437870711088180542e-01
9.947889447212219238e-01 2.485306262969970703e-01 1.382017135620117188e+00 2.392101287841796875e+00 2.930476188659667969e+00 1.437870711088180542e-01
9.947889447212219238e-01 2.485306262969970703e-01 1.382017135620117188e+00 2.392101287841796875e+00 2.930476188659667969e+00 1.437870711088180542e-01
9.947889447212219238e-01 2.485306262969970703e-01 1.382017135620117188e+00 2.392101287841796875e+00 2.930476188659667969e+00 1.437870711088180542e-01
9.947889447212219238e-01 2.485306262969970703e-01 1.382017135620117188e+00 2.392101287841796875e+00 2.930476188659667969e+00 1.437870711088180542e-01
9.947889447212219238e-01 2.485306262969970703e-01 1.382017135620117188e+00 2.392101287841796875e+00 2.930476188659667969e+00 1.437870711088180542e-01
9.947889447212219238e-01 2.485306262969970703e-01 1.382017135620117188e+00 2.392101287841796875e+00 2.930476188659667969e+00 1.437870711088180542e-01
9.947889447212219238e-01 2.485306262969970703e-01 1.382017135620117188e+00 2.392101287841796875e+00 2.930476188659667969e+00 1.437870711088180542e-01
9.947889447212219238e-01 2.485306262969970703e-01 1.382017135620117188e+00 2.392101287841796875e+00 2.930476188659667969e+00 1.437870711088180542e-01
9.947889447212219238e-01 2.485306262969970703e-01 1.382017135620117188e+00 2.392101287841796875e+00 2.930476188659667969e+00 1.437870711088180542e-01
9.947889447212219238e-01 2.485306262969970703e-01 1.382017135620117188e+00 2.392101287841796875e+00 2.930476188659667969e+00 1.437870711088180542e-01
9.947889447212219238e-01 2.485306262969970703e-01 1.382017135620117188e+00 2.392101287841796875e+00 2.930476188659667969e+00 1.437870711088180542e-01
9.947889447212219238e-01 2.485306262969970703e-01 1.382017135620117188e+00 2.392101287841796875e+00 2.930476188659667969e+00 1.437870711088180542e-01
9.947889447212219238e-01 2.485306262969970703e-01 1.382017135620117188e+00 2.392101287841796875e+00 2.930476188659667969e+00 1.437870711088180542e-01
9.947889447212219238e-01 2.485306262969970703e-01 1.382017135620117188e+00 2.392101287841796875e+00 2.930476188659667969e+00 1.437870711088180542e-01
9.947889447212219238e-01 2.485306262969970703e-01 1.382017135620117188e+00 2.392101287841796875e+00 2.930476188659667969e+00 1.437870711088180542e-01
9.947889447212219238e-01 2.485306262969970703e-01 1.382017135620117188e+00 2.392101287841796875e+00 2.930476188659667969e+00 1.437870711088180542e-01
9.947889447212219238e-01 2.485306262969970703e-01 1.382017135620117188e+00 2.392101287841796875e+00 2.930476188659667969e+00 1.437870711088180542e-01
9.947889447212219238e-01 2.485306262969970703e-01 1.382017135620117188e+00 2.392101287841796875e+00 2.930476188659667969e+00 1.437870711088180542e-01
9.947889447212219238e-01 2.485306262969970703e-01 1.382017135620117188e+00 2.392101287841796875e+00 2.930476188659667969e+00 1.437870711088180542e-01
9.947889447212219238e-01 2.485306262969970703e-01 1.382017135620117188e+00 2.392101287841796875e+00 2.930476188659667969e+00 1.437870711088180542e-01
9.947889447212219238e-01 2.485306262969970703e-01 1.382017135620117188e+00 2.392101287841796875e+00 2.930476188659667969e+00 1.437870711088180542e-01
9.947889447212219238e-01 2.485306262969970703e-01 1.382017135620117188e+00 2.392101287841796875e+00 2.930476188659667969e+00 1.437870711088180542e-01
9.947889447212219238e-01 2.485306262969970703e-01 1.382017135620117188e+00 2.392101287841796875e+00 2.930476188659667969e+00 1.437870711088180542e-01
9.947889447212219238e-01 2.485306262969970703e-01 1.382017135620117188e+00 2.392101287841796875e+00 2.930476188659667969e+00 1.437870711088180542e-01
9.947889447212219238e-01 2.485306262969970703e-01 1.382017135620117188e+00 2.392101287841796875e+00 2.930476188659667969e+00 1.437870711088180542e-01
9.947889447212219238e-01 2.485306262969970703e-01 1.382017135620117188e+00 2.392101287841796875e+00 2.930476188659667969e+00 1.437870711088180542e-01
9.947889447212219238e-01 2.485306262969970703e-01 1.382017135620117188e+00 2.392101287841796875e+00 2.930476188659667969e+00 1.437870711088180542e-01
9.947889447212219238e-01 2.485306262969970703e-01 1.382017135620117188e+00 2.392101287841796875e+00 2.930476188659667969e+00 1.437870711088180542e-01
9.947889447212219238e-01 2.485306262969970703e-01 1.382017135620117188e+00 2.392101287841796875e+00 2.930476188659667969e+00 1.437870711088180542e-01
9.947889447212219238e-01 2.485306262969970703e-01 1.382017135620117188e+00 2.392101287841796875e+00 2.930476188659667969e+00 1.437870711088180542e-01
9.947889447212219238e-01 2.485306262969970703e-01 1.382017135620117188e+00 2.392101287841796875e+00 2.930476188659667969e+00 1.437870711088180542e-01
9.947889447212219238e-01 2.485306262969970703e-01 1.382017135620117188e+00 2.392101287841796875e+00 2.930476188659667969e+00 1.437870711088180542e-01
9.947889447212219238e-01 2.485306262969970703e-01 1.382017135620117188e+00 2.392101287841796875e+00 2.930476188659667969e+00 1.437870711088180542e-01
9.947889447212219238e-01 2.485306262969970703e-01 1.382017135620117188e+00 2.392101287841796875e+00 2.930476188659667969e+00 1.437870711088180542e-01
9.947889447212219238e-01 2.485306262969970703e-01 1.382017135620117188e+00 2.392101287841796875e+00 2.930476188659667969e+00 1.437870711088180542e-01
9.947889447212219238e-01 2.485306262969970703e-01 1.382017135620117188e+00 2.392101287841796875e+00 2.930476188659667969e+00 1.437870711088180542e-01
9.947889447212219238e-01 2.485306262969970703e-01 1.382017135620117188e+00 2.392101287841796875e+00 2.930476188659667969e+00 1.437870711088180542e-01
9.947889447212219238e-01 2.485306262969970703e-01 1.382017135620117188e+00 2.392101287841796875e+00 2.930476188659667969e+00 1.437870711088180542e-01
9.947889447212219238e-01 2.485306262969970703e-01 1.382017135620117188e+00 2.392101287841796875e+00 2.930476188659667969e+00 1.437870711088180542e-01
9.947889447212219238e-01 2.485306262969970703e-01 1.382017135620117188e+00 2.392101287841796875e+00 2.930476188659667969e+00 1.437870711088180542e-01
9.947889447212219238e-01 2.485306262969970703e-01 1.382017135620117188e+00 2.392101287841796875e+00 2.930476188659667969e+00 1.437870711088180542e-01
9.947889447212219238e-01 2.485306262969970703e-01 1.382017135620117188e+00 2.392101287841796875e+00 2.930476188659667969e+00 1.437870711088180542e-01
9.947889447212219238e-01 2.485306262969970703e-01 1.382017135620117188e+00 2.392101287841796875e+00 2.930476188659667969e+00 1.437870711088180542e-01
9.947889447212219238e-01 2.485306262969970703e-01 1.382017135620117188e+00 2.392101287841796875e+00 2.930476188659667969e+00 1.437870711088180542e-01
9.947889447212219238e-01 2.485306262969970703e-01 1.382017135620117188e+00 2.392101287841796875e+00 2.930476188659667969e+00 1.437870711088180542e-01
9.947889447212219238e-01 2.485306262969970703e-01 1.382017135620117188e+00 2.392101287841796875e+00 2.930476188659667969e+00 1.437870711088180542e-01
9.947889447212219238e-01 2.485306262969970703e-01 1.382017135620117188e+00 2.392101287841796875e+00 2.930476188659667969e+00 1.437870711088180542e-01
9.947889447212219238e-01 2.485306262969970703e-01 1.382017135620117188e+00 2.392101287841796875e+00 2.930476188659667969e+00 1.437870711088180542e-01
9.947889447212219238e-01 2.485306262969970703e-01 1.382017135620117188e+00 2.392101287841796875e+00 2.930476188659667969e+00 1.437870711088180542e-01
9.947889447212219238e-01 2.485306262969970703e-01 1.382017135620117188e+00 2.392101287841796875e+00 2.930476188659667969e+00 1.437870711088180542e-01
9.947889447212219238e-01 2.485306262969970703e-01 1.382017135620117188e+00 2.392101287841796875e+00 2.930476188659667969e+00 1.437870711088180542e-01
9.947889447212219238e-01 2.485306262969970703e-01 1.382017135620117188e+00 2.392101287841796875e+00 2.930476188659667969e+00 1.437870711088180542e-01
9.947889447212219238e-01 2.485306262969970703e-01 1.382017135620117188e+00 2.392101287841796875e+00 2.930476188659667969e+00 1.437870711088180542e-01
9.947889447212219238e-01 2.485306262969970703e-01 1.382017135620117188e+00 2.392101287841796875e+00 2.930476188659667969e+00 1.437870711088180542e-01
9.947889447212219238e-01 2.485306262969970703e-01 1.382017135620117188e+00 2.392101287841796875e+00 2.930476188659667969e+00 1.437870711088180542e-01
9.947889447212219238e-01 2.485306262969970703e-01 1.382017135620117188e+00 2.392101287841796875e+00 2.930476188659667969e+00 1.437870711088180542e-01
9.947889447212219238e-01 2.485306262969970703e-01 1.382017135620117188e+00 2.392101287841796875e+00 2.930476188659667969e+00 1.437870711088180542e-01
9.947889447212219238e-01 2.485306262969970703e-01 1.382017135620117188e+00 2.392101287841796875e+00 2.930476188659667969e+00 1.437870711088180542e-01
9.947889447212219238e-01 2.485306262969970703e-01 1.382017135620117188e+00 2.392101287841796875e+00 2.930476188659667969e+00 1.437870711088180542e-01
9.947889447212219238e-01 2.485306262969970703e-01 1.382017135620117188e+00 2.392101287841796875e+00 2.930476188659667969e+00 1.437870711088180542e-01
9.947889447212219238e-01 2.485306262969970703e-01 1.382017135620117188e+00 2.392101287841796875e+00 2.930476188659667969e+00 1.437870711088180542e-01
9.947889447212219238e-01 2.485306262969970703e-01 1.382017135620117188e+00 2.392101287841796875e+00 2.930476188659667969e+00 1.437870711088180542e-01
9.947889447212219238e-01 2.485306262969970703e-01 1.382017135620117188e+00 2.392101287841796875e+00 2.930476188659667969e+00 1.437870711088180542e-01
9.947889447212219238e-01 2.485306262969970703e-01 1.382017135620117188e+00 2.392101287841796875e+00 2.930476188659667969e+00 1.437870711088180542e-01
9.947889447212219238e-01 2.485306262969970703e-01 1.382017135620117188e+00 2.392101287841796875e+00 2.930476188659667969e+00 1.437870711088180542e-01
9.947889447212219238e-01 2.485306262969970703e-01 1.382017135620117188e+00 2.392101287841796875e+00 2.930476188659667969e+00 1.437870711088180542e-01
9.947889447212219238e-01 2.485306262969970703e-01 1.382017135620117188e+00 2.392101287841796875e+00 2.930476188659667969e+00 1.437870711088180542e-01
9.947889447212219238e-01 2.485306262969970703e-01 1.382017135620117188e+00 2.392101287841796875e+00 2.930476188659667969e+00 1.437870711088180542e-01
9.947889447212219238e-01 2.485306262969970703e-01 1.382017135620117188e+00 2.392101287841796875e+00 2.930476188659667969e+00 1.437870711088180542e-01
9.947889447212219238e-01 2.485306262969970703e-01 1.382017135620117188e+00 2.392101287841796875e+00 2.930476188659667969e+00 1.437870711088180542e-01
9.947889447212219238e-01 2.485306262969970703e-01 1.382017135620117188e+00 2.392101287841796875e+00 2.930476188659667969e+00 1.437870711088180542e-01
9.947889447212219238e-01 2.485306262969970703e-01 1.382017135620117188e+00 2.392101287841796875e+00 2.930476188659667969e+00 1.437870711088180542e-01
9.947889447212219238e-01 2.485306262969970703e-01 1.382017135620117188e+00 2.392101287841796875e+00 2.930476188659667969e+00 1.437870711088180542e-01
9.947889447212219238e-01 2.485306262969970703e-01 1.382017135620117188e+00 2.392101287841796875e+00 2.930476188659667969e+00 1.437870711088180542e-01
9.947889447212219238e-01 2.485306262969970703e-01 1.382017135620117188e+00 2.392101287841796875e+00 2.930476188659667969e+00 1.437870711088180542e-01
9.947889447212219238e-01 2.485306262969970703e-01 1.382017135620117188e+00 2.392101287841796875e+00 2.930476188659667969e+00 1.437870711088180542e-01
9.947889447212219238e-01 2.485306262969970703e-01 1.382017135620117188e+00 2.392101287841796875e+00 2.930476188659667969e+00 1.437870711088180542e-01
9.947889447212219238e-01 2.485306262969970703e-01 1.382017135620117188e+00 2.392101287841796875e+00 2.930476188659667969e+00 1.437870711088180542e-01
9.947889447212219238e-01 2.485306262969970703e-01 1.382017135620117188e+00 2.392101287841796875e+00 2.930476188659667969e+00 1.437870711088180542e-01
9.947889447212219238e-01 2.485306262969970703e-01 1.382017135620117188e+00 2.392101287841796875e+00 2.930476188659667969e+00 1.437870711088180542e-01
9.947889447212219238e-01 2.485306262969970703e-01 1.382017135620117188e+00 2.392101287841796875e+00 2.930476188659667969e+00 1.437870711088180542e-01
9.947889447212219238e-01 2.485306262969970703e-01 1.382017135620117188e+00 2.392101287841796875e+00 2.930476188659667969e+00 1.437870711088180542e-01
9.947889447212219238e-01 2.485306262969970703e-01 1.382017135620117188e+00 2.392101287841796875e+00 2.930476188659667969e+00 1.437870711088180542e-01
9.947889447212219238e-01 2.485306262969970703e-01 1.382017135620117188e+00 2.392101287841796875e+00 2.930476188659667969e+00 1.437870711088180542e-01
9.947889447212219238e-01 2.485306262969970703e-01 1.382017135620117188e+00 2.392101287841796875e+00 2.930476188659667969e+00 1.437870711088180542e-01
9.947889447212219238e-01 2.485306262969970703e-01 1.382017135620117188e+00 2.392101287841796875e+00 2.930476188659667969e+00 1.437870711088180542e-01
9.947889447212219238e-01 2.485306262969970703e-01 1.382017135620117188e+00 2.392101287841796875e+00 2.930476188659667969e+00 1.437870711088180542e-01
9.947889447212219238e-01 2.485306262969970703e-01 1.382017135620117188e+00 2.392101287841796875e+00 2.930476188659667969e+00 1.437870711088180542e-01
9.947889447212219238e-01 2.485306262969970703e-01 1.382017135620117188e+00 2.392101287841796875e+00 2.930476188659667969e+00 1.437870711088180542e-01
9.947889447212219238e-01 2.485306262969970703e-01 1.382017135620117188e+00 2.392101287841796875e+00 2.930476188659667969e+00 1.437870711088180542e-01
9.947889447212219238e-01 2.485306262969970703e-01 1.382017135620117188e+00 2.392101287841796875e+00 2.930476188659667969e+00 1.437870711088180542e-01
9.947889447212219238e-01 2.485306262969970703e-01 1.382017135620117188e+00 2.392101287841796875e+00 2.930476188659667969e+00 1.437870711088180542e-01
9.947889447212219238e-01 2.485306262969970703e-01 1.382017135620117188e+00 2.392101287841796875e+00 2.930476188659667969e+00 1.437870711088180542e-01
9.947889447212219238e-01 2.485306262969970703e-01 1.382017135620117188e+00 2.392101287841796875e+00 2.930476188659667969e+00 1.437870711088180542e-01
9.947889447212219238e-01 2.485306262969970703e-01 1.382017135620117188e+00 2.392101287841796875e+00 2.930476188659667969e+00 1.437870711088180542e-01
9.947889447212219238e-01 2.485306262969970703e-01 1.382017135620117188e+00 2.392101287841796875e+00 2.930476188659667969e+00 1.437870711088180542e-01
9.947889447212219238e-01 2.485306262969970703e-01 1.382017135620117188e+00 2.392101287841796875e+00 2.930476188659667969e+00 1.437870711088180542e-01
9.947889447212219238e-01 2.485306262969970703e-01 1.382017135620117188e+00 2.392101287841796875e+00 2.930476188659667969e+00 1.437870711088180542e-01
9.947889447212219238e-01 2.485306262969970703e-01 1.382017135620117188e+00 2.392101287841796875e+00 2.930476188659667969e+00 1.437870711088180542e-01
9.947889447212219238e-01 2.485306262969970703e-01 1.382017135620117188e+00 2.392101287841796875e+00 2.930476188659667969e+00 1.437870711088180542e-01
9.947889447212219238e-01 2.485306262969970703e-01 1.382017135620117188e+00 2.392101287841796875e+00 2.930476188659667969e+00 1.437870711088180542e-01
9.947889447212219238e-01 2.485306262969970703e-01 1.382017135620117188e+00 2.392101287841796875e+00 2.930476188659667969e+00 1.437870711088180542e-01
9.947889447212219238e-01 2.485306262969970703e-01 1.382017135620117188e+00 2.392101287841796875e+00 2.930476188659667969e+00 1.437870711088180542e-01
9.947889447212219238e-01 2.485306262969970703e-01 1.382017135620117188e+00 2.392101287841796875e+00 2.930476188659667969e+00 1.437870711088180542e-01
9.947889447212219238e-01 2.485306262969970703e-01 1.382017135620117188e+00 2.392101287841796875e+00 2.930476188659667969e+00 1.437870711088180542e-01
9.947889447212219238e-01 2.485306262969970703e-01 1.382017135620117188e+00 2.392101287841796875e+00 2.930476188659667969e+00 1.437870711088180542e-01
9.947889447212219238e-01 2.485306262969970703e-01 1.382017135620117188e+00 2.392101287841796875e+00 2.930476188659667969e+00 1.437870711088180542e-01
9.947889447212219238e-01 2.485306262969970703e-01 1.382017135620117188e+00 2.392101287841796875e+00 2.930476188659667969e+00 1.437870711088180542e-01
