0.000000000000000000e+00 0.000000000000000000e+00 0.000000000000000000e+00 0.000000000000000000e+00 0.000000000000000000e+00 0.000000000000000000e+00
0.000000000000000000e+00 0.000000000000000000e+00 0.000000000000000000e+00 0.000000000000000000e+00 0.000000000000000000e+00 0.000000000000000000e+00
0.000000000000000000e+00 0.000000000000000000e+00 0.000000000000000000e+00 0.000000000000000000e+00 0.000000000000000000e+00 0.000000000000000000e+00
0.000000000000000000e+00 0.000000000000000000e+00 0.000000000000000000e+00 0.000000000000000000e+00 0.000000000000000000e+00 0.000000000000000000e+00
0.000000000000000000e+00 0.000000000000000000e+00 0.000000000000000000e+00 0.000000000000000000e+00 0.000000000000000000e+00 0.000000000000000000e+00
0.000000000000000000e+00 0.000000000000000000e+00 0.000000000000000000e+00 0.000000000000000000e+00 0.000000000000000000e+00 0.000000000000000000e+00
0.000000000000000000e+00 0.000000000000000000e+00 0.000000000000000000e+00 0.000000000000000000e+00 0.000000000000000000e+00 0.000000000000000000e+00
0.000000000000000000e+00 0.000000000000000000e+00 0.000000000000000000e+00 0.000000000000000000e+00 0.000000000000000000e+00 0.000000000000000000e+00
0.000000000000000000e+00 0.000000000000000000e+00 0.000000000000000000e+00 0.000000000000000000e+00 0.000000000000000000e+00 0.000000000000000000e+00
0.000000000000000000e+00 0.000000000000000000e+00 0.000000000000000000e+00 0.000000000000000000e+00 0.000000000000000000e+00 0.000000000000000000e+00
0.000000000000000000e+00 0.000000000000000000e+00 0.000000000000000000e+00 0.000000000000000000e+00 0.000000000000000000e+00 0.000000000000000000e+00
0.000000000000000000e+00 0.000000000000000000e+00 0.000000000000000000e+00 0.000000000000000000e+00 0.000000000000000000e+00 0.000000000000000000e+00
0.000000000000000000e+00 0.000000000000000000e+00 0.000000000000000000e+00 0.000000000000000000e+00 0.000000000000000000e+00 0.000000000000000000e+00
0.000000000000000000e+00 0.000000000000000000e+00 0.000000000000000000e+00 0.000000000000000000e+00 0.000000000000000000e+00 0.000000000000000000e+00
0.000000000000000000e+00 0.000000000000000000e+00 0.000000000000000000e+00 0.000000000000000000e+00 0.000000000000000000e+00 0.000000000000000000e+00
0.000000000000000000e+00 0.000000000000000000e+00 0.000000000000000000e+00 0.000000000000000000e+00 0.000000000000000000e+00 0.000000000000000000e+00
0.000000000000000000e+00 0.000000000000000000e+00 0.000000000000000000e+00 0.000000000000000000e+00 0.000000000000000000e+00 0.000000000000000000e+00
0.000000000000000000e+00 0.000000000000000000e+00 0.000000000000000000e+00 0.000000000000000000e+00 0.000000000000000000e+00 0.000000000000000000e+00
0.000000000000000000e+00 0.000000000000000000e+00 0.000000000000000000e+00 0.000000000000000000e+00 0.000000000000000000e+00 0.000000000000000000e+00
0.000000000000000000e+00 0.000000000000000000e+00 0.000000000000000000e+00 0.000000000000000000e+00 0.000000000000000000e+00 0.000000000000000000e+00
0.000000000000000000e+00 0.000000000000000000e+00 0.000000000000000000e+00 0.000000000000000000e+00 0.000000000000000000e+00 0.000000000000000000e+00
0.000000000000000000e+00 0.000000000000000000e+00 0.000000000000000000e+00 0.000000000000000000e+00 0.000000000000000000e+00 0.000000000000000000e+00
0.000000000000000000e+00 0.000000000000000000e+00 0.000000000000000000e+00 0.000000000000000000e+00 0.000000000000000000e+00 0.000000000000000000e+00
0.000000000000000000e+00 0.000000000000000000e+00 0.000000000000000000e+00 0.000000000000000000e+00 0.000000000000000000e+00 0.000000000000000000e+00
0.000000000000000000e+00 0.000000000000000000e+00 0.000000000000000000e+00 0.000000000000000000e+00 0.000000000000000000e+00 0.000000000000000000e+00
0.000000000000000000e+00 0.000000000000000000e+00 0.000000000000000000e+00 0.000000000000000000e+00 0.000000000000000000e+00 0.000000000000000000e+00
0.000000000000000000e+00 0.000000000000000000e+00 0.000000000000000000e+00 0.000000000000000000e+00 0.000000000000000000e+00 0.000000000000000000e+00
0.000000000000000000e+00 0.000000000000000000e+00 0.000000000000000000e+00 0.000000000000000000e+00 0.000000000000000000e+00 0.000000000000000000e+00
0.000000000000000000e+00 0.000000000000000000e+00 0.000000000000000000e+00 0.000000000000000000e+00 0.000000000000000000e+00 0.000000000000000000e+00
0.000000000000000000e+00 0.000000000000000000e+00 0.000000000000000000e+00 0.000000000000000000e+00 0.000000000000000000e+00 0.000000000000000000e+00
0.000000000000000000e+00 0.000000000000000000e+00 0.000000000000000000e+00 0.000000000000000000e+00 0.000000000000000000e+00 0.000000000000000000e+00
0.000000000000000000e+00 0.000000000000000000e+00 0.000000000000000000e+00 0.000000000000000000e+00 0.000000000000000000e+00 0.000000000000000000e+00
0.000000000000000000e+00 0.000000000000000000e+00 0.000000000000000000e+00 0.000000000000000000e+00 0.000000000000000000e+00 0.000000000000000000e+00
0.000000000000000000e+00 0.000000000000000000e+00 0.000000000000000000e+00 0.000000000000000000e+00 0.000000000000000000e+00 0.000000000000000000e+00
0.000000000000000000e+00 0.000000000000000000e+00 0.000000000000000000e+00 0.000000000000000000e+00 0.000000000000000000e+00 0.000000000000000000e+00
0.000000000000000000e+00 0.000000000000000000e+00 0.000000000000000000e+00 0.000000000000000000e+00 0.000000000000000000e+00 0.000000000000000000e+00
0.000000000000000000e+00 0.000000000000000000e+00 0.000000000000000000e+00 0.000000000000000000e+00 0.000000000000000000e+00 0.000000000000000000e+00
0.000000000000000000e+00 0.000000000000000000e+00 0.000000000000000000e+00 0.000000000000000000e+00 0.000000000000000000e+00 0.000000000000000000e+00
0.000000000000000000e+00 0.000000000000000000e+00 0.000000000000000000e+00 0.000000000000000000e+00 0.000000000000000000e+00 0.000000000000000000e+00
0.000000000000000000e+00 0.000000000000000000e+00 0.000000000000000000e+00 0.000000000000000000e+00 0.000000000000000000e+00 0.000000000000000000e+00
0.000000000000000000e+00 0.000000000000000000e+00 0.000000000000000000e+00 0.000000000000000000e+00 0.000000000000000000e+00 0.000000000000000000e+00
0.000000000000000000e+00 0.000000000000000000e+00 0.000000000000000000e+00 0.000000000000000000e+00 0.000000000000000000e+00 0.000000000000000000e+00
0.000000000000000000e+00 0.000000000000000000e+00 0.000000000000000000e+00 0.000000000000000000e+00 0.000000000000000000e+00 0.000000000000000000e+00
0.000000000000000000e+00 0.000000000000000000e+00 0.000000000000000000e+00 0.000000000000000000e+00 0.000000000000000000e+00 0.000000000000000000e+00
0.000000000000000000e+00 0.000000000000000000e+00 0.000000000000000000e+00 0.000000000000000000e+00 0.000000000000000000e+00 0.000000000000000000e+00
0.000000000000000000e+00 0.000000000000000000e+00 0.000000000000000000e+00 0.000000000000000000e+00 0.000000000000000000e+00 0.000000000000000000e+00
0.000000000000000000e+00 0.000000000000000000e+00 0.000000000000000000e+00 0.000000000000000000e+00 0.000000000000000000e+00 0.000000000000000000e+00
0.000000000000000000e+00 0.000000000000000000e+00 0.000000000000000000e+00 0.000000000000000000e+00 0.000000000000000000e+00 0.000000000000000000e+00
0.000000000000000000e+00 0.000000000000000000e+00 0.000000000000000000e+00 0.000000000000000000e+00 0.000000000000000000e+00 0.000000000000000000e+00
0.000000000000000000e+00 0.000000000000000000e+00 0.000000000000000000e+00 0.000000000000000000e+00 0.000000000000000000e+00 0.000000000000000000e+00
0.000000000000000000e+00 0.000000000000000000e+00 0.000000000000000000e+00 0.000000000000000000e+00 0.000000000000000000e+00 0.000000000000000000e+00
0.000000000000000000e+00 0.000000000000000000e+00 0.000000000000000000e+00 0.000000000000000000e+00 0.000000000000000000e+00 0.000000000000000000e+00
0.000000000000000000e+00 0.000000000000000000e+00 0.000000000000000000e+00 0.000000000000000000e+00 0.000000000000000000e+00 0.000000000000000000e+00
0.000000000000000000e+00 0.000000000000000000e+00 0.000000000000000000e+00 0.000000000000000000e+00 0.000000000000000000e+00 0.000000000000000000e+00
0.000000000000000000e+00 0.000000000000000000e+00 0.000000000000000000e+00 0.000000000000000000e+00 0.000000000000000000e+00 0.000000000000000000e+00
0.000000000000000000e+00 0.000000000000000000e+00 0.000000000000000000e+00 0.000000000000000000e+00 0.000000000000000000e+00 0.000000000000000000e+00
0.000000000000000000e+00 0.000000000000000000e+00 0.000000000000000000e+00 0.000000000000000000e+00 0.000000000000000000e+00 0.000000000000000000e+00
0.000000000000000000e+00 0.000000000000000000e+00 0.000000000000000000e+00 0.000000000000000000e+00 0.000000000000000000e+00 0.000000000000000000e+00
0.000000000000000000e+00 0.000000000000000000e+00 0.000000000000000000e+00 0.000000000000000000e+00 0.000000000000000000e+00 0.000000000000000000e+00
0.000000000000000000e+00 0.000000000000000000e+00 0.000000000000000000e+00 0.000000000000000000e+00 0.000000000000000000e+00 0.000000000000000000e+00
0.000000000000000000e+00 0.000000000000000000e+00 0.000000000000000000e+00 0.000000000000000000e+00 0.000000000000000000e+00 0.000000000000000000e+00
0.000000000000000000e+00 0.000000000000000000e+00 0.000000000000000000e+00 0.000000000000000000e+00 0.000000000000000000e+00 0.000000000000000000e+00
0.000000000000000000e+00 0.000000000000000000e+00 0.000000000000000000e+00 0.000000000000000000e+00 0.000000000000000000e+00 0.000000000000000000e+00
0.000000000000000000e+00 0.000000000000000000e+00 0.000000000000000000e+00 0.000000000000000000e+00 0.000000000000000000e+00 0.000000000000000000e+00
0.000000000000000000e+00 0.000000000000000000e+00 0.000000000000000000e+00 0.000000000000000000e+00 0.000000000000000000e+00 0.000000000000000000e+00
0.000000000000000000e+00 0.000000000000000000e+00 0.000000000000000000e+00 0.000000000000000000e+00 0.000000000000000000e+00 0.000000000000000000e+00
0.000000000000000000e+00 0.000000000000000000e+00 0.000000000000000000e+00 0.000000000000000000e+00 0.000000000000000000e+00 0.000000000000000000e+00
0.000000000000000000e+00 0.000000000000000000e+00 0.000000000000000000e+00 0.000000000000000000e+00 0.000000000000000000e+00 0.000000000000000000e+00
0.000000000000000000e+00 0.000000000000000000e+00 0.000000000000000000e+00 0.000000000000000000e+00 0.000000000000000000e+00 0.000000000000000000e+00
0.000000000000000000e+00 0.000000000000000000e+00 0.000000000000000000e+00 0.000000000000000000e+00 0.000000000000000000e+00 0.000000000000000000e+00
0.000000000000000000e+00 0.000000000000000000e+00 0.000000000000000000e+00 0.000000000000000000e+00 0.000000000000000000e+00 0.000000000000000000e+00
0.000000000000000000e+00 0.000000000000000000e+00 0.000000000000000000e+00 0.000000000000000000e+00 0.000000000000000000e+00 0.000000000000000000e+00
0.000000000000000000e+00 0.000000000000000000e+00 0.000000000000000000e+00 0.000000000000000000e+00 0.000000000000000000e+00 0.000000000000000000e+00
0.000000000000000000e+00 0.000000000000000000e+00 0.000000000000000000e+00 0.000000000000000000e+00 0.000000000000000000e+00 0.000000000000000000e+00
0.000000000000000000e+00 0.000000000000000000e+00 0.000000000000000000e+00 0.000000000000000000e+00 0.000000000000000000e+00 0.000000000000000000e+00
0.000000000000000000e+00 0.000000000000000000e+00 0.000000000000000000e+00 0.000000000000000000e+00 0.000000000000000000e+00 0.000000000000000000e+00
0.000000000000000000e+00 0.000000000000000000e+00 0.000000000000000000e+00 0.000000000000000000e+00 0.000000000000000000e+00 0.000000000000000000e+00
0.000000000000000000e+00 0.000000000000000000e+00 0.000000000000000000e+00 0.000000000000000000e+00 0.000000000000000000e+00 0.000000000000000000e+00
0.000000000000000000e+00 0.000000000000000000e+00 0.000000000000000000e+00 0.000000000000000000e+00 0.000000000000000000e+00 0.000000000000000000e+00
0.000000000000000000e+00 0.000000000000000000e+00 0.000000000000000000e+00 0.000000000000000000e+00 0.000000000000000000e+00 0.000000000000000000e+00
0.000000000000000000e+00 0.000000000000000000e+00 0.000000000000000000e+00 0.000000000000000000e+00 0.000000000000000000e+00 0.000000000000000000e+00
0.000000000000000000e+00 0.000000000000000000e+00 0.000000000000000000e+00 0.000000000000000000e+00 0.000000000000000000e+00 0.000000000000000000e+00
0.000000000000000000e+00 0.000000000000000000e+00 0.000000000000000000e+00 0.000000000000000000e+00 0.000000000000000000e+00 0.000000000000000000e+00
0.000000000000000000e+00 0.000000000000000000e+00 0.000000000000000000e+00 0.000000000000000000e+00 0.000000000000000000e+00 0.000000000000000000e+00
0.000000000000000000e+00 0.000000000000000000e+00 0.000000000000000000e+00 0.000000000000000000e+00 0.000000000000000000e+00 0.000000000000000000e+00
0.000000000000000000e+00 0.000000000000000000e+00 0.000000000000000000e+00 0.000000000000000000e+00 0.000000000000000000e+00 0.000000000000000000e+00
0.000000000000000000e+00 0.000000000000000000e+00 0.000000000000000000e+00 0.000000000000000000e+00 0.000000000000000000e+00 0.000000000000000000e+00
0.000000000000000000e+00 0.000000000000000000e+00 0.000000000000000000e+00 0.000000000000000000e+00 0.000000000000000000e+00 0.000000000000000000e+00
0.000000000000000000e+00 0.000000000000000000e+00 0.000000000000000000e+00 0.000000000000000000e+00 0.000000000000000000e+00 0.000000000000000000e+00
0.000000000000000000e+00 0.000000000000000000e+00 0.000000000000000000e+00 0.000000000000000000e+00 0.000000000000000000e+00 0.000000000000000000e+00
0.000000000000000000e+00 0.000000000000000000e+00 0.000000000000000000e+00 0.000000000000000000e+00 0.000000000000000000e+00 0.000000000000000000e+00
0.000000000000000000e+00 0.000000000000000000e+00 0.000000000000000000e+00 0.000000000000000000e+00 0.000000000000000000e+00 0.000000000000000000e+00
0.000000000000000000e+00 0.000000000000000000e+00 0.000000000000000000e+00 0.000000000000000000e+00 0.000000000000000000e+00 0.000000000000000000e+00
0.000000000000000000e+00 0.000000000000000000e+00 0.000000000000000000e+00 0.000000000000000000e+00 0.000000000000000000e+00 0.000000000000000000e+00
0.000000000000000000e+00 0.000000000000000000e+00 0.000000000000000000e+00 0.000000000000000000e+00 0.000000000000000000e+00 0.000000000000000000e+00
0.000000000000000000e+00 0.000000000000000000e+00 0.000000000000000000e+00 0.000000000000000000e+00 0.000000000000000000e+00 0.000000000000000000e+00
0.000000000000000000e+00 0.000000000000000000e+00 0.000000000000000000e+00 0.000000000000000000e+00 0.000000000000000000e+00 0.000000000000000000e+00
0.000000000000000000e+00 0.000000000000000000e+00 0.000000000000000000e+00 0.000000000000000000e+00 0.000000000000000000e+00 0.000000000000000000e+00
0.000000000000000000e+00 0.000000000000000000e+00 0.000000000000000000e+00 0.000000000000000000e+00 0.000000000000000000e+00 0.000000000000000000e+00
0.000000000000000000e+00 0.000000000000000000e+00 0.000000000000000000e+00 0.000000000000000000e+00 0.000000000000000000e+00 0.000000000000000000e+00
0.000000000000000000e+00 0.000000000000000000e+00 0.000000000000000000e+00 0.000000000000000000e+00 0.000000000000000000e+00 0.000000000000000000e+00
6.529668718576431274e-02 9.863320738077163696e-02 1.592642441391944885e-02 1.566622965037822723e-02 9.152781963348388672e-02 9.836512804031372070e-02
1.305933743715286255e-01 1.972664147615432739e-01 3.185284882783889771e-02 3.133245930075645447e-02 1.830556392669677734e-01 1.967302560806274414e-01
1.958900541067123413e-01 2.958995997905731201e-01 4.777927324175834656e-02 4.699868708848953247e-02 2.745834589004516602e-01 2.950953841209411621e-01
2.611867487430572510e-01 3.945328295230865479e-01 6.370569765567779541e-02 6.266491860151290894e-02 3.661112785339355469e-01 3.934605121612548828e-01
3.264834284782409668e-01 4.931660294532775879e-01 7.963211834430694580e-02 7.833115011453628540e-02 4.576390981674194336e-01 4.918256402015686035e-01
3.917801082134246826e-01 5.917991995811462402e-01 9.555854648351669312e-02 9.399737417697906494e-02 5.491669178009033203e-01 5.901907682418823242e-01
4.570767879486083984e-01 6.904324293136596680e-01 1.114849671721458435e-01 1.096636056900024414e-01 6.406947374343872070e-01 6.885558962821960449e-01
5.223734974861145020e-01 7.890656590461730957e-01 1.274113953113555908e-01 1.253298372030258179e-01 7.322225570678710938e-01 7.869210243225097656e-01
5.876701474189758301e-01 8.876988291740417480e-01 1.433378159999847412e-01 1.409960687160491943e-01 8.237503767013549805e-01 8.852861523628234863e-01
6.529668569564819336e-01 9.863320589065551758e-01 1.592642366886138916e-01 1.566623002290725708e-01 9.152781963348388672e-01 9.836512804031372070e-01
7.182635664939880371e-01 1.084965229034423828e+00 1.751906722784042358e-01 1.723285168409347534e-01 1.006806015968322754e+00 1.082016468048095703e+00
7.835602164268493652e-01 1.183598399162292480e+00 1.911170929670333862e-01 1.879947483539581299e-01 1.098333835601806641e+00 1.180381536483764648e+00
8.488569259643554688e-01 1.282231688499450684e+00 2.070435136556625366e-01 2.036609798669815063e-01 1.189861655235290527e+00 1.278746724128723145e+00
9.141535758972167969e-01 1.380864858627319336e+00 2.229699343442916870e-01 2.193272113800048828e-01 1.281389474868774414e+00 1.377111792564392090e+00
9.794502854347229004e-01 1.479498028755187988e+00 2.388963699340820312e-01 2.349934428930282593e-01 1.372917294502258301e+00 1.475476980209350586e+00
1.044746994972229004e+00 1.578131318092346191e+00 2.548227906227111816e-01 2.506596744060516357e-01 1.464445114135742188e+00 1.573842048645019531e+00
1.110043644905090332e+00 1.676764488220214844e+00 2.707492113113403320e-01 2.663258910179138184e-01 1.555972933769226074e+00 1.672207236289978027e+00
1.175340294837951660e+00 1.775397658348083496e+00 2.866756319999694824e-01 2.819921374320983887e-01 1.647500753402709961e+00 1.770572304725646973e+00
1.240637063980102539e+00 1.874030947685241699e+00 3.026020526885986328e-01 2.976583540439605713e-01 1.739028573036193848e+00 1.868937492370605469e+00
1.305933713912963867e+00 1.972664117813110352e+00 3.185284733772277832e-01 3.133246004581451416e-01 1.830556392669677734e+00 1.967302560806274414e+00
1.371230363845825195e+00 2.071297407150268555e+00 3.344548940658569336e-01 3.289908170700073242e-01 1.922084212303161621e+00 2.065667629241943359e+00
1.436527132987976074e+00 2.169930458068847656e+00 3.503813445568084717e-01 3.446570336818695068e-01 2.013612031936645508e+00 2.164032936096191406e+00
1.501823782920837402e+00 2.268563747406005859e+00 3.663077652454376221e-01 3.603232800960540771e-01 2.105139732360839844e+00 2.262398004531860352e+00
1.567120432853698730e+00 2.367196798324584961e+00 3.822341859340667725e-01 3.759894967079162598e-01 2.196667671203613281e+00 2.360763072967529297e+00
1.632417201995849609e+00 2.465830087661743164e+00 3.981606066226959229e-01 3.916557431221008301e-01 2.288195371627807617e+00 2.459128141403198242e+00
1.697713851928710938e+00 2.564463376998901367e+00 4.140870273113250732e-01 4.073219597339630127e-01 2.379723310470581055e+00 2.557493448257446289e+00
1.763010501861572266e+00 2.663096427917480469e+00 4.300134479999542236e-01 4.229882061481475830e-01 2.471251010894775391e+00 2.655858516693115234e+00
1.828307151794433594e+00 2.761729717254638672e+00 4.459398686885833740e-01 4.386544227600097656e-01 2.562778949737548828e+00 2.754223585128784180e+00
1.893603920936584473e+00 2.860363006591796875e+00 4.618662893772125244e-01 4.543206691741943359e-01 2.654306650161743164e+00 2.852588891983032227e+00
1.958900570869445801e+00 2.958996057510375977e+00 4.777927398681640625e-01 4.699868857860565186e-01 2.745834589004516602e+00 2.950953960418701172e+00
1.909838318824768066e+00 2.946079254150390625e+00 5.466086268424987793e-01 5.307913422584533691e-01 2.708383560180664062e+00 2.878144264221191406e+00
1.860776066780090332e+00 2.933162689208984375e+00 6.154245734214782715e-01 5.915957689285278320e-01 2.670932531356811523e+00 2.805334806442260742e+00
1.811713814735412598e+00 2.920245885848999023e+00 6.842405200004577637e-01 6.524002552032470703e-01 2.633481502532958984e+00 2.732525110244750977e+00
1.762651562690734863e+00 2.907329082489013672e+00 7.530564069747924805e-01 7.132046818733215332e-01 2.596030712127685547e+00 2.659715652465820312e+00
1.713589310646057129e+00 2.894412279129028320e+00 8.218723535537719727e-01 7.740091681480407715e-01 2.558579683303833008e+00 2.586905956268310547e+00
1.664527058601379395e+00 2.881495475769042969e+00 8.906882405281066895e-01 8.348135948181152344e-01 2.521128654479980469e+00 2.514096498489379883e+00
1.615464806556701660e+00 2.868578672409057617e+00 9.595041871070861816e-01 8.956180214881896973e-01 2.483677625656127930e+00 2.441286802291870117e+00
1.566402554512023926e+00 2.855661869049072266e+00 1.028320074081420898e+00 9.564225077629089355e-01 2.446226835250854492e+00 2.368477344512939453e+00
1.517340183258056641e+00 2.842745065689086914e+00 1.097136020660400391e+00 1.017226934432983398e+00 2.408775806427001953e+00 2.295667648315429688e+00
1.468277931213378906e+00 2.829828262329101562e+00 1.165951967239379883e+00 1.078031420707702637e+00 2.371324777603149414e+00 2.222858190536499023e+00
1.419215679168701172e+00 2.816911458969116211e+00 1.234767913818359375e+00 1.138835787773132324e+00 2.333873748779296875e+00 2.150048732757568359e+00
1.370153427124023438e+00 2.803994894027709961e+00 1.303583860397338867e+00 1.199640274047851562e+00 2.296422719955444336e+00 2.077239036560058594e+00
1.321091175079345703e+00 2.791078090667724609e+00 1.372399687767028809e+00 1.260444760322570801e+00 2.258971929550170898e+00 2.004429578781127930e+00
1.272028923034667969e+00 2.778161287307739258e+00 1.441215634346008301e+00 1.321249246597290039e+00 2.221520900726318359e+00 1.931619882583618164e+00
1.222966670989990234e+00 2.765244483947753906e+00 1.510031580924987793e+00 1.382053613662719727e+00 2.184069871902465820e+00 1.858810305595397949e+00
1.173904418945312500e+00 2.752327680587768555e+00 1.578847527503967285e+00 1.442858099937438965e+00 2.146618843078613281e+00 1.786000728607177734e+00
1.124842166900634766e+00 2.739410877227783203e+00 1.647663474082946777e+00 1.503662586212158203e+00 2.109168052673339844e+00 1.713191151618957520e+00
1.075779914855957031e+00 2.726494073867797852e+00 1.716479301452636719e+00 1.564466953277587891e+00 2.071717023849487305e+00 1.640381574630737305e+00
1.026717662811279297e+00 2.713577270507812500e+00 1.785295248031616211e+00 1.625271439552307129e+00 2.034265995025634766e+00 1.567571997642517090e+00
9.776553511619567871e-01 2.700660467147827148e+00 1.854111194610595703e+00 1.686075925827026367e+00 1.996815085411071777e+00 1.494762420654296875e+00
9.285930991172790527e-01 2.687743663787841797e+00 1.922927141189575195e+00 1.746880412101745605e+00 1.959364056587219238e+00 1.421952962875366211e+00
8.795308470726013184e-01 2.674826860427856445e+00 1.991743087768554688e+00 1.807684779167175293e+00 1.921913027763366699e+00 1.349143385887145996e+00
8.304685950279235840e-01 2.661910295486450195e+00 2.060559034347534180e+00 1.868489265441894531e+00 1.884462118148803711e+00 1.276333808898925781e+00
7.814063429832458496e-01 2.648993492126464844e+00 2.129374980926513672e+00 1.929293751716613770e+00 1.847011089324951172e+00 1.203524231910705566e+00
7.323440909385681152e-01 2.636076688766479492e+00 2.198190927505493164e+00 1.990098118782043457e+00 1.809560179710388184e+00 1.130714654922485352e+00
6.832818388938903809e-01 2.623159885406494141e+00 2.267006635665893555e+00 2.050902605056762695e+00 1.772109150886535645e+00 1.057905077934265137e+00
6.342195868492126465e-01 2.610243082046508789e+00 2.335822582244873047e+00 2.111706972122192383e+00 1.734658241271972656e+00 9.850955009460449219e-01
5.851572751998901367e-01 2.597326278686523438e+00 2.404638528823852539e+00 2.172511577606201172e+00 1.697207212448120117e+00 9.122859239578247070e-01
5.360950231552124023e-01 2.584409475326538086e+00 2.473454475402832031e+00 2.233315944671630859e+00 1.659756302833557129e+00 8.394763469696044922e-01
4.870327711105346680e-01 2.571492671966552734e+00 2.542270421981811523e+00 2.294120311737060547e+00 1.622305274009704590e+00 7.666667699813842773e-01
4.952492415904998779e-01 2.502733469009399414e+00 2.506191015243530273e+00 2.243832349777221680e+00 1.571696519851684570e+00 8.383776545524597168e-01
5.034656524658203125e-01 2.433974504470825195e+00 2.470111846923828125e+00 2.193544387817382812e+00 1.521087646484375000e+00 9.100885391235351562e-01
5.116820931434631348e-01 2.365215301513671875e+00 2.434032440185546875e+00 2.143256425857543945e+00 1.470478892326354980e+00 9.817994236946105957e-01
5.198985934257507324e-01 2.296456098556518555e+00 2.397953271865844727e+00 2.092968225479125977e+00 1.419870138168334961e+00 1.053510308265686035e+00
5.281150341033935547e-01 2.227696895599365234e+00 2.361873865127563477e+00 2.042680263519287109e+00 1.369261384010314941e+00 1.125221133232116699e+00
5.363314747810363770e-01 2.158937692642211914e+00 2.325794458389282227e+00 1.992392301559448242e+00 1.318652510643005371e+00 1.196932077407836914e+00
5.445479154586791992e-01 2.090178489685058594e+00 2.289715290069580078e+00 1.942104220390319824e+00 1.268043756484985352e+00 1.268642902374267578e+00
5.527643561363220215e-01 2.021419525146484375e+00 2.253635883331298828e+00 1.891816139221191406e+00 1.217435002326965332e+00 1.340353846549987793e+00
5.609807968139648438e-01 1.952660322189331055e+00 2.217556715011596680e+00 1.841528177261352539e+00 1.166826248168945312e+00 1.412064671516418457e+00
5.691972374916076660e-01 1.883901119232177734e+00 2.181477308273315430e+00 1.791240096092224121e+00 1.116217374801635742e+00 1.483775615692138672e+00
5.774136781692504883e-01 1.815141916275024414e+00 2.145397901535034180e+00 1.740952134132385254e+00 1.065608620643615723e+00 1.555486440658569336e+00
5.856301188468933105e-01 1.746382832527160645e+00 2.109318733215332031e+00 1.690664052963256836e+00 1.014999866485595703e+00 1.627197384834289551e+00
5.938466191291809082e-01 1.677623629570007324e+00 2.073239326477050781e+00 1.640376091003417969e+00 9.643910527229309082e-01 1.698908209800720215e+00
6.020630598068237305e-01 1.608864426612854004e+00 2.037159919738769531e+00 1.590088009834289551e+00 9.137822985649108887e-01 1.770619153976440430e+00
6.102795004844665527e-01 1.540105342864990234e+00 2.001080751419067383e+00 1.539800047874450684e+00 8.631734848022460938e-01 1.842329978942871094e+00
6.184959411621093750e-01 1.471346139907836914e+00 1.965001344680786133e+00 1.489511966705322266e+00 8.125647306442260742e-01 1.914040803909301758e+00
6.267123818397521973e-01 1.402586936950683594e+00 1.928922057151794434e+00 1.439224004745483398e+00 7.619559168815612793e-01 1.985751748085021973e+00
6.349288225173950195e-01 1.333827853202819824e+00 1.892842769622802734e+00 1.388935923576354980e+00 7.113471627235412598e-01 2.057462692260742188e+00
6.431452631950378418e-01 1.265068650245666504e+00 1.856763482093811035e+00 1.338647842407226562e+00 6.607383489608764648e-01 2.129173517227172852e+00
6.513617038726806641e-01 1.196309447288513184e+00 1.820684075355529785e+00 1.288359880447387695e+00 6.101295948028564453e-01 2.200884342193603516e+00
6.595781445503234863e-01 1.127550363540649414e+00 1.784604787826538086e+00 1.238071799278259277e+00 5.595207810401916504e-01 2.272595167160034180e+00
6.677946448326110840e-01 1.058791160583496094e+00 1.748525500297546387e+00 1.187783837318420410e+00 5.089120268821716309e-01 2.344306230545043945e+00
6.760110855102539062e-01 9.900320172309875488e-01 1.712446212768554688e+00 1.137495756149291992e+00 4.583032429218292236e-01 2.416017055511474609e+00
6.842275261878967285e-01 9.212728142738342285e-01 1.676366925239562988e+00 1.087207794189453125e+00 4.076944589614868164e-01 2.487727880477905273e+00
6.924439668655395508e-01 8.525136709213256836e-01 1.640287518501281738e+00 1.036919713020324707e+00 3.570856750011444092e-01 2.559438705444335938e+00
7.006604075431823730e-01 7.837545275688171387e-01 1.604208230972290039e+00 9.866316914558410645e-01 3.064768910408020020e-01 2.631149768829345703e+00
7.088768482208251953e-01 7.149953246116638184e-01 1.568128943443298340e+00 9.363436698913574219e-01 2.558681070804595947e-01 2.702860593795776367e+00
7.170932888984680176e-01 6.462361812591552734e-01 1.532049655914306641e+00 8.860556483268737793e-01 2.052593082189559937e-01 2.774571418762207031e+00
7.253097295761108398e-01 5.774770379066467285e-01 1.495970249176025391e+00 8.357676267623901367e-01 1.546505242586135864e-01 2.846282243728637695e+00
7.335261702537536621e-01 5.087178945541381836e-01 1.459890961647033691e+00 7.854796051979064941e-01 1.040417477488517761e-01 2.917993307113647461e+00
7.335261702537536621e-01 5.087178945541381836e-01 1.459890961647033691e+00 7.854796051979064941e-01 1.040417477488517761e-01 2.917993307113647461e+00
7.335261702537536621e-01 5.087178945541381836e-01 1.459890961647033691e+00 7.854796051979064941e-01 1.040417477488517761e-01 2.917993307113647461e+00
7.335261702537536621e-01 5.087178945541381836e-01 1.459890961647033691e+00 7.854796051979064941e-01 1.040417477488517761e-01 2.917993307113647461e+00
7.335261702537536621e-01 5.087178945541381836e-01 1.459890961647033691e+00 7.854796051979064941e-01 1.040417477488517761e-01 2.917993307113647461e+00
7.335261702537536621e-01 5.087178945541381836e-01 1.459890961647033691e+00 7.854796051979064941e-01 1.040417477488517761e-01 2.917993307113647461e+00
7.335261702537536621e-01 5.087178945541381836e-01 1.459890961647033691e+00 7.854796051979064941e-01 1.040417477488517761e-01 2.917993307113647461e+00
7.335261702537536621e-01 5.087178945541381836e-01 1.459890961647033691e+00 7.854796051979064941e-01 1.040417477488517761e-01 2.917993307113647461e+00
7.335261702537536621e-01 5.087178945541381836e-01 1.459890961647033691e+00 7.854796051979064941e-01 1.040417477488517761e-01 2.917993307113647461e+00
7.335261702537536621e-01 5.087178945541381836e-01 1.459890961647033691e+00 7.854796051979064941e-01 1.040417477488517761e-01 2.917993307113647461e+00
7.335261702537536621e-01 5.087178945541381836e-01 1.459890961647033691e+00 7.854796051979064941e-01 1.040417477488517761e-01 2.917993307113647461e+00
7.335261702537536621e-01 5.087178945541381836e-01 1.459890961647033691e+00 7.854796051979064941e-01 1.040417477488517761e-01 2.917993307113647461e+00
7.335261702537536621e-01 5.087178945541381836e-01 1.459890961647033691e+00 7.854796051979064941e-01 1.040417477488517761e-01 2.917993307113647461e+00
7.335261702537536621e-01 5.087178945541381836e-01 1.459890961647033691e+00 7.854796051979064941e-01 1.040417477488517761e-01 2.917993307113647461e+00
7.335261702537536621e-01 5.087178945541381836e-01 1.459890961647033691e+00 7.854796051979064941e-01 1.040417477488517761e-01 2.917993307113647461e+00
7.335261702537536621e-01 5.087178945541381836e-01 1.459890961647033691e+00 7.854796051979064941e-01 1.040417477488517761e-01 2.917993307113647461e+00
7.335261702537536621e-01 5.087178945541381836e-01 1.459890961647033691e+00 7.854796051979064941e-01 1.040417477488517761e-01 2.917993307113647461e+00
7.335261702537536621e-01 5.087178945541381836e-01 1.459890961647033691e+00 7.854796051979064941e-01 1.040417477488517761e-01 2.917993307113647461e+00
7.335261702537536621e-01 5.087178945541381836e-01 1.459890961647033691e+00 7.854796051979064941e-01 1.040417477488517761e-01 2.917993307113647461e+00
7.335261702537536621e-01 5.087178945541381836e-01 1.459890961647033691e+00 7.854796051979064941e-01 1.040417477488517761e-01 2.917993307113647461e+00
7.335261702537536621e-01 5.087178945541381836e-01 1.459890961647033691e+00 7.854796051979064941e-01 1.040417477488517761e-01 2.917993307113647461e+00
7.335261702537536621e-01 5.087178945541381836e-01 1.459890961647033691e+00 7.854796051979064941e-01 1.040417477488517761e-01 2.917993307113647461e+00
7.335261702537536621e-01 5.087178945541381836e-01 1.459890961647033691e+00 7.854796051979064941e-01 1.040417477488517761e-01 2.917993307113647461e+00
7.335261702537536621e-01 5.087178945541381836e-01 1.459890961647033691e+00 7.854796051979064941e-01 1.040417477488517761e-01 2.917993307113647461e+00
7.335261702537536621e-01 5.087178945541381836e-01 1.459890961647033691e+00 7.854796051979064941e-01 1.040417477488517761e-01 2.917993307113647461e+00
7.335261702537536621e-01 5.087178945541381836e-01 1.459890961647033691e+00 7.854796051979064941e-01 1.040417477488517761e-01 2.917993307113647461e+00
7.335261702537536621e-01 5.087178945541381836e-01 1.459890961647033691e+00 7.854796051979064941e-01 1.040417477488517761e-01 2.917993307113647461e+00
7.335261702537536621e-01 5.087178945541381836e-01 1.459890961647033691e+00 7.854796051979064941e-01 1.040417477488517761e-01 2.917993307113647461e+00
7.335261702537536621e-01 5.087178945541381836e-01 1.459890961647033691e+00 7.854796051979064941e-01 1.040417477488517761e-01 2.917993307113647461e+00
7.335261702537536621e-01 5.087178945541381836e-01 1.459890961647033691e+00 7.854796051979064941e-01 1.040417477488517761e-01 2.917993307113647461e+00
7.335261702537536621e-01 5.087178945541381836e-01 1.459890961647033691e+00 7.854796051979064941e-01 1.040417477488517761e-01 2.917993307113647461e+00
7.335261702537536621e-01 5.087178945541381836e-01 1.459890961647033691e+00 7.854796051979064941e-01 1.040417477488517761e-01 2.917993307113647461e+00
7.335261702537536621e-01 5.087178945541381836e-01 1.459890961647033691e+00 7.854796051979064941e-01 1.040417477488517761e-01 2.917993307113647461e+00
7.335261702537536621e-01 5.087178945541381836e-01 1.459890961647033691e+00 7.854796051979064941e-01 1.040417477488517761e-01 2.917993307113647461e+00
7.335261702537536621e-01 5.087178945541381836e-01 1.459890961647033691e+00 7.854796051979064941e-01 1.040417477488517761e-01 2.917993307113647461e+00
7.335261702537536621e-01 5.087178945541381836e-01 1.459890961647033691e+00 7.854796051979064941e-01 1.040417477488517761e-01 2.917993307113647461e+00
7.335261702537536621e-01 5.087178945541381836e-01 1.459890961647033691e+00 7.854796051979064941e-01 1.040417477488517761e-01 2.917993307113647461e+00
7.335261702537536621e-01 5.087178945541381836e-01 1.459890961647033691e+00 7.854796051979064941e-01 1.040417477488517761e-01 2.917993307113647461e+00
7.335261702537536621e-01 5.087178945541381836e-01 1.459890961647033691e+00 7.854796051979064941e-01 1.040417477488517761e-01 2.917993307113647461e+00
7.335261702537536621e-01 5.087178945541381836e-01 1.459890961647033691e+00 7.854796051979064941e-01 1.040417477488517761e-01 2.917993307113647461e+00
7.335261702537536621e-01 5.087178945541381836e-01 1.459890961647033691e+00 7.854796051979064941e-01 1.040417477488517761e-01 2.917993307113647461e+00
7.335261702537536621e-01 5.087178945541381836e-01 1.459890961647033691e+00 7.854796051979064941e-01 1.040417477488517761e-01 2.917993307113647461e+00
7.335261702537536621e-01 5.087178945541381836e-01 1.459890961647033691e+00 7.854796051979064941e-01 1.040417477488517761e-01 2.917993307113647461e+00
7.335261702537536621e-01 5.087178945541381836e-01 1.459890961647033691e+00 7.854796051979064941e-01 1.040417477488517761e-01 2.917993307113647461e+00
7.335261702537536621e-01 5.087178945541381836e-01 1.459890961647033691e+00 7.854796051979064941e-01 1.040417477488517761e-01 2.917993307113647461e+00
7.335261702537536621e-01 5.087178945541381836e-01 1.459890961647033691e+00 7.854796051979064941e-01 1.040417477488517761e-01 2.917993307113647461e+00
7.335261702537536621e-01 5.087178945541381836e-01 1.459890961647033691e+00 7.854796051979064941e-01 1.040417477488517761e-01 2.917993307113647461e+00
7.335261702537536621e-01 5.087178945541381836e-01 1.459890961647033691e+00 7.854796051979064941e-01 1.040417477488517761e-01 2.917993307113647461e+00
7.335261702537536621e-01 5.087178945541381836e-01 1.459890961647033691e+00 7.854796051979064941e-01 1.040417477488517761e-01 2.917993307113647461e+00
7.335261702537536621e-01 5.087178945541381836e-01 1.459890961647033691e+00 7.854796051979064941e-01 1.040417477488517761e-01 2.917993307113647461e+00
7.335261702537536621e-01 5.087178945541381836e-01 1.459890961647033691e+00 7.854796051979064941e-01 1.040417477488517761e-01 2.917993307113647461e+00
7.335261702537536621e-01 5.087178945541381836e-01 1.459890961647033691e+00 7.854796051979064941e-01 1.040417477488517761e-01 2.917993307113647461e+00
7.335261702537536621e-01 5.087178945541381836e-01 1.459890961647033691e+00 7.854796051979064941e-01 1.040417477488517761e-01 2.917993307113647461e+00
7.335261702537536621e-01 5.087178945541381836e-01 1.459890961647033691e+00 7.854796051979064941e-01 1.040417477488517761e-01 2.917993307113647461e+00
7.335261702537536621e-01 5.087178945541381836e-01 1.459890961647033691e+00 7.854796051979064941e-01 1.040417477488517761e-01 2.917993307113647461e+00
7.335261702537536621e-01 5.087178945541381836e-01 1.459890961647033691e+00 7.854796051979064941e-01 1.040417477488517761e-01 2.917993307113647461e+00
7.335261702537536621e-01 5.087178945541381836e-01 1.459890961647033691e+00 7.854796051979064941e-01 1.040417477488517761e-01 2.917993307113647461e+00
7.335261702537536621e-01 5.087178945541381836e-01 1.459890961647033691e+00 7.854796051979064941e-01 1.040417477488517761e-01 2.917993307113647461e+00
7.335261702537536621e-01 5.087178945541381836e-01 1.459890961647033691e+00 7.854796051979064941e-01 1.040417477488517761e-01 2.917993307113647461e+00
7.335261702537536621e-01 5.087178945541381836e-01 1.459890961647033691e+00 7.854796051979064941e-01 1.040417477488517761e-01 2.917993307113647461e+00
7.335261702537536621e-01 5.087178945541381836e-01 1.459890961647033691e+00 7.854796051979064941e-01 1.040417477488517761e-01 2.917993307113647461e+00
