0.000000000000000000e+00 0.000000000000000000e+00 0.000000000000000000e+00 0.000000000000000000e+00 0.000000000000000000e+00 0.000000000000000000e+00
0.000000000000000000e+00 0.000000000000000000e+00 0.000000000000000000e+00 0.000000000000000000e+00 0.000000000000000000e+00 0.000000000000000000e+00
0.000000000000000000e+00 0.000000000000000000e+00 0.000000000000000000e+00 0.000000000000000000e+00 0.000000000000000000e+00 0.000000000000000000e+00
0.000000000000000000e+00 0.000000000000000000e+00 0.000000000000000000e+00 0.000000000000000000e+00 0.000000000000000000e+00 0.000000000000000000e+00
0.000000000000000000e+00 0.000000000000000000e+00 0.000000000000000000e+00 0.000000000000000000e+00 0.000000000000000000e+00 0.000000000000000000e+00
0.000000000000000000e+00 0.000000000000000000e+00 0.000000000000000000e+00 0.000000000000000000e+00 0.000000000000000000e+00 0.000000000000000000e+00
0.000000000000000000e+00 0.000000000000000000e+00 0.000000000000000000e+00 0.000000000000000000e+00 0.000000000000000000e+00 0.000000000000000000e+00
0.000000000000000000e+00 0.000000000000000000e+00 0.000000000000000000e+00 0.000000000000000000e+00 0.000000000000000000e+00 0.000000000000000000e+00
0.000000000000000000e+00 0.000000000000000000e+00 0.000000000000000000e+00 0.000000000000000000e+00 0.000000000000000000e+00 0.000000000000000000e+00
0.000000000000000000e+00 0.000000000000000000e+00 0.000000000000000000e+00 0.000000000000000000e+00 0.000000000000000000e+00 0.000000000000000000e+00
0.000000000000000000e+00 0.000000000000000000e+00 0.000000000000000000e+00 0.000000000000000000e+00 0.000000000000000000e+00 0.000000000000000000e+00
0.000000000000000000e+00 0.000000000000000000e+00 0.000000000000000000e+00 0.000000000000000000e+00 0.000000000000000000e+00 0.000000000000000000e+00
0.000000000000000000e+00 0.000000000000000000e+00 0.000000000000000000e+00 0.000000000000000000e+00 0.000000000000000000e+00 0.000000000000000000e+00
0.000000000000000000e+00 0.000000000000000000e+00 0.000000000000000000e+00 0.000000000000000000e+00 0.000000000000000000e+00 0.000000000000000000e+00
0.000000000000000000e+00 0.000000000000000000e+00 0.000000000000000000e+00 0.000000000000000000e+00 0.000000000000000000e+00 0.000000000000000000e+00
0.000000000000000000e+00 0.000000000000000000e+00 0.000000000000000000e+00 0.000000000000000000e+00 0.000000000000000000e+00 0.000000000000000000e+00
0.000000000000000000e+00 0.000000000000000000e+00 0.000000000000000000e+00 0.000000000000000000e+00 0.000000000000000000e+00 0.000000000000000000e+00
0.000000000000000000e+00 0.000000000000000000e+00 0.000000000000000000e+00 0.000000000000000000e+00 0.000000000000000000e+00 0.000000000000000000e+00
0.000000000000000000e+00 0.000000000000000000e+00 0.000000000000000000e+00 0.000000000000000000e+00 0.000000000000000000e+00 0.000000000000000000e+00
0.000000000000000000e+00 0.000000000000000000e+00 0.000000000000000000e+00 0.000000000000000000e+00 0.000000000000000000e+00 0.000000000000000000e+00
0.000000000000000000e+00 0.000000000000000000e+00 0.000000000000000000e+00 0.000000000000000000e+00 0.000000000000000000e+00 0.000000000000000000e+00
0.000000000000000000e+00 0.000000000000000000e+00 0.000000000000000000e+00 0.000000000000000000e+00 0.000000000000000000e+00 0.000000000000000000e+00
0.000000000000000000e+00 0.000000000000000000e+00 0.000000000000000000e+00 0.000000000000000000e+00 0.000000000000000000e+00 0.000000000000000000e+00
0.000000000000000000e+00 0.000000000000000000e+00 0.000000000000000000e+00 0.000000000000000000e+00 0.000000000000000000e+00 0.000000000000000000e+00
0.000000000000000000e+00 0.000000000000000000e+00 0.000000000000000000e+00 0.000000000000000000e+00 0.000000000000000000e+00 0.000000000000000000e+00
0.000000000000000000e+00 0.000000000000000000e+00 0.000000000000000000e+00 0.000000000000000000e+00 0.000000000000000000e+00 0.000000000000000000e+00
0.000000000000000000e+00 0.000000000000000000e+00 0.000000000000000000e+00 0.000000000000000000e+00 0.000000000000000000e+00 0.000000000000000000e+00
0.000000000000000000e+00 0.000000000000000000e+00 0.000000000000000000e+00 0.000000000000000000e+00 0.000000000000000000e+00 0.000000000000000000e+00
0.000000000000000000e+00 0.000000000000000000e+00 0.000000000000000000e+00 0.000000000000000000e+00 0.000000000000000000e+00 0.000000000000000000e+00
0.000000000000000000e+00 0.000000000000000000e+00 0.000000000000000000e+00 0.000000000000000000e+00 0.000000000000000000e+00 0.000000000000000000e+00
0.000000000000000000e+00 0.000000000000000000e+00 0.000000000000000000e+00 0.000000000000000000e+00 0.000000000000000000e+00 0.000000000000000000e+00
0.000000000000000000e+00 0.000000000000000000e+00 0.000000000000000000e+00 0.000000000000000000e+00 0.000000000000000000e+00 0.000000000000000000e+00
0.000000000000000000e+00 0.000000000000000000e+00 0.000000000000000000e+00 0.000000000000000000e+00 0.000000000000000000e+00 0.000000000000000000e+00
0.000000000000000000e+00 0.000000000000000000e+00 0.000000000000000000e+00 0.000000000000000000e+00 0.000000000000000000e+00 0.000000000000000000e+00
0.000000000000000000e+00 0.000000000000000000e+00 0.000000000000000000e+00 0.000000000000000000e+00 0.000000000000000000e+00 0.000000000000000000e+00
0.000000000000000000e+00 0.000000000000000000e+00 0.000000000000000000e+00 0.000000000000000000e+00 0.000000000000000000e+00 0.000000000000000000e+00
0.000000000000000000e+00 0.000000000000000000e+00 0.000000000000000000e+00 0.000000000000000000e+00 0.000000000000000000e+00 0.000000000000000000e+00
0.000000000000000000e+00 0.000000000000000000e+00 0.000000000000000000e+00 0.000000000000000000e+00 0.000000000000000000e+00 0.000000000000000000e+00
0.000000000000000000e+00 0.000000000000000000e+00 0.000000000000000000e+00 0.000000000000000000e+00 0.000000000000000000e+00 0.000000000000000000e+00
0.000000000000000000e+00 0.000000000000000000e+00 0.000000000000000000e+00 0.000000000000000000e+00 0.000000000000000000e+00 0.000000000000000000e+00
0.000000000000000000e+00 0.000000000000000000e+00 0.000000000000000000e+00 0.000000000000000000e+00 0.000000000000000000e+00 0.000000000000000000e+00
0.000000000000000000e+00 0.000000000000000000e+00 0.000000000000000000e+00 0.000000000000000000e+00 0.000000000000000000e+00 0.000000000000000000e+00
0.000000000000000000e+00 0.000000000000000000e+00 0.000000000000000000e+00 0.000000000000000000e+00 0.000000000000000000e+00 0.000000000000000000e+00
0.000000000000000000e+00 0.000000000000000000e+00 0.000000000000000000e+00 0.000000000000000000e+00 0.000000000000000000e+00 0.000000000000000000e+00
0.000000000000000000e+00 0.000000000000000000e+00 0.000000000000000000e+00 0.000000000000000000e+00 0.000000000000000000e+00 0.000000000000000000e+00
0.000000000000000000e+00 0.000000000000000000e+00 0.000000000000000000e+00 0.000000000000000000e+00 0.000000000000000000e+00 0.000000000000000000e+00
0.000000000000000000e+00 0.000000000000000000e+00 0.000000000000000000e+00 0.000000000000000000e+00 0.000000000000000000e+00 0.000000000000000000e+00
0.000000000000000000e+00 0.000000000000000000e+00 0.000000000000000000e+00 0.000000000000000000e+00 0.000000000000000000e+00 0.000000000000000000e+00
0.000000000000000000e+00 0.000000000000000000e+00 0.000000000000000000e+00 0.000000000000000000e+00 0.000000000000000000e+00 0.000000000000000000e+00
0.000000000000000000e+00 0.000000000000000000e+00 0.000000000000000000e+00 0.000000000000000000e+00 0.000000000000000000e+00 0.000000000000000000e+00
0.000000000000000000e+00 0.000000000000000000e+00 0.000000000000000000e+00 0.000000000000000000e+00 0.000000000000000000e+00 0.000000000000000000e+00
0.000000000000000000e+00 0.000000000000000000e+00 0.000000000000000000e+00 0.000000000000000000e+00 0.000000000000000000e+00 0.000000000000000000e+00
0.000000000000000000e+00 0.000000000000000000e+00 0.000000000000000000e+00 0.000000000000000000e+00 0.000000000000000000e+00 0.000000000000000000e+00
0.000000000000000000e+00 0.000000000000000000e+00 0.000000000000000000e+00 0.000000000000000000e+00 0.000000000000000000e+00 0.000000000000000000e+00
0.000000000000000000e+00 0.000000000000000000e+00 0.000000000000000000e+00 0.000000000000000000e+00 0.000000000000000000e+00 0.000000000000000000e+00
0.000000000000000000e+00 0.000000000000000000e+00 0.000000000000000000e+00 0.000000000000000000e+00 0.000000000000000000e+00 0.000000000000000000e+00
0.000000000000000000e+00 0.000000000000000000e+00 0.000000000000000000e+00 0.000000000000000000e+00 0.000000000000000000e+00 0.000000000000000000e+00
0.000000000000000000e+00 0.000000000000000000e+00 0.000000000000000000e+00 0.000000000000000000e+00 0.000000000000000000e+00 0.000000000000000000e+00
0.000000000000000000e+00 0.000000000000000000e+00 0.000000000000000000e+00 0.000000000000000000e+00 0.000000000000000000e+00 0.000000000000000000e+00
0.000000000000000000e+00 0.000000000000000000e+00 0.000000000000000000e+00 0.000000000000000000e+00 0.000000000000000000e+00 0.000000000000000000e+00
0.000000000000000000e+00 0.000000000000000000e+00 0.000000000000000000e+00 0.000000000000000000e+00 0.000000000000000000e+00 0.000000000000000000e+00
0.000000000000000000e+00 0.000000000000000000e+00 0.000000000000000000e+00 0.000000000000000000e+00 0.000000000000000000e+00 0.000000000000000000e+00
0.000000000000000000e+00 0.000000000000000000e+00 0.000000000000000000e+00 0.000000000000000000e+00 0.000000000000000000e+00 0.000000000000000000e+00
0.000000000000000000e+00 0.000000000000000000e+00 0.000000000000000000e+00 0.000000000000000000e+00 0.000000000000000000e+00 0.000000000000000000e+00
0.000000000000000000e+00 0.000000000000000000e+00 0.000000000000000000e+00 0.000000000000000000e+00 0.000000000000000000e+00 0.000000000000000000e+00
0.000000000000000000e+00 0.000000000000000000e+00 0.000000000000000000e+00 0.000000000000000000e+00 0.000000000000000000e+00 0.000000000000000000e+00
0.000000000000000000e+00 0.000000000000000000e+00 0.000000000000000000e+00 0.000000000000000000e+00 0.000000000000000000e+00 0.000000000000000000e+00
0.000000000000000000e+00 0.000000000000000000e+00 0.000000000000000000e+00 0.000000000000000000e+00 0.000000000000000000e+00 0.000000000000000000e+00
0.000000000000000000e+00 0.000000000000000000e+00 0.000000000000000000e+00 0.000000000000000000e+00 0.000000000000000000e+00 0.000000000000000000e+00
0.000000000000000000e+00 0.000000000000000000e+00 0.000000000000000000e+00 0.000000000000000000e+00 0.000000000000000000e+00 0.000000000000000000e+00
0.000000000000000000e+00 0.000000000000000000e+00 0.000000000000000000e+00 0.000000000000000000e+00 0.000000000000000000e+00 0.000000000000000000e+00
0.000000000000000000e+00 0.000000000000000000e+00 0.000000000000000000e+00 0.000000000000000000e+00 0.000000000000000000e+00 0.000000000000000000e+00
0.000000000000000000e+00 0.000000000000000000e+00 0.000000000000000000e+00 0.000000000000000000e+00 0.000000000000000000e+00 0.000000000000000000e+00
0.000000000000000000e+00 0.000000000000000000e+00 0.000000000000000000e+00 0.000000000000000000e+00 0.000000000000000000e+00 0.000000000000000000e+00
0.000000000000000000e+00 0.000000000000000000e+00 0.000000000000000000e+00 0.000000000000000000e+00 0.000000000000000000e+00 0.000000000000000000e+00
0.000000000000000000e+00 0.000000000000000000e+00 0.000000000000000000e+00 0.000000000000000000e+00 0.000000000000000000e+00 0.000000000000000000e+00
0.000000000000000000e+00 0.000000000000000000e+00 0.000000000000000000e+00 0.000000000000000000e+00 0.000000000000000000e+00 0.000000000000000000e+00
0.000000000000000000e+00 0.000000000000000000e+00 0.000000000000000000e+00 0.000000000000000000e+00 0.000000000000000000e+00 0.000000000000000000e+00
0.000000000000000000e+00 0.000000000000000000e+00 0.000000000000000000e+00 0.000000000000000000e+00 0.000000000000000000e+00 0.000000000000000000e+00
0.000000000000000000e+00 0.000000000000000000e+00 0.000000000000000000e+00 0.000000000000000000e+00 0.000000000000000000e+00 0.000000000000000000e+00
0.000000000000000000e+00 0.000000000000000000e+00 0.000000000000000000e+00 0.000000000000000000e+00 0.000000000000000000e+00 0.000000000000000000e+00
0.000000000000000000e+00 0.000000000000000000e+00 0.000000000000000000e+00 0.000000000000000000e+00 0.000000000000000000e+00 0.000000000000000000e+00
0.000000000000000000e+00 0.000000000000000000e+00 0.000000000000000000e+00 0.000000000000000000e+00 0.000000000000000000e+00 0.000000000000000000e+00
0.000000000000000000e+00 0.000000000000000000e+00 0.000000000000000000e+00 0.000000000000000000e+00 0.000000000000000000e+00 0.000000000000000000e+00
0.000000000000000000e+00 0.000000000000000000e+00 0.000000000000000000e+00 0.000000000000000000e+00 0.000000000000000000e+00 0.000000000000000000e+00
0.000000000000000000e+00 0.000000000000000000e+00 0.000000000000000000e+00 0.000000000000000000e+00 0.000000000000000000e+00 0.000000000000000000e+00
0.000000000000000000e+00 0.000000000000000000e+00 0.000000000000000000e+00 0.000000000000000000e+00 0.000000000000000000e+00 0.000000000000000000e+00
0.000000000000000000e+00 0.000000000000000000e+00 0.000000000000000000e+00 0.000000000000000000e+00 0.000000000000000000e+00 0.000000000000000000e+00
0.000000000000000000e+00 0.000000000000000000e+00 0.000000000000000000e+00 0.000000000000000000e+00 0.000000000000000000e+00 0.000000000000000000e+00
0.000000000000000000e+00 0.000000000000000000e+00 0.000000000000000000e+00 0.000000000000000000e+00 0.000000000000000000e+00 0.000000000000000000e+00
0.000000000000000000e+00 0.000000000000000000e+00 0.000000000000000000e+00 0.000000000000000000e+00 0.000000000000000000e+00 0.000000000000000000e+00
0.000000000000000000e+00 0.000000000000000000e+00 0.000000000000000000e+00 0.000000000000000000e+00 0.000000000000000000e+00 0.000000000000000000e+00
0.000000000000000000e+00 0.000000000000000000e+00 0.000000000000000000e+00 0.000000000000000000e+00 0.000000000000000000e+00 0.000000000000000000e+00
0.000000000000000000e+00 0.000000000000000000e+00 0.000000000000000000e+00 0.000000000000000000e+00 0.000000000000000000e+00 0.000000000000000000e+00
0.000000000000000000e+00 0.000000000000000000e+00 0.000000000000000000e+00 0.000000000000000000e+00 0.000000000000000000e+00 0.000000000000000000e+00
0.000000000000000000e+00 0.000000000000000000e+00 0.000000000000000000e+00 0.000000000000000000e+00 0.000000000000000000e+00 0.000000000000000000e+00
0.000000000000000000e+00 0.000000000000000000e+00 0.000000000000000000e+00 0.000000000000000000e+00 0.000000000000000000e+00 0.000000000000000000e+00
0.000000000000000000e+00 0.000000000000000000e+00 0.000000000000000000e+00 0.000000000000000000e+00 0.000000000000000000e+00 0.000000000000000000e+00
0.000000000000000000e+00 0.000000000000000000e+00 0.000000000000000000e+00 0.000000000000000000e+00 0.000000000000000000e+00 0.000000000000000000e+00
0.000000000000000000e+00 0.000000000000000000e+00 0.000000000000000000e+00 0.000000000000000000e+00 0.000000000000000000e+00 0.000000000000000000e+00
0.000000000000000000e+00 0.000000000000000000e+00 0.000000000000000000e+00 0.000000000000000000e+00 0.000000000000000000e+00 0.000000000000000000e+00
4.233622252941131592e-01 4.821182489395141602e-01 1.991103775799274445e-02 2.005840651690959930e-02 4.710990190505981445e-01 3.307807445526123047e-02
8.467244505882263184e-01 9.642364978790283203e-01 3.982207551598548889e-02 4.011681303381919861e-02 9.421980381011962891e-01 6.615614891052246094e-02
1.270086646080017090e+00 1.446354746818542480e+00 5.973311141133308411e-02 6.017521768808364868e-02 1.413297057151794434e+00 9.923422336578369141e-02
1.693448901176452637e+00 1.928472995758056641e+00 7.964415103197097778e-02 8.023362606763839722e-02 1.884396076202392578e+00 1.323122978210449219e-01
2.116811037063598633e+00 2.410591363906860352e+00 9.955518692731857300e-02 1.002920269966125488e-01 2.355495214462280273e+00 1.653903722763061523e-01
2.540173292160034180e+00 2.892709493637084961e+00 1.194662228226661682e-01 1.203504353761672974e-01 2.826594114303588867e+00 1.984684467315673828e-01
2.540173292160034180e+00 2.892709493637084961e+00 1.194662228226661682e-01 1.203504353761672974e-01 2.826594114303588867e+00 1.984684467315673828e-01
2.540173292160034180e+00 2.892709493637084961e+00 1.194662228226661682e-01 1.203504353761672974e-01 2.826594114303588867e+00 1.984684467315673828e-01
2.540173292160034180e+00 2.892709493637084961e+00 1.194662228226661682e-01 1.203504353761672974e-01 2.826594114303588867e+00 1.984684467315673828e-01
2.540173292160034180e+00 2.892709493637084961e+00 1.194662228226661682e-01 1.203504353761672974e-01 2.826594114303588867e+00 1.984684467315673828e-01
2.540173292160034180e+00 2.892709493637084961e+00 1.194662228226661682e-01 1.203504353761672974e-01 2.826594114303588867e+00 1.984684467315673828e-01
2.540173292160034180e+00 2.892709493637084961e+00 1.194662228226661682e-01 1.203504353761672974e-01 2.826594114303588867e+00 1.984684467315673828e-01
2.540173292160034180e+00 2.892709493637084961e+00 1.194662228226661682e-01 1.203504353761672974e-01 2.826594114303588867e+00 1.984684467315673828e-01
2.540173292160034180e+00 2.892709493637084961e+00 1.194662228226661682e-01 1.203504353761672974e-01 2.826594114303588867e+00 1.984684467315673828e-01
2.540173292160034180e+00 2.892709493637084961e+00 1.194662228226661682e-01 1.203504353761672974e-01 2.826594114303588867e+00 1.984684467315673828e-01
2.540173292160034180e+00 2.892709493637084961e+00 1.194662228226661682e-01 1.203504353761672974e-01 2.826594114303588867e+00 1.984684467315673828e-01
2.540173292160034180e+00 2.892709493637084961e+00 1.194662228226661682e-01 1.203504353761672974e-01 2.826594114303588867e+00 1.984684467315673828e-01
2.540173292160034180e+00 2.892709493637084961e+00 1.194662228226661682e-01 1.203504353761672974e-01 2.826594114303588867e+00 1.984684467315673828e-01
2.540173292160034180e+00 2.892709493637084961e+00 1.194662228226661682e-01 1.203504353761672974e-01 2.826594114303588867e+00 1.984684467315673828e-01
2.540173292160034180e+00 2.892709493637084961e+00 1.194662228226661682e-01 1.203504353761672974e-01 2.826594114303588867e+00 1.984684467315673828e-01
2.540173292160034180e+00 2.892709493637084961e+00 1.194662228226661682e-01 1.203504353761672974e-01 2.826594114303588867e+00 1.984684467315673828e-01
2.540173292160034180e+00 2.892709493637084961e+00 1.194662228226661682e-01 1.203504353761672974e-01 2.826594114303588867e+00 1.984684467315673828e-01
2.540173292160034180e+00 2.892709493637084961e+00 1.194662228226661682e-01 1.203504353761672974e-01 2.826594114303588867e+00 1.984684467315673828e-01
2.540173292160034180e+00 2.892709493637084961e+00 1.194662228226661682e-01 1.203504353761672974e-01 2.826594114303588867e+00 1.984684467315673828e-01
2.540173292160034180e+00 2.892709493637084961e+00 1.194662228226661682e-01 1.203504353761672974e-01 2.826594114303588867e+00 1.984684467315673828e-01
2.540173292160034180e+00 2.892709493637084961e+00 1.194662228226661682e-01 1.203504353761672974e-01 2.826594114303588867e+00 1.984684467315673828e-01
2.540173292160034180e+00 2.892709493637084961e+00 1.194662228226661682e-01 1.203504353761672974e-01 2.826594114303588867e+00 1.984684467315673828e-01
2.540173292160034180e+00 2.892709493637084961e+00 1.194662228226661682e-01 1.203504353761672974e-01 2.826594114303588867e+00 1.984684467315673828e-01
2.540173292160034180e+00 2.892709493637084961e+00 1.194662228226661682e-01 1.203504353761672974e-01 2.826594114303588867e+00 1.984684467315673828e-01
2.540173292160034180e+00 2.892709493637084961e+00 1.194662228226661682e-01 1.203504353761672974e-01 2.826594114303588867e+00 1.984684467315673828e-01
2.540173292160034180e+00 2.892709493637084961e+00 1.194662228226661682e-01 1.203504353761672974e-01 2.826594114303588867e+00 1.984684467315673828e-01
2.540173292160034180e+00 2.892709493637084961e+00 1.194662228226661682e-01 1.203504353761672974e-01 2.826594114303588867e+00 1.984684467315673828e-01
2.540173292160034180e+00 2.892709493637084961e+00 1.194662228226661682e-01 1.203504353761672974e-01 2.826594114303588867e+00 1.984684467315673828e-01
2.540173292160034180e+00 2.892709493637084961e+00 1.194662228226661682e-01 1.203504353761672974e-01 2.826594114303588867e+00 1.984684467315673828e-01
2.540173292160034180e+00 2.892709493637084961e+00 1.194662228226661682e-01 1.203504353761672974e-01 2.826594114303588867e+00 1.984684467315673828e-01
2.540173292160034180e+00 2.892709493637084961e+00 1.194662228226661682e-01 1.203504353761672974e-01 2.826594114303588867e+00 1.984684467315673828e-01
2.540173292160034180e+00 2.892709493637084961e+00 1.194662228226661682e-01 1.203504353761672974e-01 2.826594114303588867e+00 1.984684467315673828e-01
2.540173292160034180e+00 2.892709493637084961e+00 1.194662228226661682e-01 1.203504353761672974e-01 2.826594114303588867e+00 1.984684467315673828e-01
2.540173292160034180e+00 2.892709493637084961e+00 1.194662228226661682e-01 1.203504353761672974e-01 2.826594114303588867e+00 1.984684467315673828e-01
2.540173292160034180e+00 2.892709493637084961e+00 1.194662228226661682e-01 1.203504353761672974e-01 2.826594114303588867e+00 1.984684467315673828e-01
2.540173292160034180e+00 2.892709493637084961e+00 1.194662228226661682e-01 1.203504353761672974e-01 2.826594114303588867e+00 1.984684467315673828e-01
2.540173292160034180e+00 2.892709493637084961e+00 1.194662228226661682e-01 1.203504353761672974e-01 2.826594114303588867e+00 1.984684467315673828e-01
2.540173292160034180e+00 2.892709493637084961e+00 1.194662228226661682e-01 1.203504353761672974e-01 2.826594114303588867e+00 1.984684467315673828e-01
2.540173292160034180e+00 2.892709493637084961e+00 1.194662228226661682e-01 1.203504353761672974e-01 2.826594114303588867e+00 1.984684467315673828e-01
2.540173292160034180e+00 2.892709493637084961e+00 1.194662228226661682e-01 1.203504353761672974e-01 2.826594114303588867e+00 1.984684467315673828e-01
2.540173292160034180e+00 2.892709493637084961e+00 1.194662228226661682e-01 1.203504353761672974e-01 2.826594114303588867e+00 1.984684467315673828e-01
2.540173292160034180e+00 2.892709493637084961e+00 1.194662228226661682e-01 1.203504353761672974e-01 2.826594114303588867e+00 1.984684467315673828e-01
2.540173292160034180e+00 2.892709493637084961e+00 1.194662228226661682e-01 1.203504353761672974e-01 2.826594114303588867e+00 1.984684467315673828e-01
2.540173292160034180e+00 2.892709493637084961e+00 1.194662228226661682e-01 1.203504353761672974e-01 2.826594114303588867e+00 1.984684467315673828e-01
2.540173292160034180e+00 2.892709493637084961e+00 1.194662228226661682e-01 1.203504353761672974e-01 2.826594114303588867e+00 1.984684467315673828e-01
2.540173292160034180e+00 2.892709493637084961e+00 1.194662228226661682e-01 1.203504353761672974e-01 2.826594114303588867e+00 1.984684467315673828e-01
2.540173292160034180e+00 2.892709493637084961e+00 1.194662228226661682e-01 1.203504353761672974e-01 2.826594114303588867e+00 1.984684467315673828e-01
2.540173292160034180e+00 2.892709493637084961e+00 1.194662228226661682e-01 1.203504353761672974e-01 2.826594114303588867e+00 1.984684467315673828e-01
2.540173292160034180e+00 2.892709493637084961e+00 1.194662228226661682e-01 1.203504353761672974e-01 2.826594114303588867e+00 1.984684467315673828e-01
2.540173292160034180e+00 2.892709493637084961e+00 1.194662228226661682e-01 1.203504353761672974e-01 2.826594114303588867e+00 1.984684467315673828e-01
2.540173292160034180e+00 2.892709493637084961e+00 1.194662228226661682e-01 1.203504353761672974e-01 2.826594114303588867e+00 1.984684467315673828e-01
2.540173292160034180e+00 2.892709493637084961e+00 1.194662228226661682e-01 1.203504353761672974e-01 2.826594114303588867e+00 1.984684467315673828e-01
2.540173292160034180e+00 2.892709493637084961e+00 1.194662228226661682e-01 1.203504353761672974e-01 2.826594114303588867e+00 1.984684467315673828e-01
2.540173292160034180e+00 2.892709493637084961e+00 1.194662228226661682e-01 1.203504353761672974e-01 2.826594114303588867e+00 1.984684467315673828e-01
2.540173292160034180e+00 2.892709493637084961e+00 1.194662228226661682e-01 1.203504353761672974e-01 2.826594114303588867e+00 1.984684467315673828e-01
2.540173292160034180e+00 2.892709493637084961e+00 1.194662228226661682e-01 1.203504353761672974e-01 2.826594114303588867e+00 1.984684467315673828e-01
2.540173292160034180e+00 2.892709493637084961e+00 1.194662228226661682e-01 1.203504353761672974e-01 2.826594114303588867e+00 1.984684467315673828e-01
2.540173292160034180e+00 2.892709493637084961e+00 1.194662228226661682e-01 1.203504353761672974e-01 2.826594114303588867e+00 1.984684467315673828e-01
2.540173292160034180e+00 2.892709493637084961e+00 1.194662228226661682e-01 1.203504353761672974e-01 2.826594114303588867e+00 1.984684467315673828e-01
2.540173292160034180e+00 2.892709493637084961e+00 1.194662228226661682e-01 1.203504353761672974e-01 2.826594114303588867e+00 1.984684467315673828e-01
2.540173292160034180e+00 2.892709493637084961e+00 1.194662228226661682e-01 1.203504353761672974e-01 2.826594114303588867e+00 1.984684467315673828e-01
2.540173292160034180e+00 2.892709493637084961e+00 1.194662228226661682e-01 1.203504353761672974e-01 2.826594114303588867e+00 1.984684467315673828e-01
2.540173292160034180e+00 2.892709493637084961e+00 1.194662228226661682e-01 1.203504353761672974e-01 2.826594114303588867e+00 1.984684467315673828e-01
2.540173292160034180e+00 2.892709493637084961e+00 1.194662228226661682e-01 1.203504353761672974e-01 2.826594114303588867e+00 1.984684467315673828e-01
2.540173292160034180e+00 2.892709493637084961e+00 1.194662228226661682e-01 1.203504353761672974e-01 2.826594114303588867e+00 1.984684467315673828e-01
2.540173292160034180e+00 2.892709493637084961e+00 1.194662228226661682e-01 1.203504353761672974e-01 2.826594114303588867e+00 1.984684467315673828e-01
2.540173292160034180e+00 2.892709493637084961e+00 1.194662228226661682e-01 1.203504353761672974e-01 2.826594114303588867e+00 1.984684467315673828e-01
2.540173292160034180e+00 2.892709493637084961e+00 1.194662228226661682e-01 1.203504353761672974e-01 2.826594114303588867e+00 1.984684467315673828e-01
2.540173292160034180e+00 2.892709493637084961e+00 1.194662228226661682e-01 1.203504353761672974e-01 2.826594114303588867e+00 1.984684467315673828e-01
2.540173292160034180e+00 2.892709493637084961e+00 1.194662228226661682e-01 1.203504353761672974e-01 2.826594114303588867e+00 1.984684467315673828e-01
2.540173292160034180e+00 2.892709493637084961e+00 1.194662228226661682e-01 1.203504353761672974e-01 2.826594114303588867e+00 1.984684467315673828e-01
2.540173292160034180e+00 2.892709493637084961e+00 1.194662228226661682e-01 1.203504353761672974e-01 2.826594114303588867e+00 1.984684467315673828e-01
2.540173292160034180e+00 2.892709493637084961e+00 1.194662228226661682e-01 1.203504353761672974e-01 2.826594114303588867e+00 1.984684467315673828e-01
2.540173292160034180e+00 2.892709493637084961e+00 1.194662228226661682e-01 1.203504353761672974e-01 2.826594114303588867e+00 1.984684467315673828e-01
2.540173292160034180e+00 2.892709493637084961e+00 1.194662228226661682e-01 1.203504353761672974e-01 2.826594114303588867e+00 1.984684467315673828e-01
2.540173292160034180e+00 2.892709493637084961e+00 1.194662228226661682e-01 1.203504353761672974e-01 2.826594114303588867e+00 1.984684467315673828e-01
2.540173292160034180e+00 2.892709493637084961e+00 1.194662228226661682e-01 1.203504353761672974e-01 2.826594114303588867e+00 1.984684467315673828e-01
2.540173292160034180e+00 2.892709493637084961e+00 1.194662228226661682e-01 1.203504353761672974e-01 2.826594114303588867e+00 1.984684467315673828e-01
2.540173292160034180e+00 2.892709493637084961e+00 1.194662228226661682e-01 1.203504353761672974e-01 2.826594114303588867e+00 1.984684467315673828e-01
2.540173292160034180e+00 2.892709493637084961e+00 1.194662228226661682e-01 1.203504353761672974e-01 2.826594114303588867e+00 1.984684467315673828e-01
2.540173292160034180e+00 2.892709493637084961e+00 1.194662228226661682e-01 1.203504353761672974e-01 2.826594114303588867e+00 1.984684467315673828e-01
2.540173292160034180e+00 2.892709493637084961e+00 1.194662228226661682e-01 1.203504353761672974e-01 2.826594114303588867e+00 1.984684467315673828e-01
2.540173292160034180e+00 2.892709493637084961e+00 1.194662228226661682e-01 1.203504353761672974e-01 2.826594114303588867e+00 1.984684467315673828e-01
2.540173292160034180e+00 2.892709493637084961e+00 1.194662228226661682e-01 1.203504353761672974e-01 2.826594114303588867e+00 1.984684467315673828e-01
2.540173292160034180e+00 2.892709493637084961e+00 1.194662228226661682e-01 1.203504353761672974e-01 2.826594114303588867e+00 1.984684467315673828e-01
