0.000000000000000000e+00 0.000000000000000000e+00 0.000000000000000000e+00 0.000000000000000000e+00 0.000000000000000000e+00 0.000000000000000000e+00
0.000000000000000000e+00 0.000000000000000000e+00 0.000000000000000000e+00 0.000000000000000000e+00 0.000000000000000000e+00 0.000000000000000000e+00
0.000000000000000000e+00 0.000000000000000000e+00 0.000000000000000000e+00 0.000000000000000000e+00 0.000000000000000000e+00 0.000000000000000000e+00
0.000000000000000000e+00 0.000000000000000000e+00 0.000000000000000000e+00 0.000000000000000000e+00 0.000000000000000000e+00 0.000000000000000000e+00
0.000000000000000000e+00 0.000000000000000000e+00 0.000000000000000000e+00 0.000000000000000000e+00 0.000000000000000000e+00 0.000000000000000000e+00
0.000000000000000000e+00 0.000000000000000000e+00 0.000000000000000000e+00 0.000000000000000000e+00 0.000000000000000000e+00 0.000000000000000000e+00
0.000000000000000000e+00 0.000000000000000000e+00 0.000000000000000000e+00 0.000000000000000000e+00 0.000000000000000000e+00 0.000000000000000000e+00
0.000000000000000000e+00 0.000000000000000000e+00 0.000000000000000000e+00 0.000000000000000000e+00 0.000000000000000000e+00 0.000000000000000000e+00
0.000000000000000000e+00 0.000000000000000000e+00 0.000000000000000000e+00 0.000000000000000000e+00 0.000000000000000000e+00 0.000000000000000000e+00
0.000000000000000000e+00 0.000000000000000000e+00 0.000000000000000000e+00 0.000000000000000000e+00 0.000000000000000000e+00 0.000000000000000000e+00
0.000000000000000000e+00 0.000000000000000000e+00 0.000000000000000000e+00 0.000000000000000000e+00 0.000000000000000000e+00 0.000000000000000000e+00
0.000000000000000000e+00 0.000000000000000000e+00 0.000000000000000000e+00 0.000000000000000000e+00 0.000000000000000000e+00 0.000000000000000000e+00
0.000000000000000000e+00 0.000000000000000000e+00 0.000000000000000000e+00 0.000000000000000000e+00 0.000000000000000000e+00 0.000000000000000000e+00
0.000000000000000000e+00 0.000000000000000000e+00 0.000000000000000000e+00 0.000000000000000000e+00 0.000000000000000000e+00 0.000000000000000000e+00
0.000000000000000000e+00 0.000000000000000000e+00 0.000000000000000000e+00 0.000000000000000000e+00 0.000000000000000000e+00 0.000000000000000000e+00
0.000000000000000000e+00 0.000000000000000000e+00 0.000000000000000000e+00 0.000000000000000000e+00 0.000000000000000000e+00 0.000000000000000000e+00
0.000000000000000000e+00 0.000000000000000000e+00 0.000000000000000000e+00 0.000000000000000000e+00 0.000000000000000000e+00 0.000000000000000000e+00
0.000000000000000000e+00 0.000000000000000000e+00 0.000000000000000000e+00 0.000000000000000000e+00 0.000000000000000000e+00 0.000000000000000000e+00
0.000000000000000000e+00 0.000000000000000000e+00 0.000000000000000000e+00 0.000000000000000000e+00 0.000000000000000000e+00 0.000000000000000000e+00
0.000000000000000000e+00 0.000000000000000000e+00 0.000000000000000000e+00 0.000000000000000000e+00 0.000000000000000000e+00 0.000000000000000000e+00
0.000000000000000000e+00 0.000000000000000000e+00 0.000000000000000000e+00 0.000000000000000000e+00 0.000000000000000000e+00 0.000000000000000000e+00
0.000000000000000000e+00 0.000000000000000000e+00 0.000000000000000000e+00 0.000000000000000000e+00 0.000000000000000000e+00 0.000000000000000000e+00
0.000000000000000000e+00 0.000000000000000000e+00 0.000000000000000000e+00 0.000000000000000000e+00 0.000000000000000000e+00 0.000000000000000000e+00
0.000000000000000000e+00 0.000000000000000000e+00 0.000000000000000000e+00 0.000000000000000000e+00 0.000000000000000000e+00 0.000000000000000000e+00
0.000000000000000000e+00 0.000000000000000000e+00 0.000000000000000000e+00 0.000000000000000000e+00 0.000000000000000000e+00 0.000000000000000000e+00
0.000000000000000000e+00 0.000000000000000000e+00 0.000000000000000000e+00 0.000000000000000000e+00 0.000000000000000000e+00 0.000000000000000000e+00
0.000000000000000000e+00 0.000000000000000000e+00 0.000000000000000000e+00 0.000000000000000000e+00 0.000000000000000000e+00 0.000000000000000000e+00
0.000000000000000000e+00 0.000000000000000000e+00 0.000000000000000000e+00 0.000000000000000000e+00 0.000000000000000000e+00 0.000000000000000000e+00
0.000000000000000000e+00 0.000000000000000000e+00 0.000000000000000000e+00 0.000000000000000000e+00 0.000000000000000000e+00 0.000000000000000000e+00
0.000000000000000000e+00 0.000000000000000000e+00 0.000000000000000000e+00 0.000000000000000000e+00 0.000000000000000000e+00 0.000000000000000000e+00
0.000000000000000000e+00 0.000000000000000000e+00 0.000000000000000000e+00 0.000000000000000000e+00 0.000000000000000000e+00 0.000000000000000000e+00
0.000000000000000000e+00 0.000000000000000000e+00 0.000000000000000000e+00 0.000000000000000000e+00 0.000000000000000000e+00 0.000000000000000000e+00
0.000000000000000000e+00 0.000000000000000000e+00 0.000000000000000000e+00 0.000000000000000000e+00 0.000000000000000000e+00 0.000000000000000000e+00
0.000000000000000000e+00 0.000000000000000000e+00 0.000000000000000000e+00 0.000000000000000000e+00 0.000000000000000000e+00 0.000000000000000000e+00
0.000000000000000000e+00 0.000000000000000000e+00 0.000000000000000000e+00 0.000000000000000000e+00 0.000000000000000000e+00 0.000000000000000000e+00
0.000000000000000000e+00 0.000000000000000000e+00 0.000000000000000000e+00 0.000000000000000000e+00 0.000000000000000000e+00 0.000000000000000000e+00
0.000000000000000000e+00 0.000000000000000000e+00 0.000000000000000000e+00 0.000000000000000000e+00 0.000000000000000000e+00 0.000000000000000000e+00
0.000000000000000000e+00 0.000000000000000000e+00 0.000000000000000000e+00 0.000000000000000000e+00 0.000000000000000000e+00 0.000000000000000000e+00
0.000000000000000000e+00 0.000000000000000000e+00 0.000000000000000000e+00 0.000000000000000000e+00 0.000000000000000000e+00 0.000000000000000000e+00
0.000000000000000000e+00 0.000000000000000000e+00 0.000000000000000000e+00 0.000000000000000000e+00 0.000000000000000000e+00 0.000000000000000000e+00
0.000000000000000000e+00 0.000000000000000000e+00 0.000000000000000000e+00 0.000000000000000000e+00 0.000000000000000000e+00 0.000000000000000000e+00
0.000000000000000000e+00 0.000000000000000000e+00 0.000000000000000000e+00 0.000000000000000000e+00 0.000000000000000000e+00 0.000000000000000000e+00
0.000000000000000000e+00 0.000000000000000000e+00 0.000000000000000000e+00 0.000000000000000000e+00 0.000000000000000000e+00 0.000000000000000000e+00
0.000000000000000000e+00 0.000000000000000000e+00 0.000000000000000000e+00 0.000000000000000000e+00 0.000000000000000000e+00 0.000000000000000000e+00
0.000000000000000000e+00 0.000000000000000000e+00 0.000000000000000000e+00 0.000000000000000000e+00 0.000000000000000000e+00 0.000000000000000000e+00
0.000000000000000000e+00 0.000000000000000000e+00 0.000000000000000000e+00 0.000000000000000000e+00 0.000000000000000000e+00 0.000000000000000000e+00
0.000000000000000000e+00 0.000000000000000000e+00 0.000000000000000000e+00 0.000000000000000000e+00 0.000000000000000000e+00 0.000000000000000000e+00
0.000000000000000000e+00 0.000000000000000000e+00 0.000000000000000000e+00 0.000000000000000000e+00 0.000000000000000000e+00 0.000000000000000000e+00
0.000000000000000000e+00 0.000000000000000000e+00 0.000000000000000000e+00 0.000000000000000000e+00 0.000000000000000000e+00 0.000000000000000000e+00
0.000000000000000000e+00 0.000000000000000000e+00 0.000000000000000000e+00 0.000000000000000000e+00 0.000000000000000000e+00 0.000000000000000000e+00
0.000000000000000000e+00 0.000000000000000000e+00 0.000000000000000000e+00 0.000000000000000000e+00 0.000000000000000000e+00 0.000000000000000000e+00
0.000000000000000000e+00 0.000000000000000000e+00 0.000000000000000000e+00 0.000000000000000000e+00 0.000000000000000000e+00 0.000000000000000000e+00
0.000000000000000000e+00 0.000000000000000000e+00 0.000000000000000000e+00 0.000000000000000000e+00 0.000000000000000000e+00 0.000000000000000000e+00
0.000000000000000000e+00 0.000000000000000000e+00 0.000000000000000000e+00 0.000000000000000000e+00 0.000000000000000000e+00 0.000000000000000000e+00
0.000000000000000000e+00 0.000000000000000000e+00 0.000000000000000000e+00 0.000000000000000000e+00 0.000000000000000000e+00 0.000000000000000000e+00
0.000000000000000000e+00 0.000000000000000000e+00 0.000000000000000000e+00 0.000000000000000000e+00 0.000000000000000000e+00 0.000000000000000000e+00
0.000000000000000000e+00 0.000000000000000000e+00 0.000000000000000000e+00 0.000000000000000000e+00 0.000000000000000000e+00 0.000000000000000000e+00
0.000000000000000000e+00 0.000000000000000000e+00 0.000000000000000000e+00 0.000000000000000000e+00 0.000000000000000000e+00 0.000000000000000000e+00
0.000000000000000000e+00 0.000000000000000000e+00 0.000000000000000000e+00 0.000000000000000000e+00 0.000000000000000000e+00 0.000000000000000000e+00
0.000000000000000000e+00 0.000000000000000000e+00 0.000000000000000000e+00 0.000000000000000000e+00 0.000000000000000000e+00 0.000000000000000000e+00
0.000000000000000000e+00 0.000000000000000000e+00 0.000000000000000000e+00 0.000000000000000000e+00 0.000000000000000000e+00 0.000000000000000000e+00
0.000000000000000000e+00 0.000000000000000000e+00 0.000000000000000000e+00 0.000000000000000000e+00 0.000000000000000000e+00 0.000000000000000000e+00
0.000000000000000000e+00 0.000000000000000000e+00 0.000000000000000000e+00 0.000000000000000000e+00 0.000000000000000000e+00 0.000000000000000000e+00
0.000000000000000000e+00 0.000000000000000000e+00 0.000000000000000000e+00 0.000000000000000000e+00 0.000000000000000000e+00 0.000000000000000000e+00
0.000000000000000000e+00 0.000000000000000000e+00 0.000000000000000000e+00 0.000000000000000000e+00 0.000000000000000000e+00 0.000000000000000000e+00
0.000000000000000000e+00 0.000000000000000000e+00 0.000000000000000000e+00 0.000000000000000000e+00 0.000000000000000000e+00 0.000000000000000000e+00
0.000000000000000000e+00 0.000000000000000000e+00 0.000000000000000000e+00 0.000000000000000000e+00 0.000000000000000000e+00 0.000000000000000000e+00
0.000000000000000000e+00 0.000000000000000000e+00 0.000000000000000000e+00 0.000000000000000000e+00 0.000000000000000000e+00 0.000000000000000000e+00
0.000000000000000000e+00 0.000000000000000000e+00 0.000000000000000000e+00 0.000000000000000000e+00 0.000000000000000000e+00 0.000000000000000000e+00
0.000000000000000000e+00 0.000000000000000000e+00 0.000000000000000000e+00 0.000000000000000000e+00 0.000000000000000000e+00 0.000000000000000000e+00
0.000000000000000000e+00 0.000000000000000000e+00 0.000000000000000000e+00 0.000000000000000000e+00 0.000000000000000000e+00 0.000000000000000000e+00
0.000000000000000000e+00 0.000000000000000000e+00 0.000000000000000000e+00 0.000000000000000000e+00 0.000000000000000000e+00 0.000000000000000000e+00
0.000000000000000000e+00 0.000000000000000000e+00 0.000000000000000000e+00 0.000000000000000000e+00 0.000000000000000000e+00 0.000000000000000000e+00
0.000000000000000000e+00 0.000000000000000000e+00 0.000000000000000000e+00 0.000000000000000000e+00 0.000000000000000000e+00 0.000000000000000000e+00
0.000000000000000000e+00 0.000000000000000000e+00 0.000000000000000000e+00 0.000000000000000000e+00 0.000000000000000000e+00 0.000000000000000000e+00
0.000000000000000000e+00 0.000000000000000000e+00 0.000000000000000000e+00 0.000000000000000000e+00 0.000000000000000000e+00 0.000000000000000000e+00
0.000000000000000000e+00 0.000000000000000000e+00 0.000000000000000000e+00 0.000000000000000000e+00 0.000000000000000000e+00 0.000000000000000000e+00
0.000000000000000000e+00 0.000000000000000000e+00 0.000000000000000000e+00 0.000000000000000000e+00 0.000000000000000000e+00 0.000000000000000000e+00
0.000000000000000000e+00 0.000000000000000000e+00 0.000000000000000000e+00 0.000000000000000000e+00 0.000000000000000000e+00 0.000000000000000000e+00
0.000000000000000000e+00 0.000000000000000000e+00 0.000000000000000000e+00 0.000000000000000000e+00 0.000000000000000000e+00 0.000000000000000000e+00
0.000000000000000000e+00 0.000000000000000000e+00 0.000000000000000000e+00 0.000000000000000000e+00 0.000000000000000000e+00 0.000000000000000000e+00
0.000000000000000000e+00 0.000000000000000000e+00 0.000000000000000000e+00 0.000000000000000000e+00 0.000000000000000000e+00 0.000000000000000000e+00
0.000000000000000000e+00 0.000000000000000000e+00 0.000000000000000000e+00 0.000000000000000000e+00 0.000000000000000000e+00 0.000000000000000000e+00
0.000000000000000000e+00 0.000000000000000000e+00 0.000000000000000000e+00 0.000000000000000000e+00 0.000000000000000000e+00 0.000000000000000000e+00
0.000000000000000000e+00 0.000000000000000000e+00 0.000000000000000000e+00 0.000000000000000000e+00 0.000000000000000000e+00 0.000000000000000000e+00
0.000000000000000000e+00 0.000000000000000000e+00 0.000000000000000000e+00 0.000000000000000000e+00 0.000000000000000000e+00 0.000000000000000000e+00
0.000000000000000000e+00 0.000000000000000000e+00 0.000000000000000000e+00 0.000000000000000000e+00 0.000000000000000000e+00 0.000000000000000000e+00
0.000000000000000000e+00 0.000000000000000000e+00 0.000000000000000000e+00 0.000000000000000000e+00 0.000000000000000000e+00 0.000000000000000000e+00
0.000000000000000000e+00 0.000000000000000000e+00 0.000000000000000000e+00 0.000000000000000000e+00 0.000000000000000000e+00 0.000000000000000000e+00
0.000000000000000000e+00 0.000000000000000000e+00 0.000000000000000000e+00 0.000000000000000000e+00 0.000000000000000000e+00 0.000000000000000000e+00
0.000000000000000000e+00 0.000000000000000000e+00 0.000000000000000000e+00 0.000000000000000000e+00 0.000000000000000000e+00 0.000000000000000000e+00
0.000000000000000000e+00 0.000000000000000000e+00 0.000000000000000000e+00 0.000000000000000000e+00 0.000000000000000000e+00 0.000000000000000000e+00
0.000000000000000000e+00 0.000000000000000000e+00 0.000000000000000000e+00 0.000000000000000000e+00 0.000000000000000000e+00 0.000000000000000000e+00
0.000000000000000000e+00 0.000000000000000000e+00 0.000000000000000000e+00 0.000000000000000000e+00 0.000000000000000000e+00 0.000000000000000000e+00
0.000000000000000000e+00 0.000000000000000000e+00 0.000000000000000000e+00 0.000000000000000000e+00 0.000000000000000000e+00 0.000000000000000000e+00
0.000000000000000000e+00 0.000000000000000000e+00 0.000000000000000000e+00 0.000000000000000000e+00 0.000000000000000000e+00 0.000000000000000000e+00
0.000000000000000000e+00 0.000000000000000000e+00 0.000000000000000000e+00 0.000000000000000000e+00 0.000000000000000000e+00 0.000000000000000000e+00
0.000000000000000000e+00 0.000000000000000000e+00 0.000000000000000000e+00 0.000000000000000000e+00 0.000000000000000000e+00 0.000000000000000000e+00
0.000000000000000000e+00 0.000000000000000000e+00 0.000000000000000000e+00 0.000000000000000000e+00 0.000000000000000000e+00 0.000000000000000000e+00
0.000000000000000000e+00 0.000000000000000000e+00 0.000000000000000000e+00 0.000000000000000000e+00 0.000000000000000000e+00 0.000000000000000000e+00
0.000000000000000000e+00 0.000000000000000000e+00 0.000000000000000000e+00 0.000000000000000000e+00 0.000000000000000000e+00 0.000000000000000000e+00
7.552029192447662354e-02 3.856167942285537720e-02 2.301423400640487671e-01 2.413823157548904419e-01 4.757868945598602295e-01 1.228961572051048279e-01
1.510405838489532471e-01 7.712335884571075439e-02 4.602846801280975342e-01 4.827646315097808838e-01 9.515737891197204590e-01 2.457923144102096558e-01
2.265608608722686768e-01 1.156850382685661316e-01 6.904270648956298828e-01 7.241469621658325195e-01 1.427360653877258301e+00 3.686884939670562744e-01
3.020811676979064941e-01 1.542467176914215088e-01 9.205693602561950684e-01 9.655292630195617676e-01 1.903147578239440918e+00 4.915846288204193115e-01
3.776014447212219238e-01 1.928084045648574829e-01 1.150711774826049805e+00 1.206911563873291016e+00 2.378934383392333984e+00 6.144807934761047363e-01
4.531217217445373535e-01 2.313700765371322632e-01 1.380854129791259766e+00 1.448293924331665039e+00 2.854721307754516602e+00 7.373769879341125488e-01
4.531217217445373535e-01 2.313700765371322632e-01 1.380854129791259766e+00 1.448293924331665039e+00 2.854721307754516602e+00 7.373769879341125488e-01
4.531217217445373535e-01 2.313700765371322632e-01 1.380854129791259766e+00 1.448293924331665039e+00 2.854721307754516602e+00 7.373769879341125488e-01
4.531217217445373535e-01 2.313700765371322632e-01 1.380854129791259766e+00 1.448293924331665039e+00 2.854721307754516602e+00 7.373769879341125488e-01
4.531217217445373535e-01 2.313700765371322632e-01 1.380854129791259766e+00 1.448293924331665039e+00 2.854721307754516602e+00 7.373769879341125488e-01
4.531217217445373535e-01 2.313700765371322632e-01 1.380854129791259766e+00 1.448293924331665039e+00 2.854721307754516602e+00 7.373769879341125488e-01
4.531217217445373535e-01 2.313700765371322632e-01 1.380854129791259766e+00 1.448293924331665039e+00 2.854721307754516602e+00 7.373769879341125488e-01
4.531217217445373535e-01 2.313700765371322632e-01 1.380854129791259766e+00 1.448293924331665039e+00 2.854721307754516602e+00 7.373769879341125488e-01
4.531217217445373535e-01 2.313700765371322632e-01 1.380854129791259766e+00 1.448293924331665039e+00 2.854721307754516602e+00 7.373769879341125488e-01
4.531217217445373535e-01 2.313700765371322632e-01 1.380854129791259766e+00 1.448293924331665039e+00 2.854721307754516602e+00 7.373769879341125488e-01
4.531217217445373535e-01 2.313700765371322632e-01 1.380854129791259766e+00 1.448293924331665039e+00 2.854721307754516602e+00 7.373769879341125488e-01
4.531217217445373535e-01 2.313700765371322632e-01 1.380854129791259766e+00 1.448293924331665039e+00 2.854721307754516602e+00 7.373769879341125488e-01
4.531217217445373535e-01 2.313700765371322632e-01 1.380854129791259766e+00 1.448293924331665039e+00 2.854721307754516602e+00 7.373769879341125488e-01
4.531217217445373535e-01 2.313700765371322632e-01 1.380854129791259766e+00 1.448293924331665039e+00 2.854721307754516602e+00 7.373769879341125488e-01
4.531217217445373535e-01 2.313700765371322632e-01 1.380854129791259766e+00 1.448293924331665039e+00 2.854721307754516602e+00 7.373769879341125488e-01
4.531217217445373535e-01 2.313700765371322632e-01 1.380854129791259766e+00 1.448293924331665039e+00 2.854721307754516602e+00 7.373769879341125488e-01
4.531217217445373535e-01 2.313700765371322632e-01 1.380854129791259766e+00 1.448293924331665039e+00 2.854721307754516602e+00 7.373769879341125488e-01
4.531217217445373535e-01 2.313700765371322632e-01 1.380854129791259766e+00 1.448293924331665039e+00 2.854721307754516602e+00 7.373769879341125488e-01
4.531217217445373535e-01 2.313700765371322632e-01 1.380854129791259766e+00 1.448293924331665039e+00 2.854721307754516602e+00 7.373769879341125488e-01
4.531217217445373535e-01 2.313700765371322632e-01 1.380854129791259766e+00 1.448293924331665039e+00 2.854721307754516602e+00 7.373769879341125488e-01
4.531217217445373535e-01 2.313700765371322632e-01 1.380854129791259766e+00 1.448293924331665039e+00 2.854721307754516602e+00 7.373769879341125488e-01
4.531217217445373535e-01 2.313700765371322632e-01 1.380854129791259766e+00 1.448293924331665039e+00 2.854721307754516602e+00 7.373769879341125488e-01
4.531217217445373535e-01 2.313700765371322632e-01 1.380854129791259766e+00 1.448293924331665039e+00 2.854721307754516602e+00 7.373769879341125488e-01
4.531217217445373535e-01 2.313700765371322632e-01 1.380854129791259766e+00 1.448293924331665039e+00 2.854721307754516602e+00 7.373769879341125488e-01
4.531217217445373535e-01 2.313700765371322632e-01 1.380854129791259766e+00 1.448293924331665039e+00 2.854721307754516602e+00 7.373769879341125488e-01
4.531217217445373535e-01 2.313700765371322632e-01 1.380854129791259766e+00 1.448293924331665039e+00 2.854721307754516602e+00 7.373769879341125488e-01
4.531217217445373535e-01 2.313700765371322632e-01 1.380854129791259766e+00 1.448293924331665039e+00 2.854721307754516602e+00 7.373769879341125488e-01
4.531217217445373535e-01 2.313700765371322632e-01 1.380854129791259766e+00 1.448293924331665039e+00 2.854721307754516602e+00 7.373769879341125488e-01
4.531217217445373535e-01 2.313700765371322632e-01 1.380854129791259766e+00 1.448293924331665039e+00 2.854721307754516602e+00 7.373769879341125488e-01
4.531217217445373535e-01 2.313700765371322632e-01 1.380854129791259766e+00 1.448293924331665039e+00 2.854721307754516602e+00 7.373769879341125488e-01
4.531217217445373535e-01 2.313700765371322632e-01 1.380854129791259766e+00 1.448293924331665039e+00 2.854721307754516602e+00 7.373769879341125488e-01
4.531217217445373535e-01 2.313700765371322632e-01 1.380854129791259766e+00 1.448293924331665039e+00 2.854721307754516602e+00 7.373769879341125488e-01
4.531217217445373535e-01 2.313700765371322632e-01 1.380854129791259766e+00 1.448293924331665039e+00 2.854721307754516602e+00 7.373769879341125488e-01
4.531217217445373535e-01 2.313700765371322632e-01 1.380854129791259766e+00 1.448293924331665039e+00 2.854721307754516602e+00 7.373769879341125488e-01
4.531217217445373535e-01 2.313700765371322632e-01 1.380854129791259766e+00 1.448293924331665039e+00 2.854721307754516602e+00 7.373769879341125488e-01
4.531217217445373535e-01 2.313700765371322632e-01 1.380854129791259766e+00 1.448293924331665039e+00 2.854721307754516602e+00 7.373769879341125488e-01
4.531217217445373535e-01 2.313700765371322632e-01 1.380854129791259766e+00 1.448293924331665039e+00 2.854721307754516602e+00 7.373769879341125488e-01
4.531217217445373535e-01 2.313700765371322632e-01 1.380854129791259766e+00 1.448293924331665039e+00 2.854721307754516602e+00 7.373769879341125488e-01
4.531217217445373535e-01 2.313700765371322632e-01 1.380854129791259766e+00 1.448293924331665039e+00 2.854721307754516602e+00 7.373769879341125488e-01
4.531217217445373535e-01 2.313700765371322632e-01 1.380854129791259766e+00 1.448293924331665039e+00 2.854721307754516602e+00 7.373769879341125488e-01
4.531217217445373535e-01 2.313700765371322632e-01 1.380854129791259766e+00 1.448293924331665039e+00 2.854721307754516602e+00 7.373769879341125488e-01
4.531217217445373535e-01 2.313700765371322632e-01 1.380854129791259766e+00 1.448293924331665039e+00 2.854721307754516602e+00 7.373769879341125488e-01
4.531217217445373535e-01 2.313700765371322632e-01 1.380854129791259766e+00 1.448293924331665039e+00 2.854721307754516602e+00 7.373769879341125488e-01
4.531217217445373535e-01 2.313700765371322632e-01 1.380854129791259766e+00 1.448293924331665039e+00 2.854721307754516602e+00 7.373769879341125488e-01
4.531217217445373535e-01 2.313700765371322632e-01 1.380854129791259766e+00 1.448293924331665039e+00 2.854721307754516602e+00 7.373769879341125488e-01
4.531217217445373535e-01 2.313700765371322632e-01 1.380854129791259766e+00 1.448293924331665039e+00 2.854721307754516602e+00 7.373769879341125488e-01
4.531217217445373535e-01 2.313700765371322632e-01 1.380854129791259766e+00 1.448293924331665039e+00 2.854721307754516602e+00 7.373769879341125488e-01
4.531217217445373535e-01 2.313700765371322632e-01 1.380854129791259766e+00 1.448293924331665039e+00 2.854721307754516602e+00 7.373769879341125488e-01
4.531217217445373535e-01 2.313700765371322632e-01 1.380854129791259766e+00 1.448293924331665039e+00 2.854721307754516602e+00 7.373769879341125488e-01
4.531217217445373535e-01 2.313700765371322632e-01 1.380854129791259766e+00 1.448293924331665039e+00 2.854721307754516602e+00 7.373769879341125488e-01
4.531217217445373535e-01 2.313700765371322632e-01 1.380854129791259766e+00 1.448293924331665039e+00 2.854721307754516602e+00 7.373769879341125488e-01
4.531217217445373535e-01 2.313700765371322632e-01 1.380854129791259766e+00 1.448293924331665039e+00 2.854721307754516602e+00 7.373769879341125488e-01
4.531217217445373535e-01 2.313700765371322632e-01 1.380854129791259766e+00 1.448293924331665039e+00 2.854721307754516602e+00 7.373769879341125488e-01
4.531217217445373535e-01 2.313700765371322632e-01 1.380854129791259766e+00 1.448293924331665039e+00 2.854721307754516602e+00 7.373769879341125488e-01
4.531217217445373535e-01 2.313700765371322632e-01 1.380854129791259766e+00 1.448293924331665039e+00 2.854721307754516602e+00 7.373769879341125488e-01
4.531217217445373535e-01 2.313700765371322632e-01 1.380854129791259766e+00 1.448293924331665039e+00 2.854721307754516602e+00 7.373769879341125488e-01
4.531217217445373535e-01 2.313700765371322632e-01 1.380854129791259766e+00 1.448293924331665039e+00 2.854721307754516602e+00 7.373769879341125488e-01
4.531217217445373535e-01 2.313700765371322632e-01 1.380854129791259766e+00 1.448293924331665039e+00 2.854721307754516602e+00 7.373769879341125488e-01
4.531217217445373535e-01 2.313700765371322632e-01 1.380854129791259766e+00 1.448293924331665039e+00 2.854721307754516602e+00 7.373769879341125488e-01
4.531217217445373535e-01 2.313700765371322632e-01 1.380854129791259766e+00 1.448293924331665039e+00 2.854721307754516602e+00 7.373769879341125488e-01
4.531217217445373535e-01 2.313700765371322632e-01 1.380854129791259766e+00 1.448293924331665039e+00 2.854721307754516602e+00 7.373769879341125488e-01
4.531217217445373535e-01 2.313700765371322632e-01 1.380854129791259766e+00 1.448293924331665039e+00 2.854721307754516602e+00 7.373769879341125488e-01
4.531217217445373535e-01 2.313700765371322632e-01 1.380854129791259766e+00 1.448293924331665039e+00 2.854721307754516602e+00 7.373769879341125488e-01
4.531217217445373535e-01 2.313700765371322632e-01 1.380854129791259766e+00 1.448293924331665039e+00 2.854721307754516602e+00 7.373769879341125488e-01
4.531217217445373535e-01 2.313700765371322632e-01 1.380854129791259766e+00 1.448293924331665039e+00 2.854721307754516602e+00 7.373769879341125488e-01
4.531217217445373535e-01 2.313700765371322632e-01 1.380854129791259766e+00 1.448293924331665039e+00 2.854721307754516602e+00 7.373769879341125488e-01
4.531217217445373535e-01 2.313700765371322632e-01 1.380854129791259766e+00 1.448293924331665039e+00 2.854721307754516602e+00 7.373769879341125488e-01
4.531217217445373535e-01 2.313700765371322632e-01 1.380854129791259766e+00 1.448293924331665039e+00 2.854721307754516602e+00 7.373769879341125488e-01
4.531217217445373535e-01 2.313700765371322632e-01 1.380854129791259766e+00 1.448293924331665039e+00 2.854721307754516602e+00 7.373769879341125488e-01
4.531217217445373535e-01 2.313700765371322632e-01 1.380854129791259766e+00 1.448293924331665039e+00 2.854721307754516602e+00 7.373769879341125488e-01
4.531217217445373535e-01 2.313700765371322632e-01 1.380854129791259766e+00 1.448293924331665039e+00 2.854721307754516602e+00 7.373769879341125488e-01
4.531217217445373535e-01 2.313700765371322632e-01 1.380854129791259766e+00 1.448293924331665039e+00 2.854721307754516602e+00 7.373769879341125488e-01
4.531217217445373535e-01 2.313700765371322632e-01 1.380854129791259766e+00 1.448293924331665039e+00 2.854721307754516602e+00 7.373769879341125488e-01
4.531217217445373535e-01 2.313700765371322632e-01 1.380854129791259766e+00 1.448293924331665039e+00 2.854721307754516602e+00 7.373769879341125488e-01
4.531217217445373535e-01 2.313700765371322632e-01 1.380854129791259766e+00 1.448293924331665039e+00 2.854721307754516602e+00 7.373769879341125488e-01
4.531217217445373535e-01 2.313700765371322632e-01 1.380854129791259766e+00 1.448293924331665039e+00 2.854721307754516602e+00 7.373769879341125488e-01
4.531217217445373535e-01 2.313700765371322632e-01 1.380854129791259766e+00 1.448293924331665039e+00 2.854721307754516602e+00 7.373769879341125488e-01
4.531217217445373535e-01 2.313700765371322632e-01 1.380854129791259766e+00 1.448293924331665039e+00 2.854721307754516602e+00 7.373769879341125488e-01
4.531217217445373535e-01 2.313700765371322632e-01 1.380854129791259766e+00 1.448293924331665039e+00 2.854721307754516602e+00 7.373769879341125488e-01
4.531217217445373535e-01 2.313700765371322632e-01 1.380854129791259766e+00 1.448293924331665039e+00 2.854721307754516602e+00 7.373769879341125488e-01
4.531217217445373535e-01 2.313700765371322632e-01 1.380854129791259766e+00 1.448293924331665039e+00 2.854721307754516602e+00 7.373769879341125488e-01
4.531217217445373535e-01 2.313700765371322632e-01 1.380854129791259766e+00 1.448293924331665039e+00 2.854721307754516602e+00 7.373769879341125488e-01
4.531217217445373535e-01 2.313700765371322632e-01 1.380854129791259766e+00 1.448293924331665039e+00 2.854721307754516602e+00 7.373769879341125488e-01
4.531217217445373535e-01 2.313700765371322632e-01 1.380854129791259766e+00 1.448293924331665039e+00 2.854721307754516602e+00 7.373769879341125488e-01
4.531217217445373535e-01 2.313700765371322632e-01 1.380854129791259766e+00 1.448293924331665039e+00 2.854721307754516602e+00 7.373769879341125488e-01
