0.000000000000000000e+00 0.000000000000000000e+00 0.000000000000000000e+00 0.000000000000000000e+00 0.000000000000000000e+00 0.000000000000000000e+00
0.000000000000000000e+00 0.000000000000000000e+00 0.000000000000000000e+00 0.000000000000000000e+00 0.000000000000000000e+00 0.000000000000000000e+00
0.000000000000000000e+00 0.000000000000000000e+00 0.000000000000000000e+00 0.000000000000000000e+00 0.000000000000000000e+00 0.000000000000000000e+00
0.000000000000000000e+00 0.000000000000000000e+00 0.000000000000000000e+00 0.000000000000000000e+00 0.000000000000000000e+00 0.000000000000000000e+00
0.000000000000000000e+00 0.000000000000000000e+00 0.000000000000000000e+00 0.000000000000000000e+00 0.000000000000000000e+00 0.000000000000000000e+00
0.000000000000000000e+00 0.000000000000000000e+00 0.000000000000000000e+00 0.000000000000000000e+00 0.000000000000000000e+00 0.000000000000000000e+00
0.000000000000000000e+00 0.000000000000000000e+00 0.000000000000000000e+00 0.000000000000000000e+00 0.000000000000000000e+00 0.000000000000000000e+00
0.000000000000000000e+00 0.000000000000000000e+00 0.000000000000000000e+00 0.000000000000000000e+00 0.000000000000000000e+00 0.000000000000000000e+00
0.000000000000000000e+00 0.000000000000000000e+00 0.000000000000000000e+00 0.000000000000000000e+00 0.000000000000000000e+00 0.000000000000000000e+00
0.000000000000000000e+00 0.000000000000000000e+00 0.000000000000000000e+00 0.000000000000000000e+00 0.000000000000000000e+00 0.000000000000000000e+00
0.000000000000000000e+00 0.000000000000000000e+00 0.000000000000000000e+00 0.000000000000000000e+00 0.000000000000000000e+00 0.000000000000000000e+00
0.000000000000000000e+00 0.000000000000000000e+00 0.000000000000000000e+00 0.000000000000000000e+00 0.000000000000000000e+00 0.000000000000000000e+00
0.000000000000000000e+00 0.000000000000000000e+00 0.000000000000000000e+00 0.000000000000000000e+00 0.000000000000000000e+00 0.000000000000000000e+00
0.000000000000000000e+00 0.000000000000000000e+00 0.000000000000000000e+00 0.000000000000000000e+00 0.000000000000000000e+00 0.000000000000000000e+00
0.000000000000000000e+00 0.000000000000000000e+00 0.000000000000000000e+00 0.000000000000000000e+00 0.000000000000000000e+00 0.000000000000000000e+00
0.000000000000000000e+00 0.000000000000000000e+00 0.000000000000000000e+00 0.000000000000000000e+00 0.000000000000000000e+00 0.000000000000000000e+00
0.000000000000000000e+00 0.000000000000000000e+00 0.000000000000000000e+00 0.000000000000000000e+00 0.000000000000000000e+00 0.000000000000000000e+00
0.000000000000000000e+00 0.000000000000000000e+00 0.000000000000000000e+00 0.000000000000000000e+00 0.000000000000000000e+00 0.000000000000000000e+00
0.000000000000000000e+00 0.000000000000000000e+00 0.000000000000000000e+00 0.000000000000000000e+00 0.000000000000000000e+00 0.000000000000000000e+00
0.000000000000000000e+00 0.000000000000000000e+00 0.000000000000000000e+00 0.000000000000000000e+00 0.000000000000000000e+00 0.000000000000000000e+00
0.000000000000000000e+00 0.000000000000000000e+00 0.000000000000000000e+00 0.000000000000000000e+00 0.000000000000000000e+00 0.000000000000000000e+00
0.000000000000000000e+00 0.000000000000000000e+00 0.000000000000000000e+00 0.000000000000000000e+00 0.000000000000000000e+00 0.000000000000000000e+00
0.000000000000000000e+00 0.000000000000000000e+00 0.000000000000000000e+00 0.000000000000000000e+00 0.000000000000000000e+00 0.000000000000000000e+00
0.000000000000000000e+00 0.000000000000000000e+00 0.000000000000000000e+00 0.000000000000000000e+00 0.000000000000000000e+00 0.000000000000000000e+00
0.000000000000000000e+00 0.000000000000000000e+00 0.000000000000000000e+00 0.000000000000000000e+00 0.000000000000000000e+00 0.000000000000000000e+00
0.000000000000000000e+00 0.000000000000000000e+00 0.000000000000000000e+00 0.000000000000000000e+00 0.000000000000000000e+00 0.000000000000000000e+00
0.000000000000000000e+00 0.000000000000000000e+00 0.000000000000000000e+00 0.000000000000000000e+00 0.000000000000000000e+00 0.000000000000000000e+00
0.000000000000000000e+00 0.000000000000000000e+00 0.000000000000000000e+00 0.000000000000000000e+00 0.000000000000000000e+00 0.000000000000000000e+00
0.000000000000000000e+00 0.000000000000000000e+00 0.000000000000000000e+00 0.000000000000000000e+00 0.000000000000000000e+00 0.000000000000000000e+00
0.000000000000000000e+00 0.000000000000000000e+00 0.000000000000000000e+00 0.000000000000000000e+00 0.000000000000000000e+00 0.000000000000000000e+00
0.000000000000000000e+00 0.000000000000000000e+00 0.000000000000000000e+00 0.000000000000000000e+00 0.000000000000000000e+00 0.000000000000000000e+00
0.000000000000000000e+00 0.000000000000000000e+00 0.000000000000000000e+00 0.000000000000000000e+00 0.000000000000000000e+00 0.000000000000000000e+00
0.000000000000000000e+00 0.000000000000000000e+00 0.000000000000000000e+00 0.000000000000000000e+00 0.000000000000000000e+00 0.000000000000000000e+00
0.000000000000000000e+00 0.000000000000000000e+00 0.000000000000000000e+00 0.000000000000000000e+00 0.000000000000000000e+00 0.000000000000000000e+00
0.000000000000000000e+00 0.000000000000000000e+00 0.000000000000000000e+00 0.000000000000000000e+00 0.000000000000000000e+00 0.000000000000000000e+00
0.000000000000000000e+00 0.000000000000000000e+00 0.000000000000000000e+00 0.000000000000000000e+00 0.000000000000000000e+00 0.000000000000000000e+00
0.000000000000000000e+00 0.000000000000000000e+00 0.000000000000000000e+00 0.000000000000000000e+00 0.000000000000000000e+00 0.000000000000000000e+00
0.000000000000000000e+00 0.000000000000000000e+00 0.000000000000000000e+00 0.000000000000000000e+00 0.000000000000000000e+00 0.000000000000000000e+00
0.000000000000000000e+00 0.000000000000000000e+00 0.000000000000000000e+00 0.000000000000000000e+00 0.000000000000000000e+00 0.000000000000000000e+00
0.000000000000000000e+00 0.000000000000000000e+00 0.000000000000000000e+00 0.000000000000000000e+00 0.000000000000000000e+00 0.000000000000000000e+00
0.000000000000000000e+00 0.000000000000000000e+00 0.000000000000000000e+00 0.000000000000000000e+00 0.000000000000000000e+00 0.000000000000000000e+00
0.000000000000000000e+00 0.000000000000000000e+00 0.000000000000000000e+00 0.000000000000000000e+00 0.000000000000000000e+00 0.000000000000000000e+00
0.000000000000000000e+00 0.000000000000000000e+00 0.000000000000000000e+00 0.000000000000000000e+00 0.000000000000000000e+00 0.000000000000000000e+00
0.000000000000000000e+00 0.000000000000000000e+00 0.000000000000000000e+00 0.000000000000000000e+00 0.000000000000000000e+00 0.000000000000000000e+00
0.000000000000000000e+00 0.000000000000000000e+00 0.000000000000000000e+00 0.000000000000000000e+00 0.000000000000000000e+00 0.000000000000000000e+00
0.000000000000000000e+00 0.000000000000000000e+00 0.000000000000000000e+00 0.000000000000000000e+00 0.000000000000000000e+00 0.000000000000000000e+00
0.000000000000000000e+00 0.000000000000000000e+00 0.000000000000000000e+00 0.000000000000000000e+00 0.000000000000000000e+00 0.000000000000000000e+00
0.000000000000000000e+00 0.000000000000000000e+00 0.000000000000000000e+00 0.000000000000000000e+00 0.000000000000000000e+00 0.000000000000000000e+00
0.000000000000000000e+00 0.000000000000000000e+00 0.000000000000000000e+00 0.000000000000000000e+00 0.000000000000000000e+00 0.000000000000000000e+00
0.000000000000000000e+00 0.000000000000000000e+00 0.000000000000000000e+00 0.000000000000000000e+00 0.000000000000000000e+00 0.000000000000000000e+00
0.000000000000000000e+00 0.000000000000000000e+00 0.000000000000000000e+00 0.000000000000000000e+00 0.000000000000000000e+00 0.000000000000000000e+00
0.000000000000000000e+00 0.000000000000000000e+00 0.000000000000000000e+00 0.000000000000000000e+00 0.000000000000000000e+00 0.000000000000000000e+00
0.000000000000000000e+00 0.000000000000000000e+00 0.000000000000000000e+00 0.000000000000000000e+00 0.000000000000000000e+00 0.000000000000000000e+00
0.000000000000000000e+00 0.000000000000000000e+00 0.000000000000000000e+00 0.000000000000000000e+00 0.000000000000000000e+00 0.000000000000000000e+00
0.000000000000000000e+00 0.000000000000000000e+00 0.000000000000000000e+00 0.000000000000000000e+00 0.000000000000000000e+00 0.000000000000000000e+00
0.000000000000000000e+00 0.000000000000000000e+00 0.000000000000000000e+00 0.000000000000000000e+00 0.000000000000000000e+00 0.000000000000000000e+00
0.000000000000000000e+00 0.000000000000000000e+00 0.000000000000000000e+00 0.000000000000000000e+00 0.000000000000000000e+00 0.000000000000000000e+00
0.000000000000000000e+00 0.000000000000000000e+00 0.000000000000000000e+00 0.000000000000000000e+00 0.000000000000000000e+00 0.000000000000000000e+00
0.000000000000000000e+00 0.000000000000000000e+00 0.000000000000000000e+00 0.000000000000000000e+00 0.000000000000000000e+00 0.000000000000000000e+00
0.000000000000000000e+00 0.000000000000000000e+00 0.000000000000000000e+00 0.000000000000000000e+00 0.000000000000000000e+00 0.000000000000000000e+00
0.000000000000000000e+00 0.000000000000000000e+00 0.000000000000000000e+00 0.000000000000000000e+00 0.000000000000000000e+00 0.000000000000000000e+00
0.000000000000000000e+00 0.000000000000000000e+00 0.000000000000000000e+00 0.000000000000000000e+00 0.000000000000000000e+00 0.000000000000000000e+00
0.000000000000000000e+00 0.000000000000000000e+00 0.000000000000000000e+00 0.000000000000000000e+00 0.000000000000000000e+00 0.000000000000000000e+00
0.000000000000000000e+00 0.000000000000000000e+00 0.000000000000000000e+00 0.000000000000000000e+00 0.000000000000000000e+00 0.000000000000000000e+00
0.000000000000000000e+00 0.000000000000000000e+00 0.000000000000000000e+00 0.000000000000000000e+00 0.000000000000000000e+00 0.000000000000000000e+00
0.000000000000000000e+00 0.000000000000000000e+00 0.000000000000000000e+00 0.000000000000000000e+00 0.000000000000000000e+00 0.000000000000000000e+00
0.000000000000000000e+00 0.000000000000000000e+00 0.000000000000000000e+00 0.000000000000000000e+00 0.000000000000000000e+00 0.000000000000000000e+00
0.000000000000000000e+00 0.000000000000000000e+00 0.000000000000000000e+00 0.000000000000000000e+00 0.000000000000000000e+00 0.000000000000000000e+00
0.000000000000000000e+00 0.000000000000000000e+00 0.000000000000000000e+00 0.000000000000000000e+00 0.000000000000000000e+00 0.000000000000000000e+00
0.000000000000000000e+00 0.000000000000000000e+00 0.000000000000000000e+00 0.000000000000000000e+00 0.000000000000000000e+00 0.000000000000000000e+00
0.000000000000000000e+00 0.000000000000000000e+00 0.000000000000000000e+00 0.000000000000000000e+00 0.000000000000000000e+00 0.000000000000000000e+00
0.000000000000000000e+00 0.000000000000000000e+00 0.000000000000000000e+00 0.000000000000000000e+00 0.000000000000000000e+00 0.000000000000000000e+00
0.000000000000000000e+00 0.000000000000000000e+00 0.000000000000000000e+00 0.000000000000000000e+00 0.000000000000000000e+00 0.000000000000000000e+00
0.000000000000000000e+00 0.000000000000000000e+00 0.000000000000000000e+00 0.000000000000000000e+00 0.000000000000000000e+00 0.000000000000000000e+00
0.000000000000000000e+00 0.000000000000000000e+00 0.000000000000000000e+00 0.000000000000000000e+00 0.000000000000000000e+00 0.000000000000000000e+00
0.000000000000000000e+00 0.000000000000000000e+00 0.000000000000000000e+00 0.000000000000000000e+00 0.000000000000000000e+00 0.000000000000000000e+00
0.000000000000000000e+00 0.000000000000000000e+00 0.000000000000000000e+00 0.000000000000000000e+00 0.000000000000000000e+00 0.000000000000000000e+00
0.000000000000000000e+00 0.000000000000000000e+00 0.000000000000000000e+00 0.000000000000000000e+00 0.000000000000000000e+00 0.000000000000000000e+00
0.000000000000000000e+00 0.000000000000000000e+00 0.000000000000000000e+00 0.000000000000000000e+00 0.000000000000000000e+00 0.000000000000000000e+00
0.000000000000000000e+00 0.000000000000000000e+00 0.000000000000000000e+00 0.000000000000000000e+00 0.000000000000000000e+00 0.000000000000000000e+00
0.000000000000000000e+00 0.000000000000000000e+00 0.000000000000000000e+00 0.000000000000000000e+00 0.000000000000000000e+00 0.000000000000000000e+00
0.000000000000000000e+00 0.000000000000000000e+00 0.000000000000000000e+00 0.000000000000000000e+00 0.000000000000000000e+00 0.000000000000000000e+00
0.000000000000000000e+00 0.000000000000000000e+00 0.000000000000000000e+00 0.000000000000000000e+00 0.000000000000000000e+00 0.000000000000000000e+00
0.000000000000000000e+00 0.000000000000000000e+00 0.000000000000000000e+00 0.000000000000000000e+00 0.000000000000000000e+00 0.000000000000000000e+00
0.000000000000000000e+00 0.000000000000000000e+00 0.000000000000000000e+00 0.000000000000000000e+00 0.000000000000000000e+00 0.000000000000000000e+00
0.000000000000000000e+00 0.000000000000000000e+00 0.000000000000000000e+00 0.000000000000000000e+00 0.000000000000000000e+00 0.000000000000000000e+00
0.000000000000000000e+00 0.000000000000000000e+00 0.000000000000000000e+00 0.000000000000000000e+00 0.000000000000000000e+00 0.000000000000000000e+00
0.000000000000000000e+00 0.000000000000000000e+00 0.000000000000000000e+00 0.000000000000000000e+00 0.000000000000000000e+00 0.000000000000000000e+00
0.000000000000000000e+00 0.000000000000000000e+00 0.000000000000000000e+00 0.000000000000000000e+00 0.000000000000000000e+00 0.000000000000000000e+00
0.000000000000000000e+00 0.000000000000000000e+00 0.000000000000000000e+00 0.000000000000000000e+00 0.000000000000000000e+00 0.000000000000000000e+00
0.000000000000000000e+00 0.000000000000000000e+00 0.000000000000000000e+00 0.000000000000000000e+00 0.000000000000000000e+00 0.000000000000000000e+00
0.000000000000000000e+00 0.000000000000000000e+00 0.000000000000000000e+00 0.000000000000000000e+00 0.000000000000000000e+00 0.000000000000000000e+00
0.000000000000000000e+00 0.000000000000000000e+00 0.000000000000000000e+00 0.000000000000000000e+00 0.000000000000000000e+00 0.000000000000000000e+00
0.000000000000000000e+00 0.000000000000000000e+00 0.000000000000000000e+00 0.000000000000000000e+00 0.000000000000000000e+00 0.000000000000000000e+00
0.000000000000000000e+00 0.000000000000000000e+00 0.000000000000000000e+00 0.000000000000000000e+00 0.000000000000000000e+00 0.000000000000000000e+00
0.000000000000000000e+00 0.000000000000000000e+00 0.000000000000000000e+00 0.000000000000000000e+00 0.000000000000000000e+00 0.000000000000000000e+00
0.000000000000000000e+00 0.000000000000000000e+00 0.000000000000000000e+00 0.000000000000000000e+00 0.000000000000000000e+00 0.000000000000000000e+00
0.000000000000000000e+00 0.000000000000000000e+00 0.000000000000000000e+00 0.000000000000000000e+00 0.000000000000000000e+00 0.000000000000000000e+00
0.000000000000000000e+00 0.000000000000000000e+00 0.000000000000000000e+00 0.000000000000000000e+00 0.000000000000000000e+00 0.000000000000000000e+00
0.000000000000000000e+00 0.000000000000000000e+00 0.000000000000000000e+00 0.000000000000000000e+00 0.000000000000000000e+00 0.000000000000000000e+00
0.000000000000000000e+00 0.000000000000000000e+00 0.000000000000000000e+00 0.000000000000000000e+00 0.000000000000000000e+00 0.000000000000000000e+00
3.067877590656280518e-01 2.675088588148355484e-03 4.812788665294647217e-01 4.198034405708312988e-01 4.228498637676239014e-01 1.033855751156806946e-01
6.135755181312561035e-01 5.350177176296710968e-03 9.625577330589294434e-01 8.396068811416625977e-01 8.456997275352478027e-01 2.067711502313613892e-01
9.203632473945617676e-01 8.025266230106353760e-03 1.443836569786071777e+00 1.259410381317138672e+00 1.268549561500549316e+00 3.101567029953002930e-01
1.227151036262512207e+00 1.070035435259342194e-02 1.925115466117858887e+00 1.679213762283325195e+00 1.691399455070495605e+00 4.135423004627227783e-01
1.533938765525817871e+00 1.337544340640306473e-02 2.406394243240356445e+00 2.099017143249511719e+00 2.114249229431152344e+00 5.169278383255004883e-01
1.840726494789123535e+00 1.605053246021270752e-02 2.887673139572143555e+00 2.518820762634277344e+00 2.537099123001098633e+00 6.203134059906005859e-01
1.840726494789123535e+00 1.605053246021270752e-02 2.887673139572143555e+00 2.518820762634277344e+00 2.537099123001098633e+00 6.203134059906005859e-01
1.840726494789123535e+00 1.605053246021270752e-02 2.887673139572143555e+00 2.518820762634277344e+00 2.537099123001098633e+00 6.203134059906005859e-01
1.840726494789123535e+00 1.605053246021270752e-02 2.887673139572143555e+00 2.518820762634277344e+00 2.537099123001098633e+00 6.203134059906005859e-01
1.840726494789123535e+00 1.605053246021270752e-02 2.887673139572143555e+00 2.518820762634277344e+00 2.537099123001098633e+00 6.203134059906005859e-01
1.840726494789123535e+00 1.605053246021270752e-02 2.887673139572143555e+00 2.518820762634277344e+00 2.537099123001098633e+00 6.203134059906005859e-01
1.840726494789123535e+00 1.605053246021270752e-02 2.887673139572143555e+00 2.518820762634277344e+00 2.537099123001098633e+00 6.203134059906005859e-01
1.840726494789123535e+00 1.605053246021270752e-02 2.887673139572143555e+00 2.518820762634277344e+00 2.537099123001098633e+00 6.203134059906005859e-01
1.840726494789123535e+00 1.605053246021270752e-02 2.887673139572143555e+00 2.518820762634277344e+00 2.537099123001098633e+00 6.203134059906005859e-01
1.840726494789123535e+00 1.605053246021270752e-02 2.887673139572143555e+00 2.518820762634277344e+00 2.537099123001098633e+00 6.203134059906005859e-01
1.840726494789123535e+00 1.605053246021270752e-02 2.887673139572143555e+00 2.518820762634277344e+00 2.537099123001098633e+00 6.203134059906005859e-01
1.840726494789123535e+00 1.605053246021270752e-02 2.887673139572143555e+00 2.518820762634277344e+00 2.537099123001098633e+00 6.203134059906005859e-01
1.840726494789123535e+00 1.605053246021270752e-02 2.887673139572143555e+00 2.518820762634277344e+00 2.537099123001098633e+00 6.203134059906005859e-01
1.840726494789123535e+00 1.605053246021270752e-02 2.887673139572143555e+00 2.518820762634277344e+00 2.537099123001098633e+00 6.203134059906005859e-01
1.840726494789123535e+00 1.605053246021270752e-02 2.887673139572143555e+00 2.518820762634277344e+00 2.537099123001098633e+00 6.203134059906005859e-01
1.840726494789123535e+00 1.605053246021270752e-02 2.887673139572143555e+00 2.518820762634277344e+00 2.537099123001098633e+00 6.203134059906005859e-01
1.840726494789123535e+00 1.605053246021270752e-02 2.887673139572143555e+00 2.518820762634277344e+00 2.537099123001098633e+00 6.203134059906005859e-01
1.840726494789123535e+00 1.605053246021270752e-02 2.887673139572143555e+00 2.518820762634277344e+00 2.537099123001098633e+00 6.203134059906005859e-01
1.840726494789123535e+00 1.605053246021270752e-02 2.887673139572143555e+00 2.518820762634277344e+00 2.537099123001098633e+00 6.203134059906005859e-01
1.840726494789123535e+00 1.605053246021270752e-02 2.887673139572143555e+00 2.518820762634277344e+00 2.537099123001098633e+00 6.203134059906005859e-01
1.840726494789123535e+00 1.605053246021270752e-02 2.887673139572143555e+00 2.518820762634277344e+00 2.537099123001098633e+00 6.203134059906005859e-01
1.840726494789123535e+00 1.605053246021270752e-02 2.887673139572143555e+00 2.518820762634277344e+00 2.537099123001098633e+00 6.203134059906005859e-01
1.840726494789123535e+00 1.605053246021270752e-02 2.887673139572143555e+00 2.518820762634277344e+00 2.537099123001098633e+00 6.203134059906005859e-01
1.840726494789123535e+00 1.605053246021270752e-02 2.887673139572143555e+00 2.518820762634277344e+00 2.537099123001098633e+00 6.203134059906005859e-01
1.840726494789123535e+00 1.605053246021270752e-02 2.887673139572143555e+00 2.518820762634277344e+00 2.537099123001098633e+00 6.203134059906005859e-01
1.840726494789123535e+00 1.605053246021270752e-02 2.887673139572143555e+00 2.518820762634277344e+00 2.537099123001098633e+00 6.203134059906005859e-01
1.840726494789123535e+00 1.605053246021270752e-02 2.887673139572143555e+00 2.518820762634277344e+00 2.537099123001098633e+00 6.203134059906005859e-01
1.840726494789123535e+00 1.605053246021270752e-02 2.887673139572143555e+00 2.518820762634277344e+00 2.537099123001098633e+00 6.203134059906005859e-01
1.840726494789123535e+00 1.605053246021270752e-02 2.887673139572143555e+00 2.518820762634277344e+00 2.537099123001098633e+00 6.203134059906005859e-01
1.840726494789123535e+00 1.605053246021270752e-02 2.887673139572143555e+00 2.518820762634277344e+00 2.537099123001098633e+00 6.203134059906005859e-01
1.840726494789123535e+00 1.605053246021270752e-02 2.887673139572143555e+00 2.518820762634277344e+00 2.537099123001098633e+00 6.203134059906005859e-01
1.840726494789123535e+00 1.605053246021270752e-02 2.887673139572143555e+00 2.518820762634277344e+00 2.537099123001098633e+00 6.203134059906005859e-01
1.840726494789123535e+00 1.605053246021270752e-02 2.887673139572143555e+00 2.518820762634277344e+00 2.537099123001098633e+00 6.203134059906005859e-01
1.840726494789123535e+00 1.605053246021270752e-02 2.887673139572143555e+00 2.518820762634277344e+00 2.537099123001098633e+00 6.203134059906005859e-01
1.840726494789123535e+00 1.605053246021270752e-02 2.887673139572143555e+00 2.518820762634277344e+00 2.537099123001098633e+00 6.203134059906005859e-01
1.840726494789123535e+00 1.605053246021270752e-02 2.887673139572143555e+00 2.518820762634277344e+00 2.537099123001098633e+00 6.203134059906005859e-01
1.840726494789123535e+00 1.605053246021270752e-02 2.887673139572143555e+00 2.518820762634277344e+00 2.537099123001098633e+00 6.203134059906005859e-01
1.840726494789123535e+00 1.605053246021270752e-02 2.887673139572143555e+00 2.518820762634277344e+00 2.537099123001098633e+00 6.203134059906005859e-01
1.840726494789123535e+00 1.605053246021270752e-02 2.887673139572143555e+00 2.518820762634277344e+00 2.537099123001098633e+00 6.203134059906005859e-01
1.840726494789123535e+00 1.605053246021270752e-02 2.887673139572143555e+00 2.518820762634277344e+00 2.537099123001098633e+00 6.203134059906005859e-01
1.840726494789123535e+00 1.605053246021270752e-02 2.887673139572143555e+00 2.518820762634277344e+00 2.537099123001098633e+00 6.203134059906005859e-01
1.840726494789123535e+00 1.605053246021270752e-02 2.887673139572143555e+00 2.518820762634277344e+00 2.537099123001098633e+00 6.203134059906005859e-01
1.840726494789123535e+00 1.605053246021270752e-02 2.887673139572143555e+00 2.518820762634277344e+00 2.537099123001098633e+00 6.203134059906005859e-01
1.840726494789123535e+00 1.605053246021270752e-02 2.887673139572143555e+00 2.518820762634277344e+00 2.537099123001098633e+00 6.203134059906005859e-01
1.840726494789123535e+00 1.605053246021270752e-02 2.887673139572143555e+00 2.518820762634277344e+00 2.537099123001098633e+00 6.203134059906005859e-01
1.840726494789123535e+00 1.605053246021270752e-02 2.887673139572143555e+00 2.518820762634277344e+00 2.537099123001098633e+00 6.203134059906005859e-01
1.840726494789123535e+00 1.605053246021270752e-02 2.887673139572143555e+00 2.518820762634277344e+00 2.537099123001098633e+00 6.203134059906005859e-01
1.840726494789123535e+00 1.605053246021270752e-02 2.887673139572143555e+00 2.518820762634277344e+00 2.537099123001098633e+00 6.203134059906005859e-01
1.840726494789123535e+00 1.605053246021270752e-02 2.887673139572143555e+00 2.518820762634277344e+00 2.537099123001098633e+00 6.203134059906005859e-01
1.840726494789123535e+00 1.605053246021270752e-02 2.887673139572143555e+00 2.518820762634277344e+00 2.537099123001098633e+00 6.203134059906005859e-01
1.840726494789123535e+00 1.605053246021270752e-02 2.887673139572143555e+00 2.518820762634277344e+00 2.537099123001098633e+00 6.203134059906005859e-01
1.840726494789123535e+00 1.605053246021270752e-02 2.887673139572143555e+00 2.518820762634277344e+00 2.537099123001098633e+00 6.203134059906005859e-01
1.840726494789123535e+00 1.605053246021270752e-02 2.887673139572143555e+00 2.518820762634277344e+00 2.537099123001098633e+00 6.203134059906005859e-01
1.840726494789123535e+00 1.605053246021270752e-02 2.887673139572143555e+00 2.518820762634277344e+00 2.537099123001098633e+00 6.203134059906005859e-01
1.840726494789123535e+00 1.605053246021270752e-02 2.887673139572143555e+00 2.518820762634277344e+00 2.537099123001098633e+00 6.203134059906005859e-01
1.840726494789123535e+00 1.605053246021270752e-02 2.887673139572143555e+00 2.518820762634277344e+00 2.537099123001098633e+00 6.203134059906005859e-01
1.840726494789123535e+00 1.605053246021270752e-02 2.887673139572143555e+00 2.518820762634277344e+00 2.537099123001098633e+00 6.203134059906005859e-01
1.840726494789123535e+00 1.605053246021270752e-02 2.887673139572143555e+00 2.518820762634277344e+00 2.537099123001098633e+00 6.203134059906005859e-01
1.840726494789123535e+00 1.605053246021270752e-02 2.887673139572143555e+00 2.518820762634277344e+00 2.537099123001098633e+00 6.203134059906005859e-01
1.840726494789123535e+00 1.605053246021270752e-02 2.887673139572143555e+00 2.518820762634277344e+00 2.537099123001098633e+00 6.203134059906005859e-01
1.840726494789123535e+00 1.605053246021270752e-02 2.887673139572143555e+00 2.518820762634277344e+00 2.537099123001098633e+00 6.203134059906005859e-01
1.840726494789123535e+00 1.605053246021270752e-02 2.887673139572143555e+00 2.518820762634277344e+00 2.537099123001098633e+00 6.203134059906005859e-01
1.840726494789123535e+00 1.605053246021270752e-02 2.887673139572143555e+00 2.518820762634277344e+00 2.537099123001098633e+00 6.203134059906005859e-01
1.840726494789123535e+00 1.605053246021270752e-02 2.887673139572143555e+00 2.518820762634277344e+00 2.537099123001098633e+00 6.203134059906005859e-01
1.840726494789123535e+00 1.605053246021270752e-02 2.887673139572143555e+00 2.518820762634277344e+00 2.537099123001098633e+00 6.203134059906005859e-01
1.840726494789123535e+00 1.605053246021270752e-02 2.887673139572143555e+00 2.518820762634277344e+00 2.537099123001098633e+00 6.203134059906005859e-01
1.840726494789123535e+00 1.605053246021270752e-02 2.887673139572143555e+00 2.518820762634277344e+00 2.537099123001098633e+00 6.203134059906005859e-01
1.840726494789123535e+00 1.605053246021270752e-02 2.887673139572143555e+00 2.518820762634277344e+00 2.537099123001098633e+00 6.203134059906005859e-01
1.840726494789123535e+00 1.605053246021270752e-02 2.887673139572143555e+00 2.518820762634277344e+00 2.537099123001098633e+00 6.203134059906005859e-01
1.840726494789123535e+00 1.605053246021270752e-02 2.887673139572143555e+00 2.518820762634277344e+00 2.537099123001098633e+00 6.203134059906005859e-01
1.840726494789123535e+00 1.605053246021270752e-02 2.887673139572143555e+00 2.518820762634277344e+00 2.537099123001098633e+00 6.203134059906005859e-01
1.840726494789123535e+00 1.605053246021270752e-02 2.887673139572143555e+00 2.518820762634277344e+00 2.537099123001098633e+00 6.203134059906005859e-01
1.840726494789123535e+00 1.605053246021270752e-02 2.887673139572143555e+00 2.518820762634277344e+00 2.537099123001098633e+00 6.203134059906005859e-01
1.840726494789123535e+00 1.605053246021270752e-02 2.887673139572143555e+00 2.518820762634277344e+00 2.537099123001098633e+00 6.203134059906005859e-01
1.840726494789123535e+00 1.605053246021270752e-02 2.887673139572143555e+00 2.518820762634277344e+00 2.537099123001098633e+00 6.203134059906005859e-01
1.840726494789123535e+00 1.605053246021270752e-02 2.887673139572143555e+00 2.518820762634277344e+00 2.537099123001098633e+00 6.203134059906005859e-01
1.840726494789123535e+00 1.605053246021270752e-02 2.887673139572143555e+00 2.518820762634277344e+00 2.537099123001098633e+00 6.203134059906005859e-01
1.840726494789123535e+00 1.605053246021270752e-02 2.887673139572143555e+00 2.518820762634277344e+00 2.537099123001098633e+00 6.203134059906005859e-01
1.840726494789123535e+00 1.605053246021270752e-02 2.887673139572143555e+00 2.518820762634277344e+00 2.537099123001098633e+00 6.203134059906005859e-01
1.840726494789123535e+00 1.605053246021270752e-02 2.887673139572143555e+00 2.518820762634277344e+00 2.537099123001098633e+00 6.203134059906005859e-01
1.840726494789123535e+00 1.605053246021270752e-02 2.887673139572143555e+00 2.518820762634277344e+00 2.537099123001098633e+00 6.203134059906005859e-01
1.840726494789123535e+00 1.605053246021270752e-02 2.887673139572143555e+00 2.518820762634277344e+00 2.537099123001098633e+00 6.203134059906005859e-01
1.840726494789123535e+00 1.605053246021270752e-02 2.887673139572143555e+00 2.518820762634277344e+00 2.537099123001098633e+00 6.203134059906005859e-01
1.840726494789123535e+00 1.605053246021270752e-02 2.887673139572143555e+00 2.518820762634277344e+00 2.537099123001098633e+00 6.203134059906005859e-01
1.840726494789123535e+00 1.605053246021270752e-02 2.887673139572143555e+00 2.518820762634277344e+00 2.537099123001098633e+00 6.203134059906005859e-01
