0.000000000000000000e+00 0.000000000000000000e+00 0.000000000000000000e+00 0.000000000000000000e+00 0.000000000000000000e+00 0.000000000000000000e+00
0.000000000000000000e+00 0.000000000000000000e+00 0.000000000000000000e+00 0.000000000000000000e+00 0.000000000000000000e+00 0.000000000000000000e+00
0.000000000000000000e+00 0.000000000000000000e+00 0.000000000000000000e+00 0.000000000000000000e+00 0.000000000000000000e+00 0.000000000000000000e+00
0.000000000000000000e+00 0.000000000000000000e+00 0.000000000000000000e+00 0.000000000000000000e+00 0.000000000000000000e+00 0.000000000000000000e+00
0.000000000000000000e+00 0.000000000000000000e+00 0.000000000000000000e+00 0.000000000000000000e+00 0.000000000000000000e+00 0.000000000000000000e+00
0.000000000000000000e+00 0.000000000000000000e+00 0.000000000000000000e+00 0.000000000000000000e+00 0.000000000000000000e+00 0.000000000000000000e+00
0.000000000000000000e+00 0.000000000000000000e+00 0.000000000000000000e+00 0.000000000000000000e+00 0.000000000000000000e+00 0.000000000000000000e+00
0.000000000000000000e+00 0.000000000000000000e+00 0.000000000000000000e+00 0.000000000000000000e+00 0.000000000000000000e+00 0.000000000000000000e+00
0.000000000000000000e+00 0.000000000000000000e+00 0.000000000000000000e+00 0.000000000000000000e+00 0.000000000000000000e+00 0.000000000000000000e+00
0.000000000000000000e+00 0.000000000000000000e+00 0.000000000000000000e+00 0.000000000000000000e+00 0.000000000000000000e+00 0.000000000000000000e+00
0.000000000000000000e+00 0.000000000000000000e+00 0.000000000000000000e+00 0.000000000000000000e+00 0.000000000000000000e+00 0.000000000000000000e+00
0.000000000000000000e+00 0.000000000000000000e+00 0.000000000000000000e+00 0.000000000000000000e+00 0.000000000000000000e+00 0.000000000000000000e+00
0.000000000000000000e+00 0.000000000000000000e+00 0.000000000000000000e+00 0.000000000000000000e+00 0.000000000000000000e+00 0.000000000000000000e+00
0.000000000000000000e+00 0.000000000000000000e+00 0.000000000000000000e+00 0.000000000000000000e+00 0.000000000000000000e+00 0.000000000000000000e+00
0.000000000000000000e+00 0.000000000000000000e+00 0.000000000000000000e+00 0.000000000000000000e+00 0.000000000000000000e+00 0.000000000000000000e+00
0.000000000000000000e+00 0.000000000000000000e+00 0.000000000000000000e+00 0.000000000000000000e+00 0.000000000000000000e+00 0.000000000000000000e+00
0.000000000000000000e+00 0.000000000000000000e+00 0.000000000000000000e+00 0.000000000000000000e+00 0.000000000000000000e+00 0.000000000000000000e+00
0.000000000000000000e+00 0.000000000000000000e+00 0.000000000000000000e+00 0.000000000000000000e+00 0.000000000000000000e+00 0.000000000000000000e+00
0.000000000000000000e+00 0.000000000000000000e+00 0.000000000000000000e+00 0.000000000000000000e+00 0.000000000000000000e+00 0.000000000000000000e+00
0.000000000000000000e+00 0.000000000000000000e+00 0.000000000000000000e+00 0.000000000000000000e+00 0.000000000000000000e+00 0.000000000000000000e+00
0.000000000000000000e+00 0.000000000000000000e+00 0.000000000000000000e+00 0.000000000000000000e+00 0.000000000000000000e+00 0.000000000000000000e+00
0.000000000000000000e+00 0.000000000000000000e+00 0.000000000000000000e+00 0.000000000000000000e+00 0.000000000000000000e+00 0.000000000000000000e+00
0.000000000000000000e+00 0.000000000000000000e+00 0.000000000000000000e+00 0.000000000000000000e+00 0.000000000000000000e+00 0.000000000000000000e+00
0.000000000000000000e+00 0.000000000000000000e+00 0.000000000000000000e+00 0.000000000000000000e+00 0.000000000000000000e+00 0.000000000000000000e+00
0.000000000000000000e+00 0.000000000000000000e+00 0.000000000000000000e+00 0.000000000000000000e+00 0.000000000000000000e+00 0.000000000000000000e+00
0.000000000000000000e+00 0.000000000000000000e+00 0.000000000000000000e+00 0.000000000000000000e+00 0.000000000000000000e+00 0.000000000000000000e+00
0.000000000000000000e+00 0.000000000000000000e+00 0.000000000000000000e+00 0.000000000000000000e+00 0.000000000000000000e+00 0.000000000000000000e+00
0.000000000000000000e+00 0.000000000000000000e+00 0.000000000000000000e+00 0.000000000000000000e+00 0.000000000000000000e+00 0.000000000000000000e+00
0.000000000000000000e+00 0.000000000000000000e+00 0.000000000000000000e+00 0.000000000000000000e+00 0.000000000000000000e+00 0.000000000000000000e+00
0.000000000000000000e+00 0.000000000000000000e+00 0.000000000000000000e+00 0.000000000000000000e+00 0.000000000000000000e+00 0.000000000000000000e+00
0.000000000000000000e+00 0.000000000000000000e+00 0.000000000000000000e+00 0.000000000000000000e+00 0.000000000000000000e+00 0.000000000000000000e+00
0.000000000000000000e+00 0.000000000000000000e+00 0.000000000000000000e+00 0.000000000000000000e+00 0.000000000000000000e+00 0.000000000000000000e+00
0.000000000000000000e+00 0.000000000000000000e+00 0.000000000000000000e+00 0.000000000000000000e+00 0.000000000000000000e+00 0.000000000000000000e+00
0.000000000000000000e+00 0.000000000000000000e+00 0.000000000000000000e+00 0.000000000000000000e+00 0.000000000000000000e+00 0.000000000000000000e+00
0.000000000000000000e+00 0.000000000000000000e+00 0.000000000000000000e+00 0.000000000000000000e+00 0.000000000000000000e+00 0.000000000000000000e+00
0.000000000000000000e+00 0.000000000000000000e+00 0.000000000000000000e+00 0.000000000000000000e+00 0.000000000000000000e+00 0.000000000000000000e+00
0.000000000000000000e+00 0.000000000000000000e+00 0.000000000000000000e+00 0.000000000000000000e+00 0.000000000000000000e+00 0.000000000000000000e+00
0.000000000000000000e+00 0.000000000000000000e+00 0.000000000000000000e+00 0.000000000000000000e+00 0.000000000000000000e+00 0.000000000000000000e+00
0.000000000000000000e+00 0.000000000000000000e+00 0.000000000000000000e+00 0.000000000000000000e+00 0.000000000000000000e+00 0.000000000000000000e+00
0.000000000000000000e+00 0.000000000000000000e+00 0.000000000000000000e+00 0.000000000000000000e+00 0.000000000000000000e+00 0.000000000000000000e+00
0.000000000000000000e+00 0.000000000000000000e+00 0.000000000000000000e+00 0.000000000000000000e+00 0.000000000000000000e+00 0.000000000000000000e+00
0.000000000000000000e+00 0.000000000000000000e+00 0.000000000000000000e+00 0.000000000000000000e+00 0.000000000000000000e+00 0.000000000000000000e+00
0.000000000000000000e+00 0.000000000000000000e+00 0.000000000000000000e+00 0.000000000000000000e+00 0.000000000000000000e+00 0.000000000000000000e+00
0.000000000000000000e+00 0.000000000000000000e+00 0.000000000000000000e+00 0.000000000000000000e+00 0.000000000000000000e+00 0.000000000000000000e+00
0.000000000000000000e+00 0.000000000000000000e+00 0.000000000000000000e+00 0.000000000000000000e+00 0.000000000000000000e+00 0.000000000000000000e+00
0.000000000000000000e+00 0.000000000000000000e+00 0.000000000000000000e+00 0.000000000000000000e+00 0.000000000000000000e+00 0.000000000000000000e+00
0.000000000000000000e+00 0.000000000000000000e+00 0.000000000000000000e+00 0.000000000000000000e+00 0.000000000000000000e+00 0.000000000000000000e+00
0.000000000000000000e+00 0.000000000000000000e+00 0.000000000000000000e+00 0.000000000000000000e+00 0.000000000000000000e+00 0.000000000000000000e+00
0.000000000000000000e+00 0.000000000000000000e+00 0.000000000000000000e+00 0.000000000000000000e+00 0.000000000000000000e+00 0.000000000000000000e+00
0.000000000000000000e+00 0.000000000000000000e+00 0.000000000000000000e+00 0.000000000000000000e+00 0.000000000000000000e+00 0.000000000000000000e+00
0.000000000000000000e+00 0.000000000000000000e+00 0.000000000000000000e+00 0.000000000000000000e+00 0.000000000000000000e+00 0.000000000000000000e+00
0.000000000000000000e+00 0.000000000000000000e+00 0.000000000000000000e+00 0.000000000000000000e+00 0.000000000000000000e+00 0.000000000000000000e+00
0.000000000000000000e+00 0.000000000000000000e+00 0.000000000000000000e+00 0.000000000000000000e+00 0.000000000000000000e+00 0.000000000000000000e+00
0.000000000000000000e+00 0.000000000000000000e+00 0.000000000000000000e+00 0.000000000000000000e+00 0.000000000000000000e+00 0.000000000000000000e+00
0.000000000000000000e+00 0.000000000000000000e+00 0.000000000000000000e+00 0.000000000000000000e+00 0.000000000000000000e+00 0.000000000000000000e+00
0.000000000000000000e+00 0.000000000000000000e+00 0.000000000000000000e+00 0.000000000000000000e+00 0.000000000000000000e+00 0.000000000000000000e+00
0.000000000000000000e+00 0.000000000000000000e+00 0.000000000000000000e+00 0.000000000000000000e+00 0.000000000000000000e+00 0.000000000000000000e+00
0.000000000000000000e+00 0.000000000000000000e+00 0.000000000000000000e+00 0.000000000000000000e+00 0.000000000000000000e+00 0.000000000000000000e+00
0.000000000000000000e+00 0.000000000000000000e+00 0.000000000000000000e+00 0.000000000000000000e+00 0.000000000000000000e+00 0.000000000000000000e+00
0.000000000000000000e+00 0.000000000000000000e+00 0.000000000000000000e+00 0.000000000000000000e+00 0.000000000000000000e+00 0.000000000000000000e+00
0.000000000000000000e+00 0.000000000000000000e+00 0.000000000000000000e+00 0.000000000000000000e+00 0.000000000000000000e+00 0.000000000000000000e+00
0.000000000000000000e+00 0.000000000000000000e+00 0.000000000000000000e+00 0.000000000000000000e+00 0.000000000000000000e+00 0.000000000000000000e+00
0.000000000000000000e+00 0.000000000000000000e+00 0.000000000000000000e+00 0.000000000000000000e+00 0.000000000000000000e+00 0.000000000000000000e+00
0.000000000000000000e+00 0.000000000000000000e+00 0.000000000000000000e+00 0.000000000000000000e+00 0.000000000000000000e+00 0.000000000000000000e+00
0.000000000000000000e+00 0.000000000000000000e+00 0.000000000000000000e+00 0.000000000000000000e+00 0.000000000000000000e+00 0.000000000000000000e+00
0.000000000000000000e+00 0.000000000000000000e+00 0.000000000000000000e+00 0.000000000000000000e+00 0.000000000000000000e+00 0.000000000000000000e+00
0.000000000000000000e+00 0.000000000000000000e+00 0.000000000000000000e+00 0.000000000000000000e+00 0.000000000000000000e+00 0.000000000000000000e+00
0.000000000000000000e+00 0.000000000000000000e+00 0.000000000000000000e+00 0.000000000000000000e+00 0.000000000000000000e+00 0.000000000000000000e+00
0.000000000000000000e+00 0.000000000000000000e+00 0.000000000000000000e+00 0.000000000000000000e+00 0.000000000000000000e+00 0.000000000000000000e+00
0.000000000000000000e+00 0.000000000000000000e+00 0.000000000000000000e+00 0.000000000000000000e+00 0.000000000000000000e+00 0.000000000000000000e+00
0.000000000000000000e+00 0.000000000000000000e+00 0.000000000000000000e+00 0.000000000000000000e+00 0.000000000000000000e+00 0.000000000000000000e+00
0.000000000000000000e+00 0.000000000000000000e+00 0.000000000000000000e+00 0.000000000000000000e+00 0.000000000000000000e+00 0.000000000000000000e+00
0.000000000000000000e+00 0.000000000000000000e+00 0.000000000000000000e+00 0.000000000000000000e+00 0.000000000000000000e+00 0.000000000000000000e+00
0.000000000000000000e+00 0.000000000000000000e+00 0.000000000000000000e+00 0.000000000000000000e+00 0.000000000000000000e+00 0.000000000000000000e+00
0.000000000000000000e+00 0.000000000000000000e+00 0.000000000000000000e+00 0.000000000000000000e+00 0.000000000000000000e+00 0.000000000000000000e+00
0.000000000000000000e+00 0.000000000000000000e+00 0.000000000000000000e+00 0.000000000000000000e+00 0.000000000000000000e+00 0.000000000000000000e+00
0.000000000000000000e+00 0.000000000000000000e+00 0.000000000000000000e+00 0.000000000000000000e+00 0.000000000000000000e+00 0.000000000000000000e+00
0.000000000000000000e+00 0.000000000000000000e+00 0.000000000000000000e+00 0.000000000000000000e+00 0.000000000000000000e+00 0.000000000000000000e+00
0.000000000000000000e+00 0.000000000000000000e+00 0.000000000000000000e+00 0.000000000000000000e+00 0.000000000000000000e+00 0.000000000000000000e+00
0.000000000000000000e+00 0.000000000000000000e+00 0.000000000000000000e+00 0.000000000000000000e+00 0.000000000000000000e+00 0.000000000000000000e+00
0.000000000000000000e+00 0.000000000000000000e+00 0.000000000000000000e+00 0.000000000000000000e+00 0.000000000000000000e+00 0.000000000000000000e+00
0.000000000000000000e+00 0.000000000000000000e+00 0.000000000000000000e+00 0.000000000000000000e+00 0.000000000000000000e+00 0.000000000000000000e+00
0.000000000000000000e+00 0.000000000000000000e+00 0.000000000000000000e+00 0.000000000000000000e+00 0.000000000000000000e+00 0.000000000000000000e+00
0.000000000000000000e+00 0.000000000000000000e+00 0.000000000000000000e+00 0.000000000000000000e+00 0.000000000000000000e+00 0.000000000000000000e+00
0.000000000000000000e+00 0.000000000000000000e+00 0.000000000000000000e+00 0.000000000000000000e+00 0.000000000000000000e+00 0.000000000000000000e+00
0.000000000000000000e+00 0.000000000000000000e+00 0.000000000000000000e+00 0.000000000000000000e+00 0.000000000000000000e+00 0.000000000000000000e+00
0.000000000000000000e+00 0.000000000000000000e+00 0.000000000000000000e+00 0.000000000000000000e+00 0.000000000000000000e+00 0.000000000000000000e+00
0.000000000000000000e+00 0.000000000000000000e+00 0.000000000000000000e+00 0.000000000000000000e+00 0.000000000000000000e+00 0.000000000000000000e+00
0.000000000000000000e+00 0.000000000000000000e+00 0.000000000000000000e+00 0.000000000000000000e+00 0.000000000000000000e+00 0.000000000000000000e+00
0.000000000000000000e+00 0.000000000000000000e+00 0.000000000000000000e+00 0.000000000000000000e+00 0.000000000000000000e+00 0.000000000000000000e+00
0.000000000000000000e+00 0.000000000000000000e+00 0.000000000000000000e+00 0.000000000000000000e+00 0.000000000000000000e+00 0.000000000000000000e+00
0.000000000000000000e+00 0.000000000000000000e+00 0.000000000000000000e+00 0.000000000000000000e+00 0.000000000000000000e+00 0.000000000000000000e+00
0.000000000000000000e+00 0.000000000000000000e+00 0.000000000000000000e+00 0.000000000000000000e+00 0.000000000000000000e+00 0.000000000000000000e+00
0.000000000000000000e+00 0.000000000000000000e+00 0.000000000000000000e+00 0.000000000000000000e+00 0.000000000000000000e+00 0.000000000000000000e+00
0.000000000000000000e+00 0.000000000000000000e+00 0.000000000000000000e+00 0.000000000000000000e+00 0.000000000000000000e+00 0.000000000000000000e+00
0.000000000000000000e+00 0.000000000000000000e+00 0.000000000000000000e+00 0.000000000000000000e+00 0.000000000000000000e+00 0.000000000000000000e+00
0.000000000000000000e+00 0.000000000000000000e+00 0.000000000000000000e+00 0.000000000000000000e+00 0.000000000000000000e+00 0.000000000000000000e+00
0.000000000000000000e+00 0.000000000000000000e+00 0.000000000000000000e+00 0.000000000000000000e+00 0.000000000000000000e+00 0.000000000000000000e+00
0.000000000000000000e+00 0.000000000000000000e+00 0.000000000000000000e+00 0.000000000000000000e+00 0.000000000000000000e+00 0.000000000000000000e+00
0.000000000000000000e+00 0.000000000000000000e+00 0.000000000000000000e+00 0.000000000000000000e+00 0.000000000000000000e+00 0.000000000000000000e+00
0.000000000000000000e+00 0.000000000000000000e+00 0.000000000000000000e+00 0.000000000000000000e+00 0.000000000000000000e+00 0.000000000000000000e+00
0.000000000000000000e+00 0.000000000000000000e+00 0.000000000000000000e+00 0.000000000000000000e+00 0.000000000000000000e+00 0.000000000000000000e+00
0.000000000000000000e+00 0.000000000000000000e+00 0.000000000000000000e+00 0.000000000000000000e+00 0.000000000000000000e+00 0.000000000000000000e+00
0.000000000000000000e+00 0.000000000000000000e+00 0.000000000000000000e+00 0.000000000000000000e+00 0.000000000000000000e+00 0.000000000000000000e+00
0.000000000000000000e+00 0.000000000000000000e+00 0.000000000000000000e+00 0.000000000000000000e+00 0.000000000000000000e+00 0.000000000000000000e+00
0.000000000000000000e+00 0.000000000000000000e+00 0.000000000000000000e+00 0.000000000000000000e+00 0.000000000000000000e+00 0.000000000000000000e+00
0.000000000000000000e+00 0.000000000000000000e+00 0.000000000000000000e+00 0.000000000000000000e+00 0.000000000000000000e+00 0.000000000000000000e+00
0.000000000000000000e+00 0.000000000000000000e+00 0.000000000000000000e+00 0.000000000000000000e+00 0.000000000000000000e+00 0.000000000000000000e+00
0.000000000000000000e+00 0.000000000000000000e+00 0.000000000000000000e+00 0.000000000000000000e+00 0.000000000000000000e+00 0.000000000000000000e+00
0.000000000000000000e+00 0.000000000000000000e+00 0.000000000000000000e+00 0.000000000000000000e+00 0.000000000000000000e+00 0.000000000000000000e+00
0.000000000000000000e+00 0.000000000000000000e+00 0.000000000000000000e+00 0.000000000000000000e+00 0.000000000000000000e+00 0.000000000000000000e+00
0.000000000000000000e+00 0.000000000000000000e+00 0.000000000000000000e+00 0.000000000000000000e+00 0.000000000000000000e+00 0.000000000000000000e+00
0.000000000000000000e+00 0.000000000000000000e+00 0.000000000000000000e+00 0.000000000000000000e+00 0.000000000000000000e+00 0.000000000000000000e+00
0.000000000000000000e+00 0.000000000000000000e+00 0.000000000000000000e+00 0.000000000000000000e+00 0.000000000000000000e+00 0.000000000000000000e+00
0.000000000000000000e+00 0.000000000000000000e+00 0.000000000000000000e+00 0.000000000000000000e+00 0.000000000000000000e+00 0.000000000000000000e+00
0.000000000000000000e+00 0.000000000000000000e+00 0.000000000000000000e+00 0.000000000000000000e+00 0.000000000000000000e+00 0.000000000000000000e+00
0.000000000000000000e+00 0.000000000000000000e+00 0.000000000000000000e+00 0.000000000000000000e+00 0.000000000000000000e+00 0.000000000000000000e+00
0.000000000000000000e+00 0.000000000000000000e+00 0.000000000000000000e+00 0.000000000000000000e+00 0.000000000000000000e+00 0.000000000000000000e+00
0.000000000000000000e+00 0.000000000000000000e+00 0.000000000000000000e+00 0.000000000000000000e+00 0.000000000000000000e+00 0.000000000000000000e+00
0.000000000000000000e+00 0.000000000000000000e+00 0.000000000000000000e+00 0.000000000000000000e+00 0.000000000000000000e+00 0.000000000000000000e+00
6.677551269531250000e-01 1.320738792419433594e+00 2.623285770416259766e+00 1.260395169258117676e+00 1.539736628532409668e+00 1.243578314781188965e+00
1.387962698936462402e+00 2.228371620178222656e+00 3.000000000000000000e+00 1.122514963150024414e+00 1.615254759788513184e+00 1.479036092758178711e+00
1.153308272361755371e+00 9.300786852836608887e-01 2.554366111755371094e+00 1.210091948509216309e+00 2.065289258956909180e+00 1.216565728187561035e+00
2.104274272918701172e+00 1.923994302749633789e+00 3.000000000000000000e+00 1.175378322601318359e+00 2.090525865554809570e+00 4.194011390209197998e-01
1.914130210876464844e+00 3.761179149150848389e-01 2.679566144943237305e+00 1.896858692169189453e+00 2.162771940231323242e+00 1.271801948547363281e+00
9.936242103576660156e-01 8.696821928024291992e-01 2.518281459808349609e+00 2.032483100891113281e+00 2.489523172378540039e+00 1.228856325149536133e+00
1.331434130668640137e+00 1.512252330780029297e+00 2.593661308288574219e+00 1.657389044761657715e+00 2.198863029479980469e+00 1.099248886108398438e+00
1.396344900131225586e+00 1.878808617591857910e+00 3.000000000000000000e+00 9.947939515113830566e-01 1.416473507881164551e+00 1.110568791627883911e-01
7.372136712074279785e-01 1.358174204826354980e+00 1.902826905250549316e+00 1.243423938751220703e+00 1.728933691978454590e+00 1.619787693023681641e+00
0.000000000000000000e+00 8.821141719818115234e-01 3.000000000000000000e+00 9.635512232780456543e-01 1.379864335060119629e+00 8.970220685005187988e-01
0.000000000000000000e+00 2.367508649826049805e+00 3.000000000000000000e+00 1.653569459915161133e+00 1.452598571777343750e+00 1.250302910804748535e+00
0.000000000000000000e+00 1.752580165863037109e+00 3.000000000000000000e+00 1.213036060333251953e+00 1.962801814079284668e+00 1.650718331336975098e+00
3.441196084022521973e-01 8.717240691184997559e-01 2.732853412628173828e+00 1.607700467109680176e+00 1.320051550865173340e+00 1.116604685783386230e+00
0.000000000000000000e+00 9.772757887840270996e-01 2.853646993637084961e+00 1.899341940879821777e+00 1.336016535758972168e+00 1.868957400321960449e+00
6.789156794548034668e-01 1.185142397880554199e+00 2.820872783660888672e+00 1.407104253768920898e+00 1.327220559120178223e+00 0.000000000000000000e+00
1.103106260299682617e+00 1.243337273597717285e+00 2.567419767379760742e+00 1.305857658386230469e+00 7.037623524665832520e-01 1.217545792460441589e-01
1.278320908546447754e+00 7.869784832000732422e-01 3.000000000000000000e+00 7.264504432678222656e-01 1.264305353164672852e+00 0.000000000000000000e+00
1.519495368003845215e+00 1.064276695251464844e+00 2.885199785232543945e+00 1.872619867324829102e+00 8.045731782913208008e-01 0.000000000000000000e+00
5.683458447456359863e-01 8.507105708122253418e-02 1.902735233306884766e+00 1.878880143165588379e+00 1.696930885314941406e+00 5.837499499320983887e-01
1.736687302589416504e+00 1.689520001411437988e+00 2.612031459808349609e+00 1.310879588127136230e+00 1.032031536102294922e+00 9.107552170753479004e-01
1.698027849197387695e+00 7.510654926300048828e-01 2.648354291915893555e+00 5.519697070121765137e-01 1.610816597938537598e+00 7.999833822250366211e-01
3.843735903501510620e-02 1.062426924705505371e+00 2.764520168304443359e+00 9.158065319061279297e-01 1.678811669349670410e+00 0.000000000000000000e+00
1.500890016555786133e+00 3.386767506599426270e-01 1.655588626861572266e+00 1.379825115203857422e+00 1.384058594703674316e+00 6.574697494506835938e-01
8.305341601371765137e-01 5.756281018257141113e-01 3.000000000000000000e+00 1.509978175163269043e+00 1.794643759727478027e+00 7.602820396423339844e-01
1.417626023292541504e+00 6.415040791034698486e-02 2.893015384674072266e+00 1.096919417381286621e+00 2.252379655838012695e+00 6.458096504211425781e-01
9.272585511207580566e-01 8.296176791191101074e-02 2.511188507080078125e+00 1.615581035614013672e+00 1.807934999465942383e+00 0.000000000000000000e+00
7.121045589447021484e-01 0.000000000000000000e+00 2.348416566848754883e+00 1.615793704986572266e+00 2.465307950973510742e+00 7.608434557914733887e-02
3.724557161331176758e-01 1.315484046936035156e+00 2.329864978790283203e+00 5.993247628211975098e-01 1.698324799537658691e+00 9.432699680328369141e-01
5.644006133079528809e-01 3.375908732414245605e-01 2.424950122833251953e+00 1.613545536994934082e+00 1.221842646598815918e+00 7.801495194435119629e-01
9.891448616981506348e-01 9.391421079635620117e-01 3.000000000000000000e+00 4.534490704536437988e-01 2.433706283569335938e+00 7.279765605926513672e-01
7.659601569175720215e-01 1.788378000259399414e+00 2.546644687652587891e+00 1.266490101814270020e+00 1.473312377929687500e+00 1.188479304313659668e+00
6.542671322822570801e-01 2.545177042484283447e-01 1.849482774734497070e+00 0.000000000000000000e+00 1.826597213745117188e+00 1.324107408523559570e+00
1.300674676895141602e+00 1.286402225494384766e+00 2.363634824752807617e+00 9.952951669692993164e-01 6.434354782104492188e-01 1.467419564723968506e-01
8.375410437583923340e-01 4.898156523704528809e-01 2.343434810638427734e+00 0.000000000000000000e+00 1.695300936698913574e+00 9.576759338378906250e-01
1.455240368843078613e+00 1.019450783729553223e+00 2.397006273269653320e+00 5.918502211570739746e-01 2.259625434875488281e+00 1.765897989273071289e+00
8.754469752311706543e-01 1.948990702629089355e+00 2.471219062805175781e+00 8.214861899614334106e-02 3.795660734176635742e-01 9.701822996139526367e-01
1.238909006118774414e+00 1.280256271362304688e+00 2.611463546752929688e+00 5.559168457984924316e-01 4.805895090103149414e-01 1.518386602401733398e+00
7.851802706718444824e-01 1.262824296951293945e+00 2.340514421463012695e+00 1.718222618103027344e+00 4.366167783737182617e-01 2.070176601409912109e+00
5.721621587872505188e-02 2.213602542877197266e+00 2.266925096511840820e+00 8.960213661193847656e-01 1.626246452331542969e+00 9.554266333580017090e-01
1.282653927803039551e+00 1.105768799781799316e+00 2.010774374008178711e+00 8.163077831268310547e-01 7.965979576110839844e-01 2.010062217712402344e+00
3.107024729251861572e-01 1.196320414543151855e+00 1.889228224754333496e+00 1.115245223045349121e+00 1.617114543914794922e+00 1.072951436042785645e+00
8.291242122650146484e-01 9.817254543304443359e-01 2.339116096496582031e+00 1.463210105895996094e+00 1.563969135284423828e+00 1.117672204971313477e+00
2.463454008102416992e-01 1.800688862800598145e+00 2.451494455337524414e+00 7.952793240547180176e-01 1.865540146827697754e+00 8.648101687431335449e-01
8.958769589662551880e-02 2.221557378768920898e+00 2.547082662582397461e+00 1.297541022300720215e+00 2.538850069046020508e+00 1.298363566398620605e+00
8.823101520538330078e-01 1.030155658721923828e+00 1.437801122665405273e+00 1.123240351676940918e+00 2.868131637573242188e+00 9.668861031532287598e-01
9.219604730606079102e-01 8.418900370597839355e-01 1.945615291595458984e+00 2.588462531566619873e-01 2.085085391998291016e+00 0.000000000000000000e+00
1.098819255828857422e+00 6.621207594871520996e-01 1.942541599273681641e+00 1.702701210975646973e+00 2.462759733200073242e+00 1.360119730234146118e-01
1.989546418190002441e+00 6.609030365943908691e-01 2.102679252624511719e+00 1.115659236907958984e+00 1.465593457221984863e+00 1.106827735900878906e+00
1.970806360244750977e+00 2.735078632831573486e-01 2.439159154891967773e+00 8.067070245742797852e-01 1.994335889816284180e+00 9.982607513666152954e-02
1.364886879920959473e+00 0.000000000000000000e+00 1.500550985336303711e+00 9.704230427742004395e-01 1.207373142242431641e+00 1.036725282669067383e+00
1.812924504280090332e+00 3.386983573436737061e-01 1.929313182830810547e+00 1.511634349822998047e+00 1.371359229087829590e+00 0.000000000000000000e+00
1.699411034584045410e+00 0.000000000000000000e+00 1.200696229934692383e+00 1.107147574424743652e+00 1.609748125076293945e+00 0.000000000000000000e+00
3.714871108531951904e-01 6.546537876129150391e-01 2.204720735549926758e+00 2.699444293975830078e+00 2.064793348312377930e+00 1.943346112966537476e-01
1.304061412811279297e+00 3.063881695270538330e-01 2.429853916168212891e+00 1.748244881629943848e+00 1.160782217979431152e+00 0.000000000000000000e+00
4.392517805099487305e-01 5.600229501724243164e-01 1.759249925613403320e+00 2.033725500106811523e+00 1.326164841651916504e+00 9.144962579011917114e-02
0.000000000000000000e+00 5.888843536376953125e-01 1.825399637222290039e+00 6.360391378402709961e-01 1.363152503967285156e+00 4.909536540508270264e-01
5.916734039783477783e-02 5.704456567764282227e-01 3.000000000000000000e+00 2.177839279174804688e+00 1.104963541030883789e+00 4.115159511566162109e-01
7.800468802452087402e-01 8.455656170845031738e-01 1.840138435363769531e+00 1.922194361686706543e+00 1.321929454803466797e+00 5.242563486099243164e-01
2.699037492275238037e-01 7.629400584846735001e-03 1.670603036880493164e+00 2.287638425827026367e+00 1.862484574317932129e+00 4.761570096015930176e-01
4.173691570758819580e-01 6.565043330192565918e-01 2.586912155151367188e+00 2.017230033874511719e+00 7.608467340469360352e-01 2.622618675231933594e-01
1.040680170059204102e+00 0.000000000000000000e+00 2.261734485626220703e+00 1.162452459335327148e+00 1.003284573554992676e+00 5.026956796646118164e-01
1.806988954544067383e+00 2.059582471847534180e+00 2.712760686874389648e+00 1.140157938003540039e+00 1.920681476593017578e+00 1.000473856925964355e+00
1.609264135360717773e+00 9.928937554359436035e-01 1.915253520011901855e+00 1.387737989425659180e+00 2.271880626678466797e+00 3.543967306613922119e-01
1.027527093887329102e+00 2.076170206069946289e+00 3.000000000000000000e+00 1.701470851898193359e+00 2.414237976074218750e+00 2.354317009449005127e-01
1.830439865589141846e-01 8.384363651275634766e-01 2.832896471023559570e+00 1.148029446601867676e+00 2.865398645401000977e+00 3.053414225578308105e-01
7.603077292442321777e-01 9.344913959503173828e-01 2.240784883499145508e+00 1.474503636360168457e+00 2.215412855148315430e+00 5.750000476837158203e-01
1.986740231513977051e-01 2.345311880111694336e+00 3.000000000000000000e+00 9.815863966941833496e-01 1.928822636604309082e+00 6.798071265220642090e-01
8.097431063652038574e-01 1.307106852531433105e+00 2.378044843673706055e+00 1.461723327636718750e+00 2.441064357757568359e+00 6.738092303276062012e-01
7.489556670188903809e-01 2.234187602996826172e+00 1.538811564445495605e+00 9.883915185928344727e-01 1.484952807426452637e+00 1.513580203056335449e+00
3.320918381214141846e-01 2.026000499725341797e+00 2.796177387237548828e+00 1.020888328552246094e+00 2.061525344848632812e+00 1.281155586242675781e+00
2.034727782011032104e-01 1.488809585571289062e+00 2.563526391983032227e+00 3.846070766448974609e-01 1.796428203582763672e+00 8.708934783935546875e-01
2.307534404098987579e-02 2.502560317516326904e-01 3.000000000000000000e+00 8.617630004882812500e-01 1.443869590759277344e+00 0.000000000000000000e+00
0.000000000000000000e+00 1.260400414466857910e+00 3.000000000000000000e+00 4.212431609630584717e-01 1.318154096603393555e+00 8.988984227180480957e-01
0.000000000000000000e+00 1.077036499977111816e+00 3.000000000000000000e+00 3.479177355766296387e-01 1.484044432640075684e+00 6.858917474746704102e-01
4.674386680126190186e-01 1.145646810531616211e+00 2.348437786102294922e+00 5.657918453216552734e-01 9.117215275764465332e-01 8.149155378341674805e-01
1.403164386749267578e+00 9.887858629226684570e-01 3.000000000000000000e+00 2.555265724658966064e-01 5.501921176910400391e-01 3.732020556926727295e-01
1.405885696411132812e+00 1.010855197906494141e+00 2.670671701431274414e+00 2.454898506402969360e-01 8.511545062065124512e-01 0.000000000000000000e+00
1.104837179183959961e+00 1.447609663009643555e+00 2.823717594146728516e+00 6.610671989619731903e-03 1.186511874198913574e+00 0.000000000000000000e+00
1.522558331489562988e+00 2.408816367387771606e-01 2.476459741592407227e+00 1.379981160163879395e+00 1.146083831787109375e+00 0.000000000000000000e+00
2.040128946304321289e+00 1.506548762321472168e+00 3.000000000000000000e+00 6.584156155586242676e-01 1.376679420471191406e+00 4.326683580875396729e-01
3.211714923381805420e-01 1.284970164299011230e+00 2.192087888717651367e+00 9.579477906227111816e-01 9.545534253120422363e-01 1.921097785234451294e-01
1.031369447708129883e+00 1.152418136596679688e+00 3.000000000000000000e+00 7.372530698776245117e-01 1.775585651397705078e+00 8.670920729637145996e-01
1.059489011764526367e+00 9.745274186134338379e-01 3.000000000000000000e+00 1.103068351745605469e+00 2.293949842453002930e+00 0.000000000000000000e+00
1.283956766128540039e+00 4.730387032032012939e-01 2.543969154357910156e+00 9.720345735549926758e-01 2.567808866500854492e+00 0.000000000000000000e+00
0.000000000000000000e+00 8.179631829261779785e-02 2.109886646270751953e+00 7.133763432502746582e-01 2.154954671859741211e+00 5.557266995310783386e-03
7.225348949432373047e-01 4.188339710235595703e-01 1.809245467185974121e+00 1.323483228683471680e+00 1.419876337051391602e+00 0.000000000000000000e+00
6.631333827972412109e-01 1.031224608421325684e+00 2.899971008300781250e+00 1.003065347671508789e+00 2.389407634735107422e+00 5.054644346237182617e-01
5.738702416419982910e-01 1.787815093994140625e-01 2.610310554504394531e+00 1.303891658782958984e+00 1.364334106445312500e+00 1.275102138519287109e+00
1.037199497222900391e+00 8.729585409164428711e-01 2.795729875564575195e+00 8.010413646697998047e-01 2.500735759735107422e+00 1.209104061126708984e+00
6.075347959995269775e-02 0.000000000000000000e+00 2.563543081283569336e+00 1.089941382408142090e+00 1.630886673927307129e+00 0.000000000000000000e+00
8.128750920295715332e-01 1.031500101089477539e+00 2.484242200851440430e+00 1.311451435089111328e+00 1.552788972854614258e+00 5.315001010894775391e-01
1.009791970252990723e+00 1.134898424148559570e+00 2.431916713714599609e+00 1.365417957305908203e+00 1.400799512863159180e+00 6.348983645439147949e-01
1.161491990089416504e+00 1.232361555099487305e+00 2.380342245101928711e+00 1.411491990089416504e+00 1.268438696861267090e+00 7.323616147041320801e-01
1.241571545600891113e+00 1.319601655006408691e+00 2.330087423324584961e+00 1.448678135871887207e+00 1.168749094009399414e+00 8.196016550064086914e-01
1.236092805862426758e+00 1.392780423164367676e+00 2.281706809997558594e+00 1.476173400878906250e+00 1.111553788185119629e+00 8.927804231643676758e-01
1.146009445190429688e+00 1.448678135871887207e+00 2.235733747482299805e+00 1.493383884429931641e+00 1.102488756179809570e+00 9.486781358718872070e-01
9.870004057884216309e-01 1.484835624694824219e+00 2.192675590515136719e+00 1.499937891960144043e+00 1.142447113990783691e+00 9.848355650901794434e-01
7.867413759231567383e-01 1.499661922454833984e+00 2.153006792068481445e+00 1.495693802833557129e+00 1.227491617202758789e+00 9.996619224548339844e-01
5.800874233245849609e-01 1.492504954338073730e+00 2.117165565490722656e+00 1.480743288993835449e+00 1.349242091178894043e+00 9.925048947334289551e-01
4.030068814754486084e-01 1.463679313659667969e+00 2.085546493530273438e+00 1.455409288406372070e+00 1.495701551437377930e+00 9.636793136596679688e-01
2.863206565380096436e-01 1.414453506469726562e+00 2.058498859405517578e+00 1.420238971710205078e+00 1.652438402175903320e+00 9.144535064697265625e-01
2.503380477428436279e-01 1.346993088722229004e+00 2.036320686340332031e+00 1.375992059707641602e+00 1.804008007049560547e+00 8.469930887222290039e-01
3.013218641281127930e-01 1.264266252517700195e+00 2.019256591796875000e+00 1.323624134063720703e+00 1.935475230216979980e+00 7.642662525177001953e-01
4.303983151912689209e-01 1.169912576675415039e+00 2.007495164871215820e+00 1.264266252517700195e+00 2.033885717391967773e+00 6.699125766754150391e-01
6.151016354560852051e-01 1.068083286285400391e+00 2.001165628433227539e+00 1.199200510978698730e+00 2.089542150497436523e+00 5.680833458900451660e-01
8.232840299606323242e-01 9.632586240768432617e-01 2.000338077545166016e+00 1.129832386970520020e+00 2.096960306167602539e+00 4.632586538791656494e-01
1.018711328506469727e+00 8.600504398345947266e-01 2.005021572113037109e+00 1.057659864425659180e+00 2.055409431457519531e+00 3.600504696369171143e-01
1.167369246482849121e+00 7.629995942115783691e-01 2.015164375305175781e+00 9.842421412467956543e-01 1.968983530998229980e+00 2.629995942115783691e-01
1.243383884429931641e+00 6.763759255409240723e-01 2.030654907226562500e+00 9.111646413803100586e-01 1.846199035644531250e+00 1.763758957386016846e-01
1.233524799346923828e+00 6.039905548095703125e-01 2.051321744918823242e+00 8.400059342384338379e-01 1.699154853820800781e+00 1.039905548095703125e-01
1.139508008956909180e+00 5.490282773971557617e-01 2.076937675476074219e+00 7.723029255867004395e-01 1.542340040206909180e+00 4.902826249599456787e-02
9.776970744132995605e-01 5.139071941375732422e-01 2.107219696044921875e+00 7.095178365707397461e-01 1.391206979751586914e+00 1.390717085450887680e-02
7.762554287910461426e-01 5.001724958419799805e-01 2.141833782196044922e+00 6.530069112777709961e-01 1.260647892951965332e+00 1.724854373605921865e-04
5.702439546585083008e-01 5.084285140037536621e-01 2.180398225784301758e+00 6.039905548095703125e-01 1.163527607917785645e+00 8.428485132753849030e-03
3.955191373825073242e-01 5.383119583129882812e-01 2.222487926483154297e+00 5.635275840759277344e-01 1.109416127204895020e+00 3.831193596124649048e-02
2.824918925762176514e-01 5.885080695152282715e-01 2.267638444900512695e+00 5.324918627738952637e-01 1.103645563125610352e+00 8.850806951522827148e-02
2.508346438407897949e-01 6.568084359169006348e-01 2.315351724624633789e+00 5.115538239479064941e-01 1.146784424781799316e+00 1.568084210157394409e-01
3.060573935508728027e-01 7.402080297470092773e-01 2.365101575851440430e+00 5.011656284332275391e-01 1.234582066535949707e+00 2.402080297470092773e-01
4.385485649108886719e-01 8.350375890731811523e-01 2.416339397430419922e+00 5.015516281127929688e-01 1.358386874198913574e+00 3.350375890731811523e-01
6.252480149269104004e-01 9.371249079704284668e-01 2.468499898910522461e+00 5.127035975456237793e-01 1.505999684333801270e+00 4.371249079704284668e-01
8.336606025695800781e-01 1.041978478431701660e+00 2.521007776260375977e+00 5.343805551528930664e-01 1.662875056266784668e+00 5.419785380363464355e-01
1.027512073516845703e+00 1.144985198974609375e+00 2.573284149169921875e+00 5.661143660545349121e-01 1.813554883003234863e+00 6.449851989746093750e-01
1.173062324523925781e+00 1.241613030433654785e+00 2.624752044677734375e+00 6.072195768356323242e-01 1.943191528320312500e+00 7.416130900382995605e-01
1.244978427886962891e+00 1.327610850334167480e+00 2.674844026565551758e+00 6.568084359169006348e-01 2.039011001586914062e+00 8.276107907295227051e-01
1.230743288993835449e+00 1.399194717407226562e+00 2.723007440567016602e+00 7.138097882270812988e-01 2.091571569442749023e+00 8.991947770118713379e-01
1.132834553718566895e+00 1.453215599060058594e+00 2.768711328506469727e+00 7.769924998283386230e-01 2.095693826675415039e+00 9.532155394554138184e-01
9.682932496070861816e-01 1.487296462059020996e+00 2.811451435089111328e+00 8.449919223785400391e-01 2.050971746444702148e+00 9.872964024543762207e-01
7.657578587532043457e-01 1.499937891960144043e+00 2.850756406784057617e+00 9.163393974304199219e-01 1.961812138557434082e+00 9.999378919601440430e-01
5.604798793792724609e-01 1.490583896636962891e+00 2.886192560195922852e+00 9.894937872886657715e-01 1.837000370025634766e+00 9.905838370323181152e-01
3.881879150867462158e-01 1.459645867347717285e+00 2.917369365692138672e+00 1.062875151634216309e+00 1.688835382461547852e+00 9.596458077430725098e-01
2.788695394992828369e-01 1.408484935760498047e+00 2.943942546844482422e+00 1.134898424148559570e+00 1.531916618347167969e+00 9.084849357604980469e-01
2.515516579151153564e-01 1.339352130889892578e+00 2.965619325637817383e+00 1.204007983207702637e+00 1.381706714630126953e+00 8.393521308898925781e-01
3.109889626502990723e-01 1.255289077758789062e+00 2.982160568237304688e+00 1.268711328506469727e+00 1.253006935119628906e+00 7.552890181541442871e-01
4.468363523483276367e-01 1.159994125366210938e+00 2.993383884429931641e+00 1.327610850334167480e+00 1.158498764038085938e+00 6.599940657615661621e-01
6.354495286941528320e-01 1.057659864425659180e+00 2.999165296554565430e+00 1.379434227943420410e+00 1.107495069503784180e+00 5.576599240303039551e-01
8.440002799034118652e-01 9.527889490127563477e-01 2.999441146850585938e+00 1.423062324523925781e+00 1.105021595954895020e+00 4.527889490127563477e-01
1.036190271377563477e+00 8.499950766563415527e-01 2.994208574295043945e+00 1.457552790641784668e+00 1.151321887969970703e+00 3.499950766563415527e-01
1.178568601608276367e+00 7.538009285926818848e-01 2.983524799346923828e+00 1.482160687446594238e+00 1.241833806037902832e+00 2.538009285926818848e-01
1.246354460716247559e+00 6.684386730194091797e-01 2.967508077621459961e+00 1.496354460716247559e+00 1.367638468742370605e+00 1.684386730194091797e-01
1.227749466896057129e+00 5.976639986038208008e-01 2.946335077285766602e+00 1.499827504158020020e+00 1.516339421272277832e+00 9.766397625207901001e-02
1.125992059707641602e+00 5.445906519889831543e-01 2.920238971710205078e+00 1.492504954338073730e+00 1.673284053802490234e+00 4.459067434072494507e-02
9.587929844856262207e-01 5.115538239479064941e-01 2.889508008956909180e+00 1.474544763565063477e+00 1.823007464408874512e+00 1.155381463468074799e-02
7.552533745765686035e-01 5.000069141387939453e-01 2.854480981826782227e+00 1.446334958076477051e+00 1.950756311416625977e+00 6.899798336235107854e-06
5.507994294166564941e-01 5.104579329490661621e-01 2.815543889999389648e+00 1.408484935760498047e+00 2.043942689895629883e+00 1.045795623213052750e-02
3.810164630413055420e-01 5.424471497535705566e-01 2.773126840591430664e+00 1.361812114715576172e+00 2.093384027481079102e+00 4.244717210531234741e-02
2.754552364349365234e-01 5.945671200752258301e-01 2.727697134017944336e+00 1.307324528694152832e+00 2.094208478927612305e+00 9.456713497638702393e-02
2.524887621402740479e-01 6.645247340202331543e-01 2.679755926132202148e+00 1.246199131011962891e+00 2.046334981918334961e+00 1.645247489213943481e-01
3.161143660545349121e-01 7.492421269416809082e-01 2.629832267761230469e+00 1.179756045341491699e+00 1.954480886459350586e+00 2.492421120405197144e-01
4.552579820156097412e-01 8.449919223785400391e-01 2.578476667404174805e+00 1.109430432319641113e+00 1.827697157859802246e+00 3.449919521808624268e-01
6.457015872001647949e-01 9.475616216659545898e-01 2.526255369186401367e+00 1.036741375923156738e+00 1.678476691246032715e+00 4.475616216659545898e-01
8.542984127998352051e-01 1.052438378334045410e+00 2.473744630813598633e+00 9.632586240768432617e-01 1.521523356437683105e+00 5.524383783340454102e-01
1.044741988182067871e+00 1.155008077621459961e+00 2.421523332595825195e+00 8.905695080757141113e-01 1.372302889823913574e+00 6.550080776214599609e-01
1.183885574340820312e+00 1.250757932662963867e+00 2.370167732238769531e+00 8.202439546585083008e-01 1.245519161224365234e+00 7.507578730583190918e-01
1.247511267662048340e+00 1.335475206375122070e+00 2.320244073867797852e+00 7.538009285926818848e-01 1.153664946556091309e+00 8.354752659797668457e-01
1.224544763565063477e+00 1.405432820320129395e+00 2.272302865982055664e+00 6.926754713058471680e-01 1.105791568756103516e+00 9.054328799247741699e-01
1.118983507156372070e+00 1.457552790641784668e+00 2.226873159408569336e+00 6.381878852844238281e-01 1.106616020202636719e+00 9.575528502464294434e-01
9.492005705833435059e-01 1.489542007446289062e+00 2.184456110000610352e+00 5.915150642395019531e-01 1.156057357788085938e+00 9.895420670509338379e-01
7.447466254234313965e-01 1.499993085861206055e+00 2.145519018173217773e+00 5.536649823188781738e-01 1.249243617057800293e+00 9.999930858612060547e-01
5.412070155143737793e-01 1.488446235656738281e+00 2.110491991043090820e+00 5.254552364349365234e-01 1.376992464065551758e+00 9.884461760520935059e-01
3.740079402923583984e-01 1.455409288406372070e+00 2.079761028289794922e+00 5.074951052665710449e-01 1.526715993881225586e+00 9.554093480110168457e-01
2.722504734992980957e-01 1.402336001396179199e+00 2.053664922714233398e+00 5.001724958419799805e-01 1.683660626411437988e+00 9.023360013961791992e-01
2.536455690860748291e-01 1.331561326980590820e+00 2.032491922378540039e+00 5.036455392837524414e-01 1.832361578941345215e+00 8.315613269805908203e-01
3.214313685894012451e-01 1.246199131011962891e+00 2.016475200653076172e+00 5.178393125534057617e-01 1.958166241645812988e+00 7.461990714073181152e-01
4.638097882270812988e-01 1.150004863739013672e+00 2.005791425704956055e+00 5.424471497535705566e-01 2.048678159713745117e+00 6.500049233436584473e-01
6.559997200965881348e-01 1.047211050987243652e+00 2.000558853149414062e+00 5.769376158714294434e-01 2.094978570938110352e+00 5.472110509872436523e-01
8.645504713058471680e-01 9.423400759696960449e-01 2.000834703445434570e+00 6.205657720565795898e-01 2.092504978179931641e+00 4.423400759696960449e-01
1.053163647651672363e+00 8.400059342384338379e-01 2.006616115570068359e+00 6.723892092704772949e-01 2.041501283645629883e+00 3.400059342384338379e-01
1.189011096954345703e+00 7.447109818458557129e-01 2.017839431762695312e+00 7.312886714935302734e-01 1.946993112564086914e+00 2.447109669446945190e-01
1.248448371887207031e+00 6.606478691101074219e-01 2.034380674362182617e+00 7.959919571876525879e-01 1.818293213844299316e+00 1.606478542089462280e-01
1.221130490303039551e+00 5.915150642395019531e-01 2.056057453155517578e+00 8.651016354560852051e-01 1.668083310127258301e+00 9.151505678892135620e-02
1.111812114715576172e+00 5.403541922569274902e-01 2.082630634307861328e+00 9.371249079704284668e-01 1.511164665222167969e+00 4.035418108105659485e-02
9.395201206207275391e-01 5.094161629676818848e-01 2.113807439804077148e+00 1.010506272315979004e+00 1.362999558448791504e+00 9.416141547262668610e-03
7.342421412467956543e-01 5.000621080398559570e-01 2.149243593215942383e+00 1.083660602569580078e+00 1.238187909126281738e+00 6.209703860804438591e-05
5.317067503929138184e-01 5.127035975456237793e-01 2.188548564910888672e+00 1.155008077621459961e+00 1.149028301239013672e+00 1.270359475165605545e-02
3.671654462814331055e-01 5.467844605445861816e-01 2.231288671493530273e+00 1.223007440567016602e+00 1.104306221008300781e+00 4.678445309400558472e-02
2.692566812038421631e-01 6.008052229881286621e-01 2.276992559432983398e+00 1.286190271377563477e+00 1.108428478240966797e+00 1.008052304387092590e-01
2.550215423107147217e-01 6.723892092704772949e-01 2.325155973434448242e+00 1.343191623687744141e+00 1.160988926887512207e+00 1.723891943693161011e-01
3.269376456737518311e-01 7.583869099617004395e-01 2.375247955322265625e+00 1.392780423164367676e+00 1.256808400154113770e+00 2.583869099617004395e-01
4.724879562854766846e-01 8.550148010253906250e-01 2.426715850830078125e+00 1.433885574340820312e+00 1.386445045471191406e+00 3.550147712230682373e-01
6.663393974304199219e-01 9.580214619636535645e-01 2.478992223739624023e+00 1.465619444847106934e+00 1.537124872207641602e+00 4.580214917659759521e-01
8.747519850730895996e-01 1.062875151634216309e+00 2.531500101089477539e+00 1.487296462059020996e+00 1.694000244140625000e+00 5.628750920295715332e-01
1.061451435089111328e+00 1.164962410926818848e+00 2.583660602569580078e+00 1.498448371887207031e+00 1.841613054275512695e+00 6.649624109268188477e-01
1.193942666053771973e+00 1.259791970252990723e+00 2.634898424148559570e+00 1.498834371566772461e+00 1.965417981147766113e+00 7.597919702529907227e-01
1.249165296554565430e+00 1.343191623687744141e+00 2.684648275375366211e+00 1.488446235656738281e+00 2.053215503692626953e+00 8.431915640830993652e-01
1.217508077621459961e+00 1.411491990089416504e+00 2.732361555099487305e+00 1.467508077621459961e+00 2.096354484558105469e+00 9.114919304847717285e-01
1.104480862617492676e+00 1.461688041687011719e+00 2.777512073516845703e+00 1.436472415924072266e+00 2.090583801269531250e+00 9.616880416870117188e-01
9.297560453414916992e-01 1.491571545600891113e+00 2.819601774215698242e+00 1.396009445190429688e+00 2.036472320556640625e+00 9.915714859962463379e-01
7.237445712089538574e-01 1.499827504158020020e+00 2.858166217803955078e+00 1.346993088722229004e+00 1.939352154731750488e+00 9.998275041580200195e-01
5.223029255867004395e-01 1.486092805862426758e+00 2.892780303955078125e+00 1.290482163429260254e+00 1.808792948722839355e+00 9.860928058624267578e-01
3.604919910430908203e-01 1.450971722602844238e+00 2.923062324523925781e+00 1.227697134017944336e+00 1.657659888267517090e+00 9.509717226028442383e-01
2.664751708507537842e-01 1.396009445190429688e+00 2.948678255081176758e+00 1.159994125366210938e+00 1.500845193862915039e+00 8.960094451904296875e-01
2.566160857677459717e-01 1.323624134063720703e+00 2.969345092773437500e+00 1.088835358619689941e+00 1.353800892829895020e+00 8.236240744590759277e-01
3.326306939125061035e-01 1.237000465393066406e+00 2.984835624694824219e+00 1.015757918357849121e+00 1.231016516685485840e+00 7.370004057884216309e-01
4.812886714935302734e-01 1.139949560165405273e+00 2.994978427886962891e+00 9.423400759696960449e-01 1.144590616226196289e+00 6.399495601654052734e-01
6.767159700393676758e-01 1.036741375923156738e+00 2.999661922454833984e+00 8.701676726341247559e-01 1.103039741516113281e+00 5.367413759231567383e-01
8.848983645439147949e-01 9.319166541099548340e-01 2.998834371566772461e+00 8.007994294166564941e-01 1.110457897186279297e+00 4.319166839122772217e-01
1.069601655006408691e+00 8.300874233245849609e-01 2.992504835128784180e+00 7.357337474822998047e-01 1.166114330291748047e+00 3.300874233245849609e-01
1.198678135871887207e+00 7.357337474822998047e-01 2.980743408203125000e+00 6.763759255409240723e-01 1.264524698257446289e+00 2.357337623834609985e-01
1.249661922454833984e+00 6.530069112777709961e-01 2.963679313659667969e+00 6.240079402923583984e-01 1.395991921424865723e+00 1.530068814754486084e-01
1.213679313659667969e+00 5.855464935302734375e-01 2.941501140594482422e+00 5.797609686851501465e-01 1.547561645507812500e+00 8.554650843143463135e-02
1.096993088722229004e+00 5.363206863403320312e-01 2.914453506469726562e+00 5.445906519889831543e-01 1.704298377037048340e+00 3.632065653800964355e-02
9.199125766754150391e-01 5.074951052665710449e-01 2.882834434509277344e+00 5.192567110061645508e-01 1.850757837295532227e+00 7.495096884667873383e-03
7.132586240768432617e-01 5.003380775451660156e-01 2.846993207931518555e+00 5.043061971664428711e-01 1.972508311271667480e+00 3.380527778062969446e-04
5.129995942115783691e-01 5.151644349098205566e-01 2.807324409484863281e+00 5.000621080398559570e-01 2.057552814483642578e+00 1.516440976411104202e-02
3.539905548095703125e-01 5.513218641281127930e-01 2.764266252517700195e+00 5.066160559654235840e-01 2.097511291503906250e+00 5.132186040282249451e-02
2.639071643352508545e-01 6.072195768356323242e-01 2.718293190002441406e+00 5.238265991210937500e-01 2.088446140289306641e+00 1.072195991873741150e-01
2.584284842014312744e-01 6.803983449935913086e-01 2.669912576675415039e+00 5.513218641281127930e-01 2.031250953674316406e+00 1.803983151912689209e-01
3.385080695152282715e-01 7.676383852958679199e-01 2.619657754898071289e+00 5.885080695152282715e-01 1.931561350822448730e+00 2.676384150981903076e-01
4.902080297470092773e-01 8.651016354560852051e-01 2.568083286285400391e+00 6.345820426940917969e-01 1.799200534820556641e+00 3.651016056537628174e-01
6.871249079704284668e-01 9.684998989105224609e-01 2.515757799148559570e+00 6.885485649108886719e-01 1.647211074829101562e+00 4.684998691082000732e-01
8.949851989746093750e-01 1.073284029960632324e+00 2.463258743286132812e+00 7.492421269416809082e-01 1.490569472312927246e+00 5.732840299606323242e-01
1.077610850334167480e+00 1.174843907356262207e+00 2.411164760589599609e+00 8.153517246246337891e-01 1.344710946083068848e+00 6.748439669609069824e-01
1.203215599060058594e+00 1.268711328506469727e+00 2.360050439834594727e+00 8.854495286941528320e-01 1.224007964134216309e+00 7.687113285064697266e-01
1.249937891960144043e+00 1.350756406784057617e+00 2.310479879379272461e+00 9.580214619636535645e-01 1.140354156494140625e+00 8.507563471794128418e-01
1.209645867347717285e+00 1.417369246482849121e+00 2.262999534606933594e+00 1.031500101089477539e+00 1.101992726325988770e+00 9.173693060874938965e-01
1.089352130889892578e+00 1.465619444847106934e+00 2.218133211135864258e+00 1.104298353195190430e+00 1.112703561782836914e+00 9.656194448471069336e-01
9.099940657615661621e-01 1.493383884429931641e+00 2.176375865936279297e+00 1.174843907356262207e+00 1.171431422233581543e+00 9.933839440345764160e-01
7.027889490127563477e-01 1.499441266059875488e+00 2.138187885284423828e+00 1.241613030433654785e+00 1.272389173507690430e+00 9.994412064552307129e-01
5.038009285926818848e-01 1.483524799346923828e+00 2.103990554809570312e+00 1.303163647651672363e+00 1.405628919601440430e+00 9.835247993469238281e-01
3.476639688014984131e-01 1.446334958076477051e+00 2.074161052703857422e+00 1.358166217803955078e+00 1.558021426200866699e+00 9.463350176811218262e-01
2.615538239479064941e-01 1.389508008956909180e+00 2.049028158187866211e+00 1.405432820320129395e+00 1.714550495147705078e+00 8.895080089569091797e-01
2.604579627513885498e-01 1.315544009208679199e+00 2.028869628906250000e+00 1.443942666053771973e+00 1.859791994094848633e+00 8.155439496040344238e-01
3.445671498775482178e-01 1.227697134017944336e+00 2.013907194137573242e+00 1.472863674163818359e+00 1.979434251785278320e+00 7.276970744132995605e-01
4.992420971393585205e-01 1.129832386970520020e+00 2.004306077957153320e+00 1.491571545600891113e+00 2.061687946319580078e+00 6.298323273658752441e-01
6.975616216659545898e-01 1.026255369186401367e+00 2.000172376632690430e+00 1.499661922454833984e+00 2.098448276519775391e+00 5.262554287910461426e-01
9.050080776214599609e-01 9.215233325958251953e-01 2.001551628112792969e+00 1.496960282325744629e+00 2.086092710494995117e+00 4.215233325958251953e-01
1.085475206375122070e+00 8.202439546585083008e-01 2.008428573608398438e+00 1.483524799346923828e+00 2.025839090347290039e+00 3.202439546585083008e-01
1.207552790641784668e+00 7.268732190132141113e-01 2.020727157592773438e+00 1.459645867347717285e+00 1.923624157905578613e+00 2.268732339143753052e-01
1.249993085861206055e+00 6.455191373825073242e-01 2.038311958312988281e+00 1.425838947296142578e+00 1.789520144462585449e+00 1.455191373825073242e-01
1.205409288406372070e+00 5.797609686851501465e-01 2.060988903045654297e+00 1.382834553718566895e+00 1.636741399765014648e+00 7.976097613573074341e-02
1.081561326980590820e+00 5.324918627738952637e-01 2.088508129119873047e+00 1.331561326980590820e+00 1.480342149734497070e+00 3.249187767505645752e-02
9.000049233436584473e-01 5.057915449142456055e-01 2.120565652847290039e+00 1.273126721382141113e+00 1.335733771324157715e+00 5.791528150439262390e-03
6.923400759696960449e-01 5.008346438407897949e-01 2.156808376312255859e+00 1.208793044090270996e+00 1.217165470123291016e+00 8.346451795659959316e-04
4.947109818458557129e-01 5.178393125534057617e-01 2.196836233139038086e+00 1.139949560165405273e+00 1.136320710182189941e+00 1.783931441605091095e-02
3.415150642395019531e-01 5.560573935508728027e-01 2.240207910537719727e+00 1.068083286285400391e+00 1.101165652275085449e+00 5.605738982558250427e-02
2.594161331653594971e-01 6.138073801994323730e-01 2.286445140838623047e+00 9.947466254234313965e-01 1.115164399147033691e+00 1.138074100017547607e-01
2.627035975456237793e-01 6.885485649108886719e-01 2.335037469863891602e+00 9.215233325958251953e-01 1.176937580108642578e+00 1.885485649108886719e-01
3.508052229881286621e-01 7.769924998283386230e-01 2.385449409484863281e+00 8.499950766563415527e-01 1.280398368835449219e+00 2.769925296306610107e-01
5.083869099617004395e-01 8.752480149269104004e-01 2.437124967575073242e+00 7.817067503929138184e-01 1.415351748466491699e+00 3.752480149269104004e-01
7.080214619636535645e-01 9.789921641349792480e-01 2.489493846893310547e+00 7.181333303451538086e-01 1.568499922752380371e+00 4.789921939373016357e-01
9.149624109268188477e-01 1.083660602569580078e+00 2.541978597640991211e+00 6.606478691101074219e-01 1.724751949310302734e+00 5.836606025695800781e-01
1.093191623687744141e+00 1.184648275375366211e+00 2.594000339508056641e+00 6.104919910430908203e-01 1.868711352348327637e+00 6.846482753753662109e-01
1.211688041687011719e+00 1.277512073516845703e+00 2.644985198974609375e+00 5.687490701675415039e-01 1.986192584037780762e+00 7.775120735168457031e-01
1.249827504158020020e+00 1.358166217803955078e+00 2.694370985031127930e+00 5.363206863403320312e-01 2.065619468688964844e+00 8.581662178039550781e-01
1.200971722602844238e+00 1.423062324523925781e+00 2.741613149642944336e+00 5.139071941375732422e-01 2.099165439605712891e+00 9.230623841285705566e-01
1.073624134063720703e+00 1.469345211982727051e+00 2.786190271377563477e+00 5.019927024841308594e-01 2.083524942398071289e+00 9.693452119827270508e-01
8.899495601654052734e-01 1.494978427886962891e+00 2.827610731124877930e+00 5.008346438407897949e-01 2.020239114761352539e+00 9.949784874916076660e-01
6.819166541099548340e-01 1.498834371566772461e+00 2.865417957305908203e+00 5.104579329490661621e-01 1.915543913841247559e+00 9.988343715667724609e-01
4.857337474822998047e-01 1.480743288993835449e+00 2.899194717407226562e+00 5.306547880172729492e-01 1.779756069183349609e+00 9.807432889938354492e-01
3.355464935302734375e-01 1.441501140594482422e+00 2.928568601608276367e+00 5.609889626502990723e-01 1.626255393028259277e+00 9.415012001991271973e-01
2.574951052665710449e-01 1.382834553718566895e+00 2.953215599060058594e+00 6.008052229881286621e-01 1.470167636871337891e+00 8.828345537185668945e-01
2.651644051074981689e-01 1.307324528694152832e+00 2.972863674163818359e+00 6.492436528205871582e-01 1.326873183250427246e+00 8.073245286941528320e-01
3.572196066379547119e-01 1.218293190002441406e+00 2.987296342849731445e+00 7.052580118179321289e-01 1.210492014884948730e+00 7.182932496070861816e-01
5.176383852958679199e-01 1.119657874107360840e+00 2.996354341506958008e+00 7.676383852958679199e-01 1.132491827011108398e+00 6.196578145027160645e-01
7.184998989105224609e-01 1.015757918357849121e+00 2.999938011169433594e+00 8.350375890731811523e-01 1.100558757781982422e+00 5.157578587532043457e-01
9.248439669609069824e-01 9.111646413803100586e-01 2.998007297515869141e+00 9.059997200965881348e-01 1.117839336395263672e+00 4.111646413803100586e-01
1.100756406784057617e+00 8.104798793792724609e-01 2.990583896636962891e+00 9.789921641349792480e-01 1.182630658149719238e+00 3.104798793792724609e-01
1.215619444847106934e+00 7.181333303451538086e-01 2.977749586105346680e+00 1.052438378334045410e+00 1.288548588752746582e+00 2.181333154439926147e-01
1.249441266059875488e+00 6.381878852844238281e-01 2.959645748138427734e+00 1.124751925468444824e+00 1.425155997276306152e+00 1.381879150867462158e-01
1.196334958076477051e+00 5.741609930992126465e-01 2.936472415924072266e+00 1.194371104240417480e+00 1.578992247581481934e+00 7.416100054979324341e-02
1.065544009208679199e+00 5.288695096969604492e-01 2.908484935760498047e+00 1.259791970252990723e+00 1.734898328781127930e+00 2.886953949928283691e-02
8.798323273658752441e-01 5.043061971664428711e-01 2.875992059707641602e+00 1.319601655006408691e+00 1.877512097358703613e+00 4.306188318878412247e-03
6.715233325958251953e-01 5.015516281127929688e-01 2.839352130889892578e+00 1.372508406639099121e+00 1.992780447006225586e+00 1.551655004732310772e-03
4.768732190132141113e-01 5.207271575927734375e-01 2.798969268798828125e+00 1.417369246482849121e+00 2.069345235824584961e+00 2.072712779045104980e-02
3.297609686851501465e-01 5.609889626502990723e-01 2.755289077758789062e+00 1.453215599060058594e+00 2.099662065505981445e+00 6.098895519971847534e-02
2.557915151119232178e-01 6.205657720565795898e-01 2.708792924880981445e+00 1.479272842407226562e+00 2.080743312835693359e+00 1.205657497048377991e-01
2.678393125534057617e-01 6.968363523483276367e-01 2.659994125366210938e+00 1.494978427886962891e+00 2.014453411102294922e+00 1.968363523483276367e-01
3.638074100017547607e-01 7.864450812339782715e-01 2.609430551528930664e+00 1.499993085861206055e+00 1.907324552536010742e+00 2.864450812339782715e-01
5.269924998283386230e-01 8.854495286941528320e-01 2.557659864425659180e+00 1.494208455085754395e+00 1.769912600517272949e+00 3.854495286941528320e-01
7.289921641349792480e-01 9.894937872886657715e-01 2.505253314971923828e+00 1.477749466896057129e+00 1.615757942199707031e+00 4.894937872886657715e-01
9.346482753753662109e-01 1.094000220298767090e+00 2.452788829803466797e+00 1.450971722602844238e+00 1.460050463676452637e+00 5.940002799034118652e-01
1.108166217803955078e+00 1.194371104240417480e+00 2.400845289230346680e+00 1.414453506469726562e+00 1.318133354187011719e+00 6.943710446357727051e-01
1.219345211982727051e+00 1.286190271377563477e+00 2.349995136260986328e+00 1.368983507156372070e+00 1.203990578651428223e+00 7.861902117729187012e-01
1.248834371566772461e+00 1.365417957305908203e+00 2.300799369812011719e+00 1.315544009208679199e+00 1.128869533538818359e+00 8.654179573059082031e-01
1.191501140594482422e+00 1.428568601608276367e+00 2.253800868988037109e+00 1.255289077758789062e+00 1.100172519683837891e+00 9.285686016082763672e-01
1.057324528694152832e+00 1.472863674163818359e+00 2.209517955780029297e+00 1.189520120620727539e+00 1.120727181434631348e+00 9.728637337684631348e-01
8.696578145027160645e-01 1.496354460716247559e+00 2.168438673019409180e+00 1.119657874107360840e+00 1.188508033752441406e+00 9.963544607162475586e-01
6.611646413803100586e-01 1.498007297515869141e+00 2.131016492843627930e+00 1.047211050987243652e+00 1.296836376190185547e+00 9.980072975158691406e-01
4.681333005428314209e-01 1.477749466896057129e+00 2.097663879394531250e+00 9.737445712089538574e-01 1.435037612915039062e+00 9.777495265007019043e-01
3.241609930992126465e-01 1.436472415924072266e+00 2.068749189376831055e+00 9.008451700210571289e-01 1.589493751525878906e+00 9.364724159240722656e-01
2.543061971664428711e-01 1.375992059707641602e+00 2.044590711593627930e+00 8.300874233245849609e-01 1.744985222816467285e+00 8.759920597076416016e-01
2.707271277904510498e-01 1.298969388008117676e+00 2.025455236434936523e+00 7.629995942115783691e-01 1.886190176010131836e+00 7.989693284034729004e-01
3.705657422542572021e-01 1.208793044090270996e+00 2.011553764343261719e+00 7.010306715965270996e-01 1.999194741249084473e+00 7.087929844856262207e-01
5.364450812339782715e-01 1.109430432319641113e+00 2.003039836883544922e+00 6.455191373825073242e-01 2.072863817214965820e+00 6.094304919242858887e-01
7.394937872886657715e-01 1.005253434181213379e+00 2.000006914138793945e+00 5.976639986038208008e-01 2.099937915802001953e+00 5.052533745765686035e-01
9.443710446357727051e-01 9.008451700210571289e-01 2.002488851547241211e+00 5.584987998008728027e-01 2.077749490737915039e+00 4.008451998233795166e-01
1.115417957305908203e+00 8.007994294166564941e-01 2.010457992553710938e+00 5.288695096969604492e-01 2.008484840393066406e+00 3.007994592189788818e-01
1.222863674163818359e+00 7.095178365707397461e-01 2.023826599121093750e+00 5.094161629676818848e-01 1.898969292640686035e+00 2.095178514719009399e-01
1.248007297515869141e+00 6.310164332389831543e-01 2.042447090148925781e+00 5.005587935447692871e-01 1.759994029998779297e+00 1.310164630413055420e-01
1.186472415924072266e+00 5.687490701675415039e-01 2.066114425659179688e+00 5.024887919425964355e-01 1.605253458023071289e+00 6.874907016754150391e-02
1.048969388008117676e+00 5.254552364349365234e-01 2.094567060470581055e+00 5.151644349098205566e-01 1.449995040893554688e+00 2.545523643493652344e-02
8.594304919242858887e-01 5.030397176742553711e-01 2.127491712570190430e+00 5.383119583129882812e-01 1.309517860412597656e+00 3.039733041077852249e-03
6.508451700210571289e-01 5.024887919425964355e-01 2.164524793624877930e+00 5.714313983917236328e-01 1.197664022445678711e+00 2.488765399903059006e-03
4.595178663730621338e-01 5.238265991210937500e-01 2.205257892608642578e+00 6.138073801994323730e-01 1.125455260276794434e+00 2.382657490670681000e-02
3.187490701675415039e-01 5.661143660545349121e-01 2.249242067337036133e+00 6.645247340202331543e-01 1.100006937980651855e+00 6.611437350511550903e-02
2.530397474765777588e-01 6.274916529655456543e-01 2.295991897583007812e+00 7.224879264831542969e-01 1.123826622962951660e+00 1.274916380643844604e-01
2.738265693187713623e-01 7.052580118179321289e-01 2.344991922378540039e+00 7.864450812339782715e-01 1.194567084312438965e+00 2.052579820156097412e-01
3.774916529655456543e-01 7.959919571876525879e-01 2.395701646804809570e+00 8.550148010253906250e-01 1.305258035659790039e+00 2.959919571876525879e-01
5.459919571876525879e-01 8.957015872001647949e-01 2.447561502456665039e+00 9.267159700393676758e-01 1.444991946220397949e+00 3.957015872001647949e-01
7.500000000000000000e-01 1.000000000000000000e+00 2.500000000000000000e+00 1.000000000000000000e+00 1.600000023841857910e+00 5.000000000000000000e-01
