0.000000000000000000e+00 0.000000000000000000e+00 0.000000000000000000e+00 0.000000000000000000e+00 0.000000000000000000e+00 0.000000000000000000e+00
0.000000000000000000e+00 0.000000000000000000e+00 0.000000000000000000e+00 0.000000000000000000e+00 0.000000000000000000e+00 0.000000000000000000e+00
0.000000000000000000e+00 0.000000000000000000e+00 0.000000000000000000e+00 0.000000000000000000e+00 0.000000000000000000e+00 0.000000000000000000e+00
0.000000000000000000e+00 0.000000000000000000e+00 0.000000000000000000e+00 0.000000000000000000e+00 0.000000000000000000e+00 0.000000000000000000e+00
0.000000000000000000e+00 0.000000000000000000e+00 0.000000000000000000e+00 0.000000000000000000e+00 0.000000000000000000e+00 0.000000000000000000e+00
0.000000000000000000e+00 0.000000000000000000e+00 0.000000000000000000e+00 0.000000000000000000e+00 0.000000000000000000e+00 0.000000000000000000e+00
0.000000000000000000e+00 0.000000000000000000e+00 0.000000000000000000e+00 0.000000000000000000e+00 0.000000000000000000e+00 0.000000000000000000e+00
0.000000000000000000e+00 0.000000000000000000e+00 0.000000000000000000e+00 0.000000000000000000e+00 0.000000000000000000e+00 0.000000000000000000e+00
0.000000000000000000e+00 0.000000000000000000e+00 0.000000000000000000e+00 0.000000000000000000e+00 0.000000000000000000e+00 0.000000000000000000e+00
0.000000000000000000e+00 0.000000000000000000e+00 0.000000000000000000e+00 0.000000000000000000e+00 0.000000000000000000e+00 0.000000000000000000e+00
0.000000000000000000e+00 0.000000000000000000e+00 0.000000000000000000e+00 0.000000000000000000e+00 0.000000000000000000e+00 0.000000000000000000e+00
0.000000000000000000e+00 0.000000000000000000e+00 0.000000000000000000e+00 0.000000000000000000e+00 0.000000000000000000e+00 0.000000000000000000e+00
0.000000000000000000e+00 0.000000000000000000e+00 0.000000000000000000e+00 0.000000000000000000e+00 0.000000000000000000e+00 0.000000000000000000e+00
0.000000000000000000e+00 0.000000000000000000e+00 0.000000000000000000e+00 0.000000000000000000e+00 0.000000000000000000e+00 0.000000000000000000e+00
0.000000000000000000e+00 0.000000000000000000e+00 0.000000000000000000e+00 0.000000000000000000e+00 0.000000000000000000e+00 0.000000000000000000e+00
0.000000000000000000e+00 0.000000000000000000e+00 0.000000000000000000e+00 0.000000000000000000e+00 0.000000000000000000e+00 0.000000000000000000e+00
0.000000000000000000e+00 0.000000000000000000e+00 0.000000000000000000e+00 0.000000000000000000e+00 0.000000000000000000e+00 0.000000000000000000e+00
0.000000000000000000e+00 0.000000000000000000e+00 0.000000000000000000e+00 0.000000000000000000e+00 0.000000000000000000e+00 0.000000000000000000e+00
0.000000000000000000e+00 0.000000000000000000e+00 0.000000000000000000e+00 0.000000000000000000e+00 0.000000000000000000e+00 0.000000000000000000e+00
0.000000000000000000e+00 0.000000000000000000e+00 0.000000000000000000e+00 0.000000000000000000e+00 0.000000000000000000e+00 0.000000000000000000e+00
0.000000000000000000e+00 0.000000000000000000e+00 0.000000000000000000e+00 0.000000000000000000e+00 0.000000000000000000e+00 0.000000000000000000e+00
0.000000000000000000e+00 0.000000000000000000e+00 0.000000000000000000e+00 0.000000000000000000e+00 0.000000000000000000e+00 0.000000000000000000e+00
0.000000000000000000e+00 0.000000000000000000e+00 0.000000000000000000e+00 0.000000000000000000e+00 0.000000000000000000e+00 0.000000000000000000e+00
0.000000000000000000e+00 0.000000000000000000e+00 0.000000000000000000e+00 0.000000000000000000e+00 0.000000000000000000e+00 0.000000000000000000e+00
0.000000000000000000e+00 0.000000000000000000e+00 0.000000000000000000e+00 0.000000000000000000e+00 0.000000000000000000e+00 0.000000000000000000e+00
0.000000000000000000e+00 0.000000000000000000e+00 0.000000000000000000e+00 0.000000000000000000e+00 0.000000000000000000e+00 0.000000000000000000e+00
0.000000000000000000e+00 0.000000000000000000e+00 0.000000000000000000e+00 0.000000000000000000e+00 0.000000000000000000e+00 0.000000000000000000e+00
0.000000000000000000e+00 0.000000000000000000e+00 0.000000000000000000e+00 0.000000000000000000e+00 0.000000000000000000e+00 0.000000000000000000e+00
0.000000000000000000e+00 0.000000000000000000e+00 0.000000000000000000e+00 0.000000000000000000e+00 0.000000000000000000e+00 0.000000000000000000e+00
0.000000000000000000e+00 0.000000000000000000e+00 0.000000000000000000e+00 0.000000000000000000e+00 0.000000000000000000e+00 0.000000000000000000e+00
0.000000000000000000e+00 0.000000000000000000e+00 0.000000000000000000e+00 0.000000000000000000e+00 0.000000000000000000e+00 0.000000000000000000e+00
0.000000000000000000e+00 0.000000000000000000e+00 0.000000000000000000e+00 0.000000000000000000e+00 0.000000000000000000e+00 0.000000000000000000e+00
0.000000000000000000e+00 0.000000000000000000e+00 0.000000000000000000e+00 0.000000000000000000e+00 0.000000000000000000e+00 0.000000000000000000e+00
0.000000000000000000e+00 0.000000000000000000e+00 0.000000000000000000e+00 0.000000000000000000e+00 0.000000000000000000e+00 0.000000000000000000e+00
0.000000000000000000e+00 0.000000000000000000e+00 0.000000000000000000e+00 0.000000000000000000e+00 0.000000000000000000e+00 0.000000000000000000e+00
0.000000000000000000e+00 0.000000000000000000e+00 0.000000000000000000e+00 0.000000000000000000e+00 0.000000000000000000e+00 0.000000000000000000e+00
0.000000000000000000e+00 0.000000000000000000e+00 0.000000000000000000e+00 0.000000000000000000e+00 0.000000000000000000e+00 0.000000000000000000e+00
0.000000000000000000e+00 0.000000000000000000e+00 0.000000000000000000e+00 0.000000000000000000e+00 0.000000000000000000e+00 0.000000000000000000e+00
0.000000000000000000e+00 0.000000000000000000e+00 0.000000000000000000e+00 0.000000000000000000e+00 0.000000000000000000e+00 0.000000000000000000e+00
0.000000000000000000e+00 0.000000000000000000e+00 0.000000000000000000e+00 0.000000000000000000e+00 0.000000000000000000e+00 0.000000000000000000e+00
0.000000000000000000e+00 0.000000000000000000e+00 0.000000000000000000e+00 0.000000000000000000e+00 0.000000000000000000e+00 0.000000000000000000e+00
0.000000000000000000e+00 0.000000000000000000e+00 0.000000000000000000e+00 0.000000000000000000e+00 0.000000000000000000e+00 0.000000000000000000e+00
0.000000000000000000e+00 0.000000000000000000e+00 0.000000000000000000e+00 0.000000000000000000e+00 0.000000000000000000e+00 0.000000000000000000e+00
0.000000000000000000e+00 0.000000000000000000e+00 0.000000000000000000e+00 0.000000000000000000e+00 0.000000000000000000e+00 0.000000000000000000e+00
0.000000000000000000e+00 0.000000000000000000e+00 0.000000000000000000e+00 0.000000000000000000e+00 0.000000000000000000e+00 0.000000000000000000e+00
0.000000000000000000e+00 0.000000000000000000e+00 0.000000000000000000e+00 0.000000000000000000e+00 0.000000000000000000e+00 0.000000000000000000e+00
0.000000000000000000e+00 0.000000000000000000e+00 0.000000000000000000e+00 0.000000000000000000e+00 0.000000000000000000e+00 0.000000000000000000e+00
0.000000000000000000e+00 0.000000000000000000e+00 0.000000000000000000e+00 0.000000000000000000e+00 0.000000000000000000e+00 0.000000000000000000e+00
0.000000000000000000e+00 0.000000000000000000e+00 0.000000000000000000e+00 0.000000000000000000e+00 0.000000000000000000e+00 0.000000000000000000e+00
0.000000000000000000e+00 0.000000000000000000e+00 0.000000000000000000e+00 0.000000000000000000e+00 0.000000000000000000e+00 0.000000000000000000e+00
0.000000000000000000e+00 0.000000000000000000e+00 0.000000000000000000e+00 0.000000000000000000e+00 0.000000000000000000e+00 0.000000000000000000e+00
0.000000000000000000e+00 0.000000000000000000e+00 0.000000000000000000e+00 0.000000000000000000e+00 0.000000000000000000e+00 0.000000000000000000e+00
0.000000000000000000e+00 0.000000000000000000e+00 0.000000000000000000e+00 0.000000000000000000e+00 0.000000000000000000e+00 0.000000000000000000e+00
0.000000000000000000e+00 0.000000000000000000e+00 0.000000000000000000e+00 0.000000000000000000e+00 0.000000000000000000e+00 0.000000000000000000e+00
0.000000000000000000e+00 0.000000000000000000e+00 0.000000000000000000e+00 0.000000000000000000e+00 0.000000000000000000e+00 0.000000000000000000e+00
0.000000000000000000e+00 0.000000000000000000e+00 0.000000000000000000e+00 0.000000000000000000e+00 0.000000000000000000e+00 0.000000000000000000e+00
0.000000000000000000e+00 0.000000000000000000e+00 0.000000000000000000e+00 0.000000000000000000e+00 0.000000000000000000e+00 0.000000000000000000e+00
0.000000000000000000e+00 0.000000000000000000e+00 0.000000000000000000e+00 0.000000000000000000e+00 0.000000000000000000e+00 0.000000000000000000e+00
0.000000000000000000e+00 0.000000000000000000e+00 0.000000000000000000e+00 0.000000000000000000e+00 0.000000000000000000e+00 0.000000000000000000e+00
0.000000000000000000e+00 0.000000000000000000e+00 0.000000000000000000e+00 0.000000000000000000e+00 0.000000000000000000e+00 0.000000000000000000e+00
0.000000000000000000e+00 0.000000000000000000e+00 0.000000000000000000e+00 0.000000000000000000e+00 0.000000000000000000e+00 0.000000000000000000e+00
0.000000000000000000e+00 0.000000000000000000e+00 0.000000000000000000e+00 0.000000000000000000e+00 0.000000000000000000e+00 0.000000000000000000e+00
0.000000000000000000e+00 0.000000000000000000e+00 0.000000000000000000e+00 0.000000000000000000e+00 0.000000000000000000e+00 0.000000000000000000e+00
0.000000000000000000e+00 0.000000000000000000e+00 0.000000000000000000e+00 0.000000000000000000e+00 0.000000000000000000e+00 0.000000000000000000e+00
0.000000000000000000e+00 0.000000000000000000e+00 0.000000000000000000e+00 0.000000000000000000e+00 0.000000000000000000e+00 0.000000000000000000e+00
0.000000000000000000e+00 0.000000000000000000e+00 0.000000000000000000e+00 0.000000000000000000e+00 0.000000000000000000e+00 0.000000000000000000e+00
0.000000000000000000e+00 0.000000000000000000e+00 0.000000000000000000e+00 0.000000000000000000e+00 0.000000000000000000e+00 0.000000000000000000e+00
0.000000000000000000e+00 0.000000000000000000e+00 0.000000000000000000e+00 0.000000000000000000e+00 0.000000000000000000e+00 0.000000000000000000e+00
0.000000000000000000e+00 0.000000000000000000e+00 0.000000000000000000e+00 0.000000000000000000e+00 0.000000000000000000e+00 0.000000000000000000e+00
0.000000000000000000e+00 0.000000000000000000e+00 0.000000000000000000e+00 0.000000000000000000e+00 0.000000000000000000e+00 0.000000000000000000e+00
0.000000000000000000e+00 0.000000000000000000e+00 0.000000000000000000e+00 0.000000000000000000e+00 0.000000000000000000e+00 0.000000000000000000e+00
0.000000000000000000e+00 0.000000000000000000e+00 0.000000000000000000e+00 0.000000000000000000e+00 0.000000000000000000e+00 0.000000000000000000e+00
0.000000000000000000e+00 0.000000000000000000e+00 0.000000000000000000e+00 0.000000000000000000e+00 0.000000000000000000e+00 0.000000000000000000e+00
0.000000000000000000e+00 0.000000000000000000e+00 0.000000000000000000e+00 0.000000000000000000e+00 0.000000000000000000e+00 0.000000000000000000e+00
0.000000000000000000e+00 0.000000000000000000e+00 0.000000000000000000e+00 0.000000000000000000e+00 0.000000000000000000e+00 0.000000000000000000e+00
0.000000000000000000e+00 0.000000000000000000e+00 0.000000000000000000e+00 0.000000000000000000e+00 0.000000000000000000e+00 0.000000000000000000e+00
0.000000000000000000e+00 0.000000000000000000e+00 0.000000000000000000e+00 0.000000000000000000e+00 0.000000000000000000e+00 0.000000000000000000e+00
0.000000000000000000e+00 0.000000000000000000e+00 0.000000000000000000e+00 0.000000000000000000e+00 0.000000000000000000e+00 0.000000000000000000e+00
0.000000000000000000e+00 0.000000000000000000e+00 0.000000000000000000e+00 0.000000000000000000e+00 0.000000000000000000e+00 0.000000000000000000e+00
0.000000000000000000e+00 0.000000000000000000e+00 0.000000000000000000e+00 0.000000000000000000e+00 0.000000000000000000e+00 0.000000000000000000e+00
0.000000000000000000e+00 0.000000000000000000e+00 0.000000000000000000e+00 0.000000000000000000e+00 0.000000000000000000e+00 0.000000000000000000e+00
0.000000000000000000e+00 0.000000000000000000e+00 0.000000000000000000e+00 0.000000000000000000e+00 0.000000000000000000e+00 0.000000000000000000e+00
0.000000000000000000e+00 0.000000000000000000e+00 0.000000000000000000e+00 0.000000000000000000e+00 0.000000000000000000e+00 0.000000000000000000e+00
0.000000000000000000e+00 0.000000000000000000e+00 0.000000000000000000e+00 0.000000000000000000e+00 0.000000000000000000e+00 0.000000000000000000e+00
0.000000000000000000e+00 0.000000000000000000e+00 0.000000000000000000e+00 0.000000000000000000e+00 0.000000000000000000e+00 0.000000000000000000e+00
0.000000000000000000e+00 0.000000000000000000e+00 0.000000000000000000e+00 0.000000000000000000e+00 0.000000000000000000e+00 0.000000000000000000e+00
0.000000000000000000e+00 0.000000000000000000e+00 0.000000000000000000e+00 0.000000000000000000e+00 0.000000000000000000e+00 0.000000000000000000e+00
0.000000000000000000e+00 0.000000000000000000e+00 0.000000000000000000e+00 0.000000000000000000e+00 0.000000000000000000e+00 0.000000000000000000e+00
0.000000000000000000e+00 0.000000000000000000e+00 0.000000000000000000e+00 0.000000000000000000e+00 0.000000000000000000e+00 0.000000000000000000e+00
0.000000000000000000e+00 0.000000000000000000e+00 0.000000000000000000e+00 0.000000000000000000e+00 0.000000000000000000e+00 0.000000000000000000e+00
0.000000000000000000e+00 0.000000000000000000e+00 0.000000000000000000e+00 0.000000000000000000e+00 0.000000000000000000e+00 0.000000000000000000e+00
0.000000000000000000e+00 0.000000000000000000e+00 0.000000000000000000e+00 0.000000000000000000e+00 0.000000000000000000e+00 0.000000000000000000e+00
0.000000000000000000e+00 0.000000000000000000e+00 0.000000000000000000e+00 0.000000000000000000e+00 0.000000000000000000e+00 0.000000000000000000e+00
0.000000000000000000e+00 0.000000000000000000e+00 0.000000000000000000e+00 0.000000000000000000e+00 0.000000000000000000e+00 0.000000000000000000e+00
0.000000000000000000e+00 0.000000000000000000e+00 0.000000000000000000e+00 0.000000000000000000e+00 0.000000000000000000e+00 0.000000000000000000e+00
0.000000000000000000e+00 0.000000000000000000e+00 0.000000000000000000e+00 0.000000000000000000e+00 0.000000000000000000e+00 0.000000000000000000e+00
0.000000000000000000e+00 0.000000000000000000e+00 0.000000000000000000e+00 0.000000000000000000e+00 0.000000000000000000e+00 0.000000000000000000e+00
0.000000000000000000e+00 0.000000000000000000e+00 0.000000000000000000e+00 0.000000000000000000e+00 0.000000000000000000e+00 0.000000000000000000e+00
0.000000000000000000e+00 0.000000000000000000e+00 0.000000000000000000e+00 0.000000000000000000e+00 0.000000000000000000e+00 0.000000000000000000e+00
0.000000000000000000e+00 0.000000000000000000e+00 0.000000000000000000e+00 0.000000000000000000e+00 0.000000000000000000e+00 0.000000000000000000e+00
0.000000000000000000e+00 0.000000000000000000e+00 0.000000000000000000e+00 0.000000000000000000e+00 0.000000000000000000e+00 0.000000000000000000e+00
0.000000000000000000e+00 0.000000000000000000e+00 0.000000000000000000e+00 0.000000000000000000e+00 0.000000000000000000e+00 0.000000000000000000e+00
0.000000000000000000e+00 0.000000000000000000e+00 0.000000000000000000e+00 0.000000000000000000e+00 0.000000000000000000e+00 0.000000000000000000e+00
0.000000000000000000e+00 0.000000000000000000e+00 0.000000000000000000e+00 0.000000000000000000e+00 0.000000000000000000e+00 0.000000000000000000e+00
0.000000000000000000e+00 0.000000000000000000e+00 0.000000000000000000e+00 0.000000000000000000e+00 0.000000000000000000e+00 0.000000000000000000e+00
0.000000000000000000e+00 0.000000000000000000e+00 0.000000000000000000e+00 0.000000000000000000e+00 0.000000000000000000e+00 0.000000000000000000e+00
0.000000000000000000e+00 0.000000000000000000e+00 0.000000000000000000e+00 0.000000000000000000e+00 0.000000000000000000e+00 0.000000000000000000e+00
0.000000000000000000e+00 0.000000000000000000e+00 0.000000000000000000e+00 0.000000000000000000e+00 0.000000000000000000e+00 0.000000000000000000e+00
0.000000000000000000e+00 0.000000000000000000e+00 0.000000000000000000e+00 0.000000000000000000e+00 0.000000000000000000e+00 0.000000000000000000e+00
0.000000000000000000e+00 0.000000000000000000e+00 0.000000000000000000e+00 0.000000000000000000e+00 0.000000000000000000e+00 0.000000000000000000e+00
0.000000000000000000e+00 0.000000000000000000e+00 0.000000000000000000e+00 0.000000000000000000e+00 0.000000000000000000e+00 0.000000000000000000e+00
0.000000000000000000e+00 0.000000000000000000e+00 0.000000000000000000e+00 0.000000000000000000e+00 0.000000000000000000e+00 0.000000000000000000e+00
0.000000000000000000e+00 0.000000000000000000e+00 0.000000000000000000e+00 0.000000000000000000e+00 0.000000000000000000e+00 0.000000000000000000e+00
0.000000000000000000e+00 0.000000000000000000e+00 0.000000000000000000e+00 0.000000000000000000e+00 0.000000000000000000e+00 0.000000000000000000e+00
0.000000000000000000e+00 0.000000000000000000e+00 0.000000000000000000e+00 0.000000000000000000e+00 0.000000000000000000e+00 0.000000000000000000e+00
0.000000000000000000e+00 0.000000000000000000e+00 0.000000000000000000e+00 0.000000000000000000e+00 0.000000000000000000e+00 0.000000000000000000e+00
0.000000000000000000e+00 0.000000000000000000e+00 0.000000000000000000e+00 0.000000000000000000e+00 0.000000000000000000e+00 0.000000000000000000e+00
0.000000000000000000e+00 0.000000000000000000e+00 0.000000000000000000e+00 0.000000000000000000e+00 0.000000000000000000e+00 0.000000000000000000e+00
0.000000000000000000e+00 0.000000000000000000e+00 0.000000000000000000e+00 0.000000000000000000e+00 0.000000000000000000e+00 0.000000000000000000e+00
0.000000000000000000e+00 0.000000000000000000e+00 0.000000000000000000e+00 0.000000000000000000e+00 0.000000000000000000e+00 0.000000000000000000e+00
0.000000000000000000e+00 2.967783510684967041e-01 2.956304550170898438e+00 7.589489221572875977e-01 1.535307645797729492e+00 0.000000000000000000e+00
4.176340997219085693e-01 3.996066451072692871e-01 2.069379329681396484e+00 8.007828593254089355e-01 1.143658518791198730e+00 9.664395451545715332e-01
1.039299488067626953e+00 1.357056021690368652e+00 2.478399038314819336e+00 1.545206308364868164e+00 1.942581415176391602e+00 7.681484222412109375e-01
1.783599376678466797e+00 1.736794829368591309e+00 2.464040994644165039e+00 1.610769510269165039e+00 1.188821077346801758e+00 1.189333200454711914e+00
0.000000000000000000e+00 1.528319239616394043e+00 2.907441139221191406e+00 2.784383893013000488e-01 1.727798819541931152e+00 6.789560914039611816e-01
1.066686749458312988e+00 1.283842563629150391e+00 2.025392293930053711e+00 6.042846441268920898e-01 2.331053018569946289e+00 3.902689516544342041e-01
9.730611443519592285e-01 1.993189215660095215e+00 3.000000000000000000e+00 1.622592806816101074e+00 2.644093275070190430e+00 9.362228214740753174e-02
3.524909615516662598e-01 1.618963003158569336e+00 2.796917200088500977e+00 1.091920018196105957e+00 1.615574240684509277e+00 8.224347233772277832e-02
5.899559259414672852e-01 1.249309539794921875e+00 2.859503269195556641e+00 2.383195877075195312e+00 2.103281021118164062e+00 1.062504649162292480e+00
2.037338912487030029e-01 1.172523379325866699e+00 1.969953060150146484e+00 1.598822593688964844e+00 1.007227420806884766e+00 1.714801192283630371e+00
3.103192448616027832e-01 1.212388873100280762e+00 2.131281614303588867e+00 1.947257280349731445e+00 1.284747600555419922e+00 1.556128978729248047e+00
4.433751404285430908e-01 1.248382806777954102e+00 3.000000000000000000e+00 5.880972743034362793e-01 1.394227027893066406e+00 1.392571330070495605e+00
0.000000000000000000e+00 1.523142933845520020e+00 2.907411575317382812e+00 1.647851705551147461e+00 1.432271242141723633e+00 1.137946367263793945e+00
7.769869565963745117e-01 2.099393844604492188e+00 3.000000000000000000e+00 1.607789397239685059e+00 8.460631370544433594e-01 7.645022273063659668e-01
9.267637133598327637e-02 8.814154863357543945e-01 2.932841539382934570e+00 1.499170780181884766e+00 2.218295574188232422e+00 1.101172208786010742e+00
1.746308505535125732e-01 0.000000000000000000e+00 2.349230289459228516e+00 8.619713783264160156e-01 1.467317342758178711e+00 1.890006959438323975e-01
4.454489648342132568e-01 1.382181882858276367e+00 3.000000000000000000e+00 1.115650534629821777e+00 9.849106073379516602e-01 4.837587848305702209e-02
5.185899734497070312e-01 5.756311491131782532e-02 2.421455144882202148e+00 1.263338804244995117e+00 1.901290893554687500e+00 3.932736217975616455e-01
7.906355857849121094e-01 1.312516450881958008e+00 3.000000000000000000e+00 1.582118868827819824e+00 1.413711667060852051e+00 4.251072555780410767e-02
3.062383830547332764e-01 6.781817078590393066e-01 2.907447576522827148e+00 1.054088830947875977e+00 3.890614509582519531e-01 0.000000000000000000e+00
4.012307524681091309e-01 9.195706248283386230e-01 3.000000000000000000e+00 1.221087694168090820e+00 1.667306423187255859e+00 0.000000000000000000e+00
9.749059081077575684e-01 0.000000000000000000e+00 2.842385768890380859e+00 1.421819448471069336e+00 2.692900896072387695e+00 0.000000000000000000e+00
2.102239608764648438e+00 1.064450621604919434e+00 3.000000000000000000e+00 1.021426439285278320e+00 1.228537917137145996e+00 0.000000000000000000e+00
1.780093610286712646e-01 1.639920949935913086e+00 2.316532850265502930e+00 1.178038001060485840e+00 2.148765325546264648e+00 0.000000000000000000e+00
6.516868472099304199e-01 0.000000000000000000e+00 2.732975482940673828e+00 1.523217082023620605e+00 1.918991923332214355e+00 4.389019906520843506e-01
2.238478958606719971e-01 2.118279226124286652e-02 2.763823509216308594e+00 1.387528896331787109e+00 2.117335081100463867e+00 0.000000000000000000e+00
1.682555079460144043e-01 4.670262634754180908e-01 3.000000000000000000e+00 1.330120205879211426e+00 2.953347206115722656e+00 7.206636071205139160e-01
5.721489787101745605e-01 9.973737001419067383e-01 2.114598035812377930e+00 1.181658983230590820e+00 2.825567245483398438e+00 2.992560565471649170e-01
3.466382026672363281e-01 8.056408911943435669e-02 1.383346676826477051e+00 1.858235001564025879e-01 9.721131920814514160e-01 1.257768869400024414e+00
1.366783022880554199e+00 1.463560581207275391e+00 1.844891905784606934e+00 5.421094298362731934e-01 1.297075867652893066e+00 7.927484065294265747e-02
1.281647324562072754e+00 1.179052352905273438e+00 2.250675916671752930e+00 7.947212457656860352e-01 1.593126535415649414e+00 5.721353292465209961e-01
7.867516875267028809e-01 1.192199110984802246e+00 2.283550262451171875e+00 6.905553936958312988e-01 1.059073686599731445e+00 3.919640183448791504e-02
1.523689985275268555e+00 1.648033618927001953e+00 2.954547166824340820e+00 1.879997849464416504e+00 1.466940641403198242e+00 7.778468132019042969e-01
1.636915802955627441e+00 1.190889477729797363e+00 1.857455968856811523e+00 9.996218606829643250e-03 1.074764370918273926e+00 1.327429771423339844e+00
3.445074558258056641e-01 1.199558973312377930e+00 2.284503459930419922e+00 6.805283427238464355e-01 5.180467367172241211e-01 1.904101252555847168e+00
1.093120217323303223e+00 1.841122746467590332e+00 2.565823793411254883e+00 8.234292268753051758e-01 0.000000000000000000e+00 4.898852705955505371e-01
5.480877757072448730e-01 1.213326573371887207e+00 2.300343036651611328e+00 1.361307978630065918e+00 2.685087919235229492e-01 1.130112171173095703e+00
2.548510432243347168e-01 1.580218672752380371e+00 2.533182621002197266e+00 3.526898324489593506e-01 7.141153812408447266e-01 2.434263706207275391e+00
5.212447643280029297e-01 1.682192683219909668e+00 2.264451742172241211e+00 8.685459494590759277e-01 2.053943395614624023e+00 1.629951238632202148e+00
6.191992759704589844e-01 1.633429646492004395e+00 3.000000000000000000e+00 0.000000000000000000e+00 1.505798578262329102e+00 9.444923996925354004e-01
4.335219264030456543e-01 1.059436917304992676e+00 2.023051738739013672e+00 1.596580147743225098e+00 2.089751482009887695e+00 1.297027111053466797e+00
6.125515103340148926e-01 1.051859378814697266e+00 2.321624517440795898e+00 1.388386487960815430e+00 1.556191086769104004e+00 9.008616805076599121e-01
2.459682524204254150e-01 1.004246354103088379e+00 1.788343429565429688e+00 1.445676922798156738e+00 2.423201560974121094e+00 5.432525873184204102e-01
0.000000000000000000e+00 1.502013802528381348e+00 2.346996068954467773e+00 7.119963169097900391e-01 2.307357549667358398e+00 2.130248211324214935e-02
1.877245664596557617e+00 3.510215580463409424e-01 1.147165894508361816e+00 2.178440332412719727e+00 1.844842314720153809e+00 8.222955465316772461e-01
1.033636093139648438e+00 5.214416384696960449e-01 2.075419425964355469e+00 1.381827354431152344e+00 1.571190357208251953e+00 1.216587662696838379e+00
9.891929030418395996e-01 0.000000000000000000e+00 1.101266264915466309e+00 1.054763555526733398e+00 1.611947774887084961e+00 5.856657028198242188e-01
1.016757488250732422e+00 9.451689124107360840e-01 2.636597633361816406e+00 8.018277883529663086e-01 1.720584154129028320e+00 8.157993555068969727e-01
1.641698837280273438e+00 4.511274695396423340e-01 2.388395547866821289e+00 1.539341211318969727e+00 1.808552384376525879e+00 9.265431202948093414e-03
8.503624200820922852e-01 6.676279306411743164e-01 2.168344020843505859e+00 2.105843305587768555e+00 1.736312747001647949e+00 0.000000000000000000e+00
1.320091366767883301e+00 1.097568631172180176e+00 2.207837820053100586e+00 9.691824316978454590e-01 6.913193315267562866e-02 3.900320231914520264e-01
1.901975393295288086e+00 2.905391454696655273e-01 1.042051076889038086e+00 2.155987262725830078e+00 8.741436004638671875e-01 0.000000000000000000e+00
1.321504354476928711e+00 5.263698101043701172e-01 2.412910699844360352e+00 1.400013566017150879e+00 1.282935380935668945e+00 0.000000000000000000e+00
6.604324579238891602e-01 0.000000000000000000e+00 1.978993058204650879e+00 2.469890117645263672e+00 1.457398414611816406e+00 0.000000000000000000e+00
0.000000000000000000e+00 5.302322506904602051e-01 1.815565466880798340e+00 2.175976991653442383e+00 4.558783173561096191e-01 9.752996563911437988e-01
0.000000000000000000e+00 0.000000000000000000e+00 2.484335184097290039e+00 8.850018382072448730e-01 1.233983755111694336e+00 2.105399966239929199e-01
8.311365246772766113e-01 5.782760381698608398e-01 1.395461320877075195e+00 9.001972079277038574e-01 1.723441243171691895e+00 7.655479311943054199e-01
0.000000000000000000e+00 7.822348475456237793e-01 1.988564372062683105e+00 9.211283326148986816e-01 1.126611828804016113e+00 0.000000000000000000e+00
9.699732661247253418e-01 1.314607739448547363e+00 2.237205982208251953e+00 1.128461599349975586e+00 1.699928641319274902e+00 1.962224692106246948e-01
9.606434702873229980e-01 1.211175322532653809e+00 2.912722110748291016e+00 1.474496483802795410e+00 8.851094841957092285e-01 3.909434378147125244e-01
1.292166113853454590e+00 7.713360786437988281e-01 1.857595562934875488e+00 9.957629442214965820e-01 1.613993644714355469e+00 4.457857608795166016e-01
0.000000000000000000e+00 1.019274473190307617e+00 1.476088166236877441e+00 1.307159662246704102e+00 1.400437831878662109e+00 7.648375630378723145e-01
1.377606391906738281e+00 7.506452798843383789e-01 2.373975276947021484e+00 9.414321780204772949e-01 2.225260496139526367e+00 6.635999679565429688e-01
8.928238153457641602e-01 6.170033216476440430e-01 2.325670957565307617e+00 9.544396400451660156e-01 2.232503175735473633e+00 3.639867305755615234e-01
1.313722729682922363e+00 2.048180341720581055e+00 3.000000000000000000e+00 1.723602652549743652e+00 1.759551644325256348e+00 8.246837854385375977e-01
1.076875567436218262e+00 7.429607510566711426e-01 2.607759237289428711e+00 1.040102124214172363e+00 2.115206480026245117e+00 7.313744425773620605e-01
1.318780064582824707e+00 1.012616157531738281e+00 2.497570514678955078e+00 8.260446190834045410e-01 2.608045578002929688e+00 7.797539830207824707e-01
3.343806862831115723e-01 1.467435598373413086e+00 2.424508571624755859e+00 6.156439781188964844e-01 2.500153303146362305e+00 4.231586158275604248e-01
1.373122446238994598e-02 1.408867597579956055e+00 2.398219823837280273e+00 1.385536670684814453e+00 1.000495553016662598e+00 1.158853650093078613e+00
1.700467467308044434e+00 1.737729668617248535e+00 1.984865188598632812e+00 1.653044372797012329e-01 1.619956493377685547e+00 8.783152103424072266e-01
7.900096774101257324e-01 2.165048360824584961e+00 3.000000000000000000e+00 4.128946661949157715e-01 1.977048397064208984e+00 1.454774618148803711e+00
3.334695100784301758e-02 7.243285179138183594e-01 3.000000000000000000e+00 2.272564917802810669e-01 1.009504675865173340e+00 1.215921521186828613e+00
1.240621656179428101e-01 1.444833755493164062e+00 2.932064056396484375e+00 3.319410383701324463e-01 6.508778929710388184e-01 6.856463104486465454e-02
6.667603552341461182e-02 1.204627394676208496e+00 3.000000000000000000e+00 0.000000000000000000e+00 1.629654169082641602e+00 1.711863160133361816e+00
4.512855112552642822e-01 9.139300584793090820e-01 3.000000000000000000e+00 7.782000899314880371e-01 2.061528205871582031e+00 6.882413625717163086e-01
3.131948783993721008e-02 1.360941290855407715e+00 3.000000000000000000e+00 8.680173158645629883e-01 1.089960336685180664e+00 2.127272635698318481e-01
8.697077631950378418e-01 1.039990305900573730e+00 3.000000000000000000e+00 3.695676848292350769e-02 5.676607489585876465e-01 5.602446794509887695e-01
1.698116540908813477e+00 1.988760828971862793e+00 2.516896486282348633e+00 4.824310243129730225e-01 1.950802683830261230e+00 6.763981580734252930e-01
1.775433063507080078e+00 6.107034534215927124e-02 3.000000000000000000e+00 1.665497422218322754e-01 6.679318547248840332e-01 2.078853696584701538e-01
1.012281060218811035e+00 1.385955452919006348e+00 3.000000000000000000e+00 5.952484607696533203e-01 4.470485448837280273e-01 0.000000000000000000e+00
6.385608911514282227e-01 1.491135835647583008e+00 2.560775041580200195e+00 1.694113314151763916e-01 1.070988893508911133e+00 5.049726366996765137e-01
1.883139371871948242e+00 0.000000000000000000e+00 3.000000000000000000e+00 7.240521907806396484e-01 1.687680125236511230e+00 8.429071307182312012e-01
6.298905611038208008e-01 3.081144392490386963e-01 2.644503593444824219e+00 2.003874033689498901e-01 1.594771862030029297e+00 2.031658142805099487e-01
0.000000000000000000e+00 7.635532319545745850e-02 2.912197589874267578e+00 4.480879306793212891e-01 1.831064939498901367e+00 3.319527506828308105e-01
5.038955211639404297e-01 1.216358900070190430e+00 3.000000000000000000e+00 7.496516704559326172e-01 2.357564449310302734e+00 0.000000000000000000e+00
6.957486271858215332e-01 7.409190386533737183e-02 2.558161020278930664e+00 7.237104177474975586e-01 2.625563621520996094e+00 2.123420685529708862e-01
0.000000000000000000e+00 4.491474032402038574e-01 2.712297439575195312e+00 1.088217496871948242e+00 2.031966686248779297e+00 4.875228106975555420e-01
9.125136733055114746e-01 9.077196121215820312e-01 2.122741460800170898e+00 1.271290659904479980e+00 1.710506200790405273e+00 0.000000000000000000e+00
4.380957782268524170e-01 2.747105658054351807e-01 3.000000000000000000e+00 3.826858401298522949e-01 2.137385129928588867e+00 0.000000000000000000e+00
5.654696226119995117e-01 1.742796540260314941e+00 2.671882629394531250e+00 1.989874958992004395e+00 1.321558952331542969e+00 4.372565746307373047e-01
8.128750920295715332e-01 1.031500101089477539e+00 2.484242200851440430e+00 1.311451435089111328e+00 1.552788972854614258e+00 5.315001010894775391e-01
1.009791970252990723e+00 1.134898424148559570e+00 2.431916713714599609e+00 1.365417957305908203e+00 1.400799512863159180e+00 6.348983645439147949e-01
1.161491990089416504e+00 1.232361555099487305e+00 2.380342245101928711e+00 1.411491990089416504e+00 1.268438696861267090e+00 7.323616147041320801e-01
1.241571545600891113e+00 1.319601655006408691e+00 2.330087423324584961e+00 1.448678135871887207e+00 1.168749094009399414e+00 8.196016550064086914e-01
1.236092805862426758e+00 1.392780423164367676e+00 2.281706809997558594e+00 1.476173400878906250e+00 1.111553788185119629e+00 8.927804231643676758e-01
1.146009445190429688e+00 1.448678135871887207e+00 2.235733747482299805e+00 1.493383884429931641e+00 1.102488756179809570e+00 9.486781358718872070e-01
9.870004057884216309e-01 1.484835624694824219e+00 2.192675590515136719e+00 1.499937891960144043e+00 1.142447113990783691e+00 9.848355650901794434e-01
7.867413759231567383e-01 1.499661922454833984e+00 2.153006792068481445e+00 1.495693802833557129e+00 1.227491617202758789e+00 9.996619224548339844e-01
5.800874233245849609e-01 1.492504954338073730e+00 2.117165565490722656e+00 1.480743288993835449e+00 1.349242091178894043e+00 9.925048947334289551e-01
4.030068814754486084e-01 1.463679313659667969e+00 2.085546493530273438e+00 1.455409288406372070e+00 1.495701551437377930e+00 9.636793136596679688e-01
2.863206565380096436e-01 1.414453506469726562e+00 2.058498859405517578e+00 1.420238971710205078e+00 1.652438402175903320e+00 9.144535064697265625e-01
2.503380477428436279e-01 1.346993088722229004e+00 2.036320686340332031e+00 1.375992059707641602e+00 1.804008007049560547e+00 8.469930887222290039e-01
3.013218641281127930e-01 1.264266252517700195e+00 2.019256591796875000e+00 1.323624134063720703e+00 1.935475230216979980e+00 7.642662525177001953e-01
4.303983151912689209e-01 1.169912576675415039e+00 2.007495164871215820e+00 1.264266252517700195e+00 2.033885717391967773e+00 6.699125766754150391e-01
6.151016354560852051e-01 1.068083286285400391e+00 2.001165628433227539e+00 1.199200510978698730e+00 2.089542150497436523e+00 5.680833458900451660e-01
8.232840299606323242e-01 9.632586240768432617e-01 2.000338077545166016e+00 1.129832386970520020e+00 2.096960306167602539e+00 4.632586538791656494e-01
1.018711328506469727e+00 8.600504398345947266e-01 2.005021572113037109e+00 1.057659864425659180e+00 2.055409431457519531e+00 3.600504696369171143e-01
1.167369246482849121e+00 7.629995942115783691e-01 2.015164375305175781e+00 9.842421412467956543e-01 1.968983530998229980e+00 2.629995942115783691e-01
1.243383884429931641e+00 6.763759255409240723e-01 2.030654907226562500e+00 9.111646413803100586e-01 1.846199035644531250e+00 1.763758957386016846e-01
1.233524799346923828e+00 6.039905548095703125e-01 2.051321744918823242e+00 8.400059342384338379e-01 1.699154853820800781e+00 1.039905548095703125e-01
1.139508008956909180e+00 5.490282773971557617e-01 2.076937675476074219e+00 7.723029255867004395e-01 1.542340040206909180e+00 4.902826249599456787e-02
9.776970744132995605e-01 5.139071941375732422e-01 2.107219696044921875e+00 7.095178365707397461e-01 1.391206979751586914e+00 1.390717085450887680e-02
7.762554287910461426e-01 5.001724958419799805e-01 2.141833782196044922e+00 6.530069112777709961e-01 1.260647892951965332e+00 1.724854373605921865e-04
5.702439546585083008e-01 5.084285140037536621e-01 2.180398225784301758e+00 6.039905548095703125e-01 1.163527607917785645e+00 8.428485132753849030e-03
3.955191373825073242e-01 5.383119583129882812e-01 2.222487926483154297e+00 5.635275840759277344e-01 1.109416127204895020e+00 3.831193596124649048e-02
2.824918925762176514e-01 5.885080695152282715e-01 2.267638444900512695e+00 5.324918627738952637e-01 1.103645563125610352e+00 8.850806951522827148e-02
2.508346438407897949e-01 6.568084359169006348e-01 2.315351724624633789e+00 5.115538239479064941e-01 1.146784424781799316e+00 1.568084210157394409e-01
3.060573935508728027e-01 7.402080297470092773e-01 2.365101575851440430e+00 5.011656284332275391e-01 1.234582066535949707e+00 2.402080297470092773e-01
4.385485649108886719e-01 8.350375890731811523e-01 2.416339397430419922e+00 5.015516281127929688e-01 1.358386874198913574e+00 3.350375890731811523e-01
6.252480149269104004e-01 9.371249079704284668e-01 2.468499898910522461e+00 5.127035975456237793e-01 1.505999684333801270e+00 4.371249079704284668e-01
8.336606025695800781e-01 1.041978478431701660e+00 2.521007776260375977e+00 5.343805551528930664e-01 1.662875056266784668e+00 5.419785380363464355e-01
1.027512073516845703e+00 1.144985198974609375e+00 2.573284149169921875e+00 5.661143660545349121e-01 1.813554883003234863e+00 6.449851989746093750e-01
1.173062324523925781e+00 1.241613030433654785e+00 2.624752044677734375e+00 6.072195768356323242e-01 1.943191528320312500e+00 7.416130900382995605e-01
1.244978427886962891e+00 1.327610850334167480e+00 2.674844026565551758e+00 6.568084359169006348e-01 2.039011001586914062e+00 8.276107907295227051e-01
1.230743288993835449e+00 1.399194717407226562e+00 2.723007440567016602e+00 7.138097882270812988e-01 2.091571569442749023e+00 8.991947770118713379e-01
1.132834553718566895e+00 1.453215599060058594e+00 2.768711328506469727e+00 7.769924998283386230e-01 2.095693826675415039e+00 9.532155394554138184e-01
9.682932496070861816e-01 1.487296462059020996e+00 2.811451435089111328e+00 8.449919223785400391e-01 2.050971746444702148e+00 9.872964024543762207e-01
7.657578587532043457e-01 1.499937891960144043e+00 2.850756406784057617e+00 9.163393974304199219e-01 1.961812138557434082e+00 9.999378919601440430e-01
5.604798793792724609e-01 1.490583896636962891e+00 2.886192560195922852e+00 9.894937872886657715e-01 1.837000370025634766e+00 9.905838370323181152e-01
3.881879150867462158e-01 1.459645867347717285e+00 2.917369365692138672e+00 1.062875151634216309e+00 1.688835382461547852e+00 9.596458077430725098e-01
2.788695394992828369e-01 1.408484935760498047e+00 2.943942546844482422e+00 1.134898424148559570e+00 1.531916618347167969e+00 9.084849357604980469e-01
2.515516579151153564e-01 1.339352130889892578e+00 2.965619325637817383e+00 1.204007983207702637e+00 1.381706714630126953e+00 8.393521308898925781e-01
3.109889626502990723e-01 1.255289077758789062e+00 2.982160568237304688e+00 1.268711328506469727e+00 1.253006935119628906e+00 7.552890181541442871e-01
4.468363523483276367e-01 1.159994125366210938e+00 2.993383884429931641e+00 1.327610850334167480e+00 1.158498764038085938e+00 6.599940657615661621e-01
6.354495286941528320e-01 1.057659864425659180e+00 2.999165296554565430e+00 1.379434227943420410e+00 1.107495069503784180e+00 5.576599240303039551e-01
8.440002799034118652e-01 9.527889490127563477e-01 2.999441146850585938e+00 1.423062324523925781e+00 1.105021595954895020e+00 4.527889490127563477e-01
1.036190271377563477e+00 8.499950766563415527e-01 2.994208574295043945e+00 1.457552790641784668e+00 1.151321887969970703e+00 3.499950766563415527e-01
1.178568601608276367e+00 7.538009285926818848e-01 2.983524799346923828e+00 1.482160687446594238e+00 1.241833806037902832e+00 2.538009285926818848e-01
1.246354460716247559e+00 6.684386730194091797e-01 2.967508077621459961e+00 1.496354460716247559e+00 1.367638468742370605e+00 1.684386730194091797e-01
1.227749466896057129e+00 5.976639986038208008e-01 2.946335077285766602e+00 1.499827504158020020e+00 1.516339421272277832e+00 9.766397625207901001e-02
1.125992059707641602e+00 5.445906519889831543e-01 2.920238971710205078e+00 1.492504954338073730e+00 1.673284053802490234e+00 4.459067434072494507e-02
9.587929844856262207e-01 5.115538239479064941e-01 2.889508008956909180e+00 1.474544763565063477e+00 1.823007464408874512e+00 1.155381463468074799e-02
7.552533745765686035e-01 5.000069141387939453e-01 2.854480981826782227e+00 1.446334958076477051e+00 1.950756311416625977e+00 6.899798336235107854e-06
5.507994294166564941e-01 5.104579329490661621e-01 2.815543889999389648e+00 1.408484935760498047e+00 2.043942689895629883e+00 1.045795623213052750e-02
3.810164630413055420e-01 5.424471497535705566e-01 2.773126840591430664e+00 1.361812114715576172e+00 2.093384027481079102e+00 4.244717210531234741e-02
2.754552364349365234e-01 5.945671200752258301e-01 2.727697134017944336e+00 1.307324528694152832e+00 2.094208478927612305e+00 9.456713497638702393e-02
2.524887621402740479e-01 6.645247340202331543e-01 2.679755926132202148e+00 1.246199131011962891e+00 2.046334981918334961e+00 1.645247489213943481e-01
3.161143660545349121e-01 7.492421269416809082e-01 2.629832267761230469e+00 1.179756045341491699e+00 1.954480886459350586e+00 2.492421120405197144e-01
4.552579820156097412e-01 8.449919223785400391e-01 2.578476667404174805e+00 1.109430432319641113e+00 1.827697157859802246e+00 3.449919521808624268e-01
6.457015872001647949e-01 9.475616216659545898e-01 2.526255369186401367e+00 1.036741375923156738e+00 1.678476691246032715e+00 4.475616216659545898e-01
8.542984127998352051e-01 1.052438378334045410e+00 2.473744630813598633e+00 9.632586240768432617e-01 1.521523356437683105e+00 5.524383783340454102e-01
1.044741988182067871e+00 1.155008077621459961e+00 2.421523332595825195e+00 8.905695080757141113e-01 1.372302889823913574e+00 6.550080776214599609e-01
1.183885574340820312e+00 1.250757932662963867e+00 2.370167732238769531e+00 8.202439546585083008e-01 1.245519161224365234e+00 7.507578730583190918e-01
1.247511267662048340e+00 1.335475206375122070e+00 2.320244073867797852e+00 7.538009285926818848e-01 1.153664946556091309e+00 8.354752659797668457e-01
1.224544763565063477e+00 1.405432820320129395e+00 2.272302865982055664e+00 6.926754713058471680e-01 1.105791568756103516e+00 9.054328799247741699e-01
1.118983507156372070e+00 1.457552790641784668e+00 2.226873159408569336e+00 6.381878852844238281e-01 1.106616020202636719e+00 9.575528502464294434e-01
9.492005705833435059e-01 1.489542007446289062e+00 2.184456110000610352e+00 5.915150642395019531e-01 1.156057357788085938e+00 9.895420670509338379e-01
7.447466254234313965e-01 1.499993085861206055e+00 2.145519018173217773e+00 5.536649823188781738e-01 1.249243617057800293e+00 9.999930858612060547e-01
5.412070155143737793e-01 1.488446235656738281e+00 2.110491991043090820e+00 5.254552364349365234e-01 1.376992464065551758e+00 9.884461760520935059e-01
3.740079402923583984e-01 1.455409288406372070e+00 2.079761028289794922e+00 5.074951052665710449e-01 1.526715993881225586e+00 9.554093480110168457e-01
2.722504734992980957e-01 1.402336001396179199e+00 2.053664922714233398e+00 5.001724958419799805e-01 1.683660626411437988e+00 9.023360013961791992e-01
2.536455690860748291e-01 1.331561326980590820e+00 2.032491922378540039e+00 5.036455392837524414e-01 1.832361578941345215e+00 8.315613269805908203e-01
3.214313685894012451e-01 1.246199131011962891e+00 2.016475200653076172e+00 5.178393125534057617e-01 1.958166241645812988e+00 7.461990714073181152e-01
4.638097882270812988e-01 1.150004863739013672e+00 2.005791425704956055e+00 5.424471497535705566e-01 2.048678159713745117e+00 6.500049233436584473e-01
6.559997200965881348e-01 1.047211050987243652e+00 2.000558853149414062e+00 5.769376158714294434e-01 2.094978570938110352e+00 5.472110509872436523e-01
8.645504713058471680e-01 9.423400759696960449e-01 2.000834703445434570e+00 6.205657720565795898e-01 2.092504978179931641e+00 4.423400759696960449e-01
1.053163647651672363e+00 8.400059342384338379e-01 2.006616115570068359e+00 6.723892092704772949e-01 2.041501283645629883e+00 3.400059342384338379e-01
1.189011096954345703e+00 7.447109818458557129e-01 2.017839431762695312e+00 7.312886714935302734e-01 1.946993112564086914e+00 2.447109669446945190e-01
1.248448371887207031e+00 6.606478691101074219e-01 2.034380674362182617e+00 7.959919571876525879e-01 1.818293213844299316e+00 1.606478542089462280e-01
1.221130490303039551e+00 5.915150642395019531e-01 2.056057453155517578e+00 8.651016354560852051e-01 1.668083310127258301e+00 9.151505678892135620e-02
1.111812114715576172e+00 5.403541922569274902e-01 2.082630634307861328e+00 9.371249079704284668e-01 1.511164665222167969e+00 4.035418108105659485e-02
9.395201206207275391e-01 5.094161629676818848e-01 2.113807439804077148e+00 1.010506272315979004e+00 1.362999558448791504e+00 9.416141547262668610e-03
7.342421412467956543e-01 5.000621080398559570e-01 2.149243593215942383e+00 1.083660602569580078e+00 1.238187909126281738e+00 6.209703860804438591e-05
5.317067503929138184e-01 5.127035975456237793e-01 2.188548564910888672e+00 1.155008077621459961e+00 1.149028301239013672e+00 1.270359475165605545e-02
3.671654462814331055e-01 5.467844605445861816e-01 2.231288671493530273e+00 1.223007440567016602e+00 1.104306221008300781e+00 4.678445309400558472e-02
2.692566812038421631e-01 6.008052229881286621e-01 2.276992559432983398e+00 1.286190271377563477e+00 1.108428478240966797e+00 1.008052304387092590e-01
2.550215423107147217e-01 6.723892092704772949e-01 2.325155973434448242e+00 1.343191623687744141e+00 1.160988926887512207e+00 1.723891943693161011e-01
3.269376456737518311e-01 7.583869099617004395e-01 2.375247955322265625e+00 1.392780423164367676e+00 1.256808400154113770e+00 2.583869099617004395e-01
4.724879562854766846e-01 8.550148010253906250e-01 2.426715850830078125e+00 1.433885574340820312e+00 1.386445045471191406e+00 3.550147712230682373e-01
6.663393974304199219e-01 9.580214619636535645e-01 2.478992223739624023e+00 1.465619444847106934e+00 1.537124872207641602e+00 4.580214917659759521e-01
8.747519850730895996e-01 1.062875151634216309e+00 2.531500101089477539e+00 1.487296462059020996e+00 1.694000244140625000e+00 5.628750920295715332e-01
1.061451435089111328e+00 1.164962410926818848e+00 2.583660602569580078e+00 1.498448371887207031e+00 1.841613054275512695e+00 6.649624109268188477e-01
1.193942666053771973e+00 1.259791970252990723e+00 2.634898424148559570e+00 1.498834371566772461e+00 1.965417981147766113e+00 7.597919702529907227e-01
1.249165296554565430e+00 1.343191623687744141e+00 2.684648275375366211e+00 1.488446235656738281e+00 2.053215503692626953e+00 8.431915640830993652e-01
1.217508077621459961e+00 1.411491990089416504e+00 2.732361555099487305e+00 1.467508077621459961e+00 2.096354484558105469e+00 9.114919304847717285e-01
1.104480862617492676e+00 1.461688041687011719e+00 2.777512073516845703e+00 1.436472415924072266e+00 2.090583801269531250e+00 9.616880416870117188e-01
9.297560453414916992e-01 1.491571545600891113e+00 2.819601774215698242e+00 1.396009445190429688e+00 2.036472320556640625e+00 9.915714859962463379e-01
7.237445712089538574e-01 1.499827504158020020e+00 2.858166217803955078e+00 1.346993088722229004e+00 1.939352154731750488e+00 9.998275041580200195e-01
5.223029255867004395e-01 1.486092805862426758e+00 2.892780303955078125e+00 1.290482163429260254e+00 1.808792948722839355e+00 9.860928058624267578e-01
3.604919910430908203e-01 1.450971722602844238e+00 2.923062324523925781e+00 1.227697134017944336e+00 1.657659888267517090e+00 9.509717226028442383e-01
2.664751708507537842e-01 1.396009445190429688e+00 2.948678255081176758e+00 1.159994125366210938e+00 1.500845193862915039e+00 8.960094451904296875e-01
2.566160857677459717e-01 1.323624134063720703e+00 2.969345092773437500e+00 1.088835358619689941e+00 1.353800892829895020e+00 8.236240744590759277e-01
3.326306939125061035e-01 1.237000465393066406e+00 2.984835624694824219e+00 1.015757918357849121e+00 1.231016516685485840e+00 7.370004057884216309e-01
4.812886714935302734e-01 1.139949560165405273e+00 2.994978427886962891e+00 9.423400759696960449e-01 1.144590616226196289e+00 6.399495601654052734e-01
6.767159700393676758e-01 1.036741375923156738e+00 2.999661922454833984e+00 8.701676726341247559e-01 1.103039741516113281e+00 5.367413759231567383e-01
8.848983645439147949e-01 9.319166541099548340e-01 2.998834371566772461e+00 8.007994294166564941e-01 1.110457897186279297e+00 4.319166839122772217e-01
1.069601655006408691e+00 8.300874233245849609e-01 2.992504835128784180e+00 7.357337474822998047e-01 1.166114330291748047e+00 3.300874233245849609e-01
1.198678135871887207e+00 7.357337474822998047e-01 2.980743408203125000e+00 6.763759255409240723e-01 1.264524698257446289e+00 2.357337623834609985e-01
1.249661922454833984e+00 6.530069112777709961e-01 2.963679313659667969e+00 6.240079402923583984e-01 1.395991921424865723e+00 1.530068814754486084e-01
1.213679313659667969e+00 5.855464935302734375e-01 2.941501140594482422e+00 5.797609686851501465e-01 1.547561645507812500e+00 8.554650843143463135e-02
1.096993088722229004e+00 5.363206863403320312e-01 2.914453506469726562e+00 5.445906519889831543e-01 1.704298377037048340e+00 3.632065653800964355e-02
9.199125766754150391e-01 5.074951052665710449e-01 2.882834434509277344e+00 5.192567110061645508e-01 1.850757837295532227e+00 7.495096884667873383e-03
7.132586240768432617e-01 5.003380775451660156e-01 2.846993207931518555e+00 5.043061971664428711e-01 1.972508311271667480e+00 3.380527778062969446e-04
5.129995942115783691e-01 5.151644349098205566e-01 2.807324409484863281e+00 5.000621080398559570e-01 2.057552814483642578e+00 1.516440976411104202e-02
3.539905548095703125e-01 5.513218641281127930e-01 2.764266252517700195e+00 5.066160559654235840e-01 2.097511291503906250e+00 5.132186040282249451e-02
2.639071643352508545e-01 6.072195768356323242e-01 2.718293190002441406e+00 5.238265991210937500e-01 2.088446140289306641e+00 1.072195991873741150e-01
2.584284842014312744e-01 6.803983449935913086e-01 2.669912576675415039e+00 5.513218641281127930e-01 2.031250953674316406e+00 1.803983151912689209e-01
3.385080695152282715e-01 7.676383852958679199e-01 2.619657754898071289e+00 5.885080695152282715e-01 1.931561350822448730e+00 2.676384150981903076e-01
4.902080297470092773e-01 8.651016354560852051e-01 2.568083286285400391e+00 6.345820426940917969e-01 1.799200534820556641e+00 3.651016056537628174e-01
6.871249079704284668e-01 9.684998989105224609e-01 2.515757799148559570e+00 6.885485649108886719e-01 1.647211074829101562e+00 4.684998691082000732e-01
8.949851989746093750e-01 1.073284029960632324e+00 2.463258743286132812e+00 7.492421269416809082e-01 1.490569472312927246e+00 5.732840299606323242e-01
1.077610850334167480e+00 1.174843907356262207e+00 2.411164760589599609e+00 8.153517246246337891e-01 1.344710946083068848e+00 6.748439669609069824e-01
1.203215599060058594e+00 1.268711328506469727e+00 2.360050439834594727e+00 8.854495286941528320e-01 1.224007964134216309e+00 7.687113285064697266e-01
1.249937891960144043e+00 1.350756406784057617e+00 2.310479879379272461e+00 9.580214619636535645e-01 1.140354156494140625e+00 8.507563471794128418e-01
1.209645867347717285e+00 1.417369246482849121e+00 2.262999534606933594e+00 1.031500101089477539e+00 1.101992726325988770e+00 9.173693060874938965e-01
1.089352130889892578e+00 1.465619444847106934e+00 2.218133211135864258e+00 1.104298353195190430e+00 1.112703561782836914e+00 9.656194448471069336e-01
9.099940657615661621e-01 1.493383884429931641e+00 2.176375865936279297e+00 1.174843907356262207e+00 1.171431422233581543e+00 9.933839440345764160e-01
7.027889490127563477e-01 1.499441266059875488e+00 2.138187885284423828e+00 1.241613030433654785e+00 1.272389173507690430e+00 9.994412064552307129e-01
5.038009285926818848e-01 1.483524799346923828e+00 2.103990554809570312e+00 1.303163647651672363e+00 1.405628919601440430e+00 9.835247993469238281e-01
3.476639688014984131e-01 1.446334958076477051e+00 2.074161052703857422e+00 1.358166217803955078e+00 1.558021426200866699e+00 9.463350176811218262e-01
2.615538239479064941e-01 1.389508008956909180e+00 2.049028158187866211e+00 1.405432820320129395e+00 1.714550495147705078e+00 8.895080089569091797e-01
2.604579627513885498e-01 1.315544009208679199e+00 2.028869628906250000e+00 1.443942666053771973e+00 1.859791994094848633e+00 8.155439496040344238e-01
3.445671498775482178e-01 1.227697134017944336e+00 2.013907194137573242e+00 1.472863674163818359e+00 1.979434251785278320e+00 7.276970744132995605e-01
4.992420971393585205e-01 1.129832386970520020e+00 2.004306077957153320e+00 1.491571545600891113e+00 2.061687946319580078e+00 6.298323273658752441e-01
6.975616216659545898e-01 1.026255369186401367e+00 2.000172376632690430e+00 1.499661922454833984e+00 2.098448276519775391e+00 5.262554287910461426e-01
9.050080776214599609e-01 9.215233325958251953e-01 2.001551628112792969e+00 1.496960282325744629e+00 2.086092710494995117e+00 4.215233325958251953e-01
1.085475206375122070e+00 8.202439546585083008e-01 2.008428573608398438e+00 1.483524799346923828e+00 2.025839090347290039e+00 3.202439546585083008e-01
1.207552790641784668e+00 7.268732190132141113e-01 2.020727157592773438e+00 1.459645867347717285e+00 1.923624157905578613e+00 2.268732339143753052e-01
1.249993085861206055e+00 6.455191373825073242e-01 2.038311958312988281e+00 1.425838947296142578e+00 1.789520144462585449e+00 1.455191373825073242e-01
1.205409288406372070e+00 5.797609686851501465e-01 2.060988903045654297e+00 1.382834553718566895e+00 1.636741399765014648e+00 7.976097613573074341e-02
1.081561326980590820e+00 5.324918627738952637e-01 2.088508129119873047e+00 1.331561326980590820e+00 1.480342149734497070e+00 3.249187767505645752e-02
9.000049233436584473e-01 5.057915449142456055e-01 2.120565652847290039e+00 1.273126721382141113e+00 1.335733771324157715e+00 5.791528150439262390e-03
6.923400759696960449e-01 5.008346438407897949e-01 2.156808376312255859e+00 1.208793044090270996e+00 1.217165470123291016e+00 8.346451795659959316e-04
4.947109818458557129e-01 5.178393125534057617e-01 2.196836233139038086e+00 1.139949560165405273e+00 1.136320710182189941e+00 1.783931441605091095e-02
3.415150642395019531e-01 5.560573935508728027e-01 2.240207910537719727e+00 1.068083286285400391e+00 1.101165652275085449e+00 5.605738982558250427e-02
2.594161331653594971e-01 6.138073801994323730e-01 2.286445140838623047e+00 9.947466254234313965e-01 1.115164399147033691e+00 1.138074100017547607e-01
2.627035975456237793e-01 6.885485649108886719e-01 2.335037469863891602e+00 9.215233325958251953e-01 1.176937580108642578e+00 1.885485649108886719e-01
3.508052229881286621e-01 7.769924998283386230e-01 2.385449409484863281e+00 8.499950766563415527e-01 1.280398368835449219e+00 2.769925296306610107e-01
5.083869099617004395e-01 8.752480149269104004e-01 2.437124967575073242e+00 7.817067503929138184e-01 1.415351748466491699e+00 3.752480149269104004e-01
7.080214619636535645e-01 9.789921641349792480e-01 2.489493846893310547e+00 7.181333303451538086e-01 1.568499922752380371e+00 4.789921939373016357e-01
9.149624109268188477e-01 1.083660602569580078e+00 2.541978597640991211e+00 6.606478691101074219e-01 1.724751949310302734e+00 5.836606025695800781e-01
1.093191623687744141e+00 1.184648275375366211e+00 2.594000339508056641e+00 6.104919910430908203e-01 1.868711352348327637e+00 6.846482753753662109e-01
1.211688041687011719e+00 1.277512073516845703e+00 2.644985198974609375e+00 5.687490701675415039e-01 1.986192584037780762e+00 7.775120735168457031e-01
1.249827504158020020e+00 1.358166217803955078e+00 2.694370985031127930e+00 5.363206863403320312e-01 2.065619468688964844e+00 8.581662178039550781e-01
1.200971722602844238e+00 1.423062324523925781e+00 2.741613149642944336e+00 5.139071941375732422e-01 2.099165439605712891e+00 9.230623841285705566e-01
1.073624134063720703e+00 1.469345211982727051e+00 2.786190271377563477e+00 5.019927024841308594e-01 2.083524942398071289e+00 9.693452119827270508e-01
8.899495601654052734e-01 1.494978427886962891e+00 2.827610731124877930e+00 5.008346438407897949e-01 2.020239114761352539e+00 9.949784874916076660e-01
6.819166541099548340e-01 1.498834371566772461e+00 2.865417957305908203e+00 5.104579329490661621e-01 1.915543913841247559e+00 9.988343715667724609e-01
4.857337474822998047e-01 1.480743288993835449e+00 2.899194717407226562e+00 5.306547880172729492e-01 1.779756069183349609e+00 9.807432889938354492e-01
3.355464935302734375e-01 1.441501140594482422e+00 2.928568601608276367e+00 5.609889626502990723e-01 1.626255393028259277e+00 9.415012001991271973e-01
2.574951052665710449e-01 1.382834553718566895e+00 2.953215599060058594e+00 6.008052229881286621e-01 1.470167636871337891e+00 8.828345537185668945e-01
2.651644051074981689e-01 1.307324528694152832e+00 2.972863674163818359e+00 6.492436528205871582e-01 1.326873183250427246e+00 8.073245286941528320e-01
3.572196066379547119e-01 1.218293190002441406e+00 2.987296342849731445e+00 7.052580118179321289e-01 1.210492014884948730e+00 7.182932496070861816e-01
5.176383852958679199e-01 1.119657874107360840e+00 2.996354341506958008e+00 7.676383852958679199e-01 1.132491827011108398e+00 6.196578145027160645e-01
7.184998989105224609e-01 1.015757918357849121e+00 2.999938011169433594e+00 8.350375890731811523e-01 1.100558757781982422e+00 5.157578587532043457e-01
9.248439669609069824e-01 9.111646413803100586e-01 2.998007297515869141e+00 9.059997200965881348e-01 1.117839336395263672e+00 4.111646413803100586e-01
1.100756406784057617e+00 8.104798793792724609e-01 2.990583896636962891e+00 9.789921641349792480e-01 1.182630658149719238e+00 3.104798793792724609e-01
1.215619444847106934e+00 7.181333303451538086e-01 2.977749586105346680e+00 1.052438378334045410e+00 1.288548588752746582e+00 2.181333154439926147e-01
1.249441266059875488e+00 6.381878852844238281e-01 2.959645748138427734e+00 1.124751925468444824e+00 1.425155997276306152e+00 1.381879150867462158e-01
1.196334958076477051e+00 5.741609930992126465e-01 2.936472415924072266e+00 1.194371104240417480e+00 1.578992247581481934e+00 7.416100054979324341e-02
1.065544009208679199e+00 5.288695096969604492e-01 2.908484935760498047e+00 1.259791970252990723e+00 1.734898328781127930e+00 2.886953949928283691e-02
8.798323273658752441e-01 5.043061971664428711e-01 2.875992059707641602e+00 1.319601655006408691e+00 1.877512097358703613e+00 4.306188318878412247e-03
6.715233325958251953e-01 5.015516281127929688e-01 2.839352130889892578e+00 1.372508406639099121e+00 1.992780447006225586e+00 1.551655004732310772e-03
4.768732190132141113e-01 5.207271575927734375e-01 2.798969268798828125e+00 1.417369246482849121e+00 2.069345235824584961e+00 2.072712779045104980e-02
3.297609686851501465e-01 5.609889626502990723e-01 2.755289077758789062e+00 1.453215599060058594e+00 2.099662065505981445e+00 6.098895519971847534e-02
2.557915151119232178e-01 6.205657720565795898e-01 2.708792924880981445e+00 1.479272842407226562e+00 2.080743312835693359e+00 1.205657497048377991e-01
2.678393125534057617e-01 6.968363523483276367e-01 2.659994125366210938e+00 1.494978427886962891e+00 2.014453411102294922e+00 1.968363523483276367e-01
3.638074100017547607e-01 7.864450812339782715e-01 2.609430551528930664e+00 1.499993085861206055e+00 1.907324552536010742e+00 2.864450812339782715e-01
5.269924998283386230e-01 8.854495286941528320e-01 2.557659864425659180e+00 1.494208455085754395e+00 1.769912600517272949e+00 3.854495286941528320e-01
7.289921641349792480e-01 9.894937872886657715e-01 2.505253314971923828e+00 1.477749466896057129e+00 1.615757942199707031e+00 4.894937872886657715e-01
9.346482753753662109e-01 1.094000220298767090e+00 2.452788829803466797e+00 1.450971722602844238e+00 1.460050463676452637e+00 5.940002799034118652e-01
1.108166217803955078e+00 1.194371104240417480e+00 2.400845289230346680e+00 1.414453506469726562e+00 1.318133354187011719e+00 6.943710446357727051e-01
1.219345211982727051e+00 1.286190271377563477e+00 2.349995136260986328e+00 1.368983507156372070e+00 1.203990578651428223e+00 7.861902117729187012e-01
1.248834371566772461e+00 1.365417957305908203e+00 2.300799369812011719e+00 1.315544009208679199e+00 1.128869533538818359e+00 8.654179573059082031e-01
1.191501140594482422e+00 1.428568601608276367e+00 2.253800868988037109e+00 1.255289077758789062e+00 1.100172519683837891e+00 9.285686016082763672e-01
1.057324528694152832e+00 1.472863674163818359e+00 2.209517955780029297e+00 1.189520120620727539e+00 1.120727181434631348e+00 9.728637337684631348e-01
8.696578145027160645e-01 1.496354460716247559e+00 2.168438673019409180e+00 1.119657874107360840e+00 1.188508033752441406e+00 9.963544607162475586e-01
6.611646413803100586e-01 1.498007297515869141e+00 2.131016492843627930e+00 1.047211050987243652e+00 1.296836376190185547e+00 9.980072975158691406e-01
4.681333005428314209e-01 1.477749466896057129e+00 2.097663879394531250e+00 9.737445712089538574e-01 1.435037612915039062e+00 9.777495265007019043e-01
3.241609930992126465e-01 1.436472415924072266e+00 2.068749189376831055e+00 9.008451700210571289e-01 1.589493751525878906e+00 9.364724159240722656e-01
2.543061971664428711e-01 1.375992059707641602e+00 2.044590711593627930e+00 8.300874233245849609e-01 1.744985222816467285e+00 8.759920597076416016e-01
2.707271277904510498e-01 1.298969388008117676e+00 2.025455236434936523e+00 7.629995942115783691e-01 1.886190176010131836e+00 7.989693284034729004e-01
3.705657422542572021e-01 1.208793044090270996e+00 2.011553764343261719e+00 7.010306715965270996e-01 1.999194741249084473e+00 7.087929844856262207e-01
5.364450812339782715e-01 1.109430432319641113e+00 2.003039836883544922e+00 6.455191373825073242e-01 2.072863817214965820e+00 6.094304919242858887e-01
7.394937872886657715e-01 1.005253434181213379e+00 2.000006914138793945e+00 5.976639986038208008e-01 2.099937915802001953e+00 5.052533745765686035e-01
9.443710446357727051e-01 9.008451700210571289e-01 2.002488851547241211e+00 5.584987998008728027e-01 2.077749490737915039e+00 4.008451998233795166e-01
1.115417957305908203e+00 8.007994294166564941e-01 2.010457992553710938e+00 5.288695096969604492e-01 2.008484840393066406e+00 3.007994592189788818e-01
1.222863674163818359e+00 7.095178365707397461e-01 2.023826599121093750e+00 5.094161629676818848e-01 1.898969292640686035e+00 2.095178514719009399e-01
1.248007297515869141e+00 6.310164332389831543e-01 2.042447090148925781e+00 5.005587935447692871e-01 1.759994029998779297e+00 1.310164630413055420e-01
1.186472415924072266e+00 5.687490701675415039e-01 2.066114425659179688e+00 5.024887919425964355e-01 1.605253458023071289e+00 6.874907016754150391e-02
1.048969388008117676e+00 5.254552364349365234e-01 2.094567060470581055e+00 5.151644349098205566e-01 1.449995040893554688e+00 2.545523643493652344e-02
8.594304919242858887e-01 5.030397176742553711e-01 2.127491712570190430e+00 5.383119583129882812e-01 1.309517860412597656e+00 3.039733041077852249e-03
6.508451700210571289e-01 5.024887919425964355e-01 2.164524793624877930e+00 5.714313983917236328e-01 1.197664022445678711e+00 2.488765399903059006e-03
4.595178663730621338e-01 5.238265991210937500e-01 2.205257892608642578e+00 6.138073801994323730e-01 1.125455260276794434e+00 2.382657490670681000e-02
3.187490701675415039e-01 5.661143660545349121e-01 2.249242067337036133e+00 6.645247340202331543e-01 1.100006937980651855e+00 6.611437350511550903e-02
2.530397474765777588e-01 6.274916529655456543e-01 2.295991897583007812e+00 7.224879264831542969e-01 1.123826622962951660e+00 1.274916380643844604e-01
2.738265693187713623e-01 7.052580118179321289e-01 2.344991922378540039e+00 7.864450812339782715e-01 1.194567084312438965e+00 2.052579820156097412e-01
3.774916529655456543e-01 7.959919571876525879e-01 2.395701646804809570e+00 8.550148010253906250e-01 1.305258035659790039e+00 2.959919571876525879e-01
5.459919571876525879e-01 8.957015872001647949e-01 2.447561502456665039e+00 9.267159700393676758e-01 1.444991946220397949e+00 3.957015872001647949e-01
7.500000000000000000e-01 1.000000000000000000e+00 2.500000000000000000e+00 1.000000000000000000e+00 1.600000023841857910e+00 5.000000000000000000e-01
