0.000000000000000000e+00 0.000000000000000000e+00 0.000000000000000000e+00 0.000000000000000000e+00 0.000000000000000000e+00 0.000000000000000000e+00
0.000000000000000000e+00 0.000000000000000000e+00 0.000000000000000000e+00 0.000000000000000000e+00 0.000000000000000000e+00 0.000000000000000000e+00
0.000000000000000000e+00 0.000000000000000000e+00 0.000000000000000000e+00 0.000000000000000000e+00 0.000000000000000000e+00 0.000000000000000000e+00
0.000000000000000000e+00 0.000000000000000000e+00 0.000000000000000000e+00 0.000000000000000000e+00 0.000000000000000000e+00 0.000000000000000000e+00
0.000000000000000000e+00 0.000000000000000000e+00 0.000000000000000000e+00 0.000000000000000000e+00 0.000000000000000000e+00 0.000000000000000000e+00
0.000000000000000000e+00 0.000000000000000000e+00 0.000000000000000000e+00 0.000000000000000000e+00 0.000000000000000000e+00 0.000000000000000000e+00
0.000000000000000000e+00 0.000000000000000000e+00 0.000000000000000000e+00 0.000000000000000000e+00 0.000000000000000000e+00 0.000000000000000000e+00
0.000000000000000000e+00 0.000000000000000000e+00 0.000000000000000000e+00 0.000000000000000000e+00 0.000000000000000000e+00 0.000000000000000000e+00
0.000000000000000000e+00 0.000000000000000000e+00 0.000000000000000000e+00 0.000000000000000000e+00 0.000000000000000000e+00 0.000000000000000000e+00
0.000000000000000000e+00 0.000000000000000000e+00 0.000000000000000000e+00 0.000000000000000000e+00 0.000000000000000000e+00 0.000000000000000000e+00
0.000000000000000000e+00 0.000000000000000000e+00 0.000000000000000000e+00 0.000000000000000000e+00 0.000000000000000000e+00 0.000000000000000000e+00
0.000000000000000000e+00 0.000000000000000000e+00 0.000000000000000000e+00 0.000000000000000000e+00 0.000000000000000000e+00 0.000000000000000000e+00
0.000000000000000000e+00 0.000000000000000000e+00 0.000000000000000000e+00 0.000000000000000000e+00 0.000000000000000000e+00 0.000000000000000000e+00
0.000000000000000000e+00 0.000000000000000000e+00 0.000000000000000000e+00 0.000000000000000000e+00 0.000000000000000000e+00 0.000000000000000000e+00
0.000000000000000000e+00 0.000000000000000000e+00 0.000000000000000000e+00 0.000000000000000000e+00 0.000000000000000000e+00 0.000000000000000000e+00
0.000000000000000000e+00 0.000000000000000000e+00 0.000000000000000000e+00 0.000000000000000000e+00 0.000000000000000000e+00 0.000000000000000000e+00
0.000000000000000000e+00 0.000000000000000000e+00 0.000000000000000000e+00 0.000000000000000000e+00 0.000000000000000000e+00 0.000000000000000000e+00
0.000000000000000000e+00 0.000000000000000000e+00 0.000000000000000000e+00 0.000000000000000000e+00 0.000000000000000000e+00 0.000000000000000000e+00
0.000000000000000000e+00 0.000000000000000000e+00 0.000000000000000000e+00 0.000000000000000000e+00 0.000000000000000000e+00 0.000000000000000000e+00
0.000000000000000000e+00 0.000000000000000000e+00 0.000000000000000000e+00 0.000000000000000000e+00 0.000000000000000000e+00 0.000000000000000000e+00
0.000000000000000000e+00 0.000000000000000000e+00 0.000000000000000000e+00 0.000000000000000000e+00 0.000000000000000000e+00 0.000000000000000000e+00
0.000000000000000000e+00 0.000000000000000000e+00 0.000000000000000000e+00 0.000000000000000000e+00 0.000000000000000000e+00 0.000000000000000000e+00
0.000000000000000000e+00 0.000000000000000000e+00 0.000000000000000000e+00 0.000000000000000000e+00 0.000000000000000000e+00 0.000000000000000000e+00
0.000000000000000000e+00 0.000000000000000000e+00 0.000000000000000000e+00 0.000000000000000000e+00 0.000000000000000000e+00 0.000000000000000000e+00
0.000000000000000000e+00 0.000000000000000000e+00 0.000000000000000000e+00 0.000000000000000000e+00 0.000000000000000000e+00 0.000000000000000000e+00
0.000000000000000000e+00 0.000000000000000000e+00 0.000000000000000000e+00 0.000000000000000000e+00 0.000000000000000000e+00 0.000000000000000000e+00
0.000000000000000000e+00 0.000000000000000000e+00 0.000000000000000000e+00 0.000000000000000000e+00 0.000000000000000000e+00 0.000000000000000000e+00
0.000000000000000000e+00 0.000000000000000000e+00 0.000000000000000000e+00 0.000000000000000000e+00 0.000000000000000000e+00 0.000000000000000000e+00
0.000000000000000000e+00 0.000000000000000000e+00 0.000000000000000000e+00 0.000000000000000000e+00 0.000000000000000000e+00 0.000000000000000000e+00
0.000000000000000000e+00 0.000000000000000000e+00 0.000000000000000000e+00 0.000000000000000000e+00 0.000000000000000000e+00 0.000000000000000000e+00
0.000000000000000000e+00 0.000000000000000000e+00 0.000000000000000000e+00 0.000000000000000000e+00 0.000000000000000000e+00 0.000000000000000000e+00
0.000000000000000000e+00 0.000000000000000000e+00 0.000000000000000000e+00 0.000000000000000000e+00 0.000000000000000000e+00 0.000000000000000000e+00
0.000000000000000000e+00 0.000000000000000000e+00 0.000000000000000000e+00 0.000000000000000000e+00 0.000000000000000000e+00 0.000000000000000000e+00
0.000000000000000000e+00 0.000000000000000000e+00 0.000000000000000000e+00 0.000000000000000000e+00 0.000000000000000000e+00 0.000000000000000000e+00
0.000000000000000000e+00 0.000000000000000000e+00 0.000000000000000000e+00 0.000000000000000000e+00 0.000000000000000000e+00 0.000000000000000000e+00
0.000000000000000000e+00 0.000000000000000000e+00 0.000000000000000000e+00 0.000000000000000000e+00 0.000000000000000000e+00 0.000000000000000000e+00
0.000000000000000000e+00 0.000000000000000000e+00 0.000000000000000000e+00 0.000000000000000000e+00 0.000000000000000000e+00 0.000000000000000000e+00
0.000000000000000000e+00 0.000000000000000000e+00 0.000000000000000000e+00 0.000000000000000000e+00 0.000000000000000000e+00 0.000000000000000000e+00
0.000000000000000000e+00 0.000000000000000000e+00 0.000000000000000000e+00 0.000000000000000000e+00 0.000000000000000000e+00 0.000000000000000000e+00
0.000000000000000000e+00 0.000000000000000000e+00 0.000000000000000000e+00 0.000000000000000000e+00 0.000000000000000000e+00 0.000000000000000000e+00
0.000000000000000000e+00 0.000000000000000000e+00 0.000000000000000000e+00 0.000000000000000000e+00 0.000000000000000000e+00 0.000000000000000000e+00
0.000000000000000000e+00 0.000000000000000000e+00 0.000000000000000000e+00 0.000000000000000000e+00 0.000000000000000000e+00 0.000000000000000000e+00
0.000000000000000000e+00 0.000000000000000000e+00 0.000000000000000000e+00 0.000000000000000000e+00 0.000000000000000000e+00 0.000000000000000000e+00
0.000000000000000000e+00 0.000000000000000000e+00 0.000000000000000000e+00 0.000000000000000000e+00 0.000000000000000000e+00 0.000000000000000000e+00
0.000000000000000000e+00 0.000000000000000000e+00 0.000000000000000000e+00 0.000000000000000000e+00 0.000000000000000000e+00 0.000000000000000000e+00
0.000000000000000000e+00 0.000000000000000000e+00 0.000000000000000000e+00 0.000000000000000000e+00 0.000000000000000000e+00 0.000000000000000000e+00
0.000000000000000000e+00 0.000000000000000000e+00 0.000000000000000000e+00 0.000000000000000000e+00 0.000000000000000000e+00 0.000000000000000000e+00
0.000000000000000000e+00 0.000000000000000000e+00 0.000000000000000000e+00 0.000000000000000000e+00 0.000000000000000000e+00 0.000000000000000000e+00
0.000000000000000000e+00 0.000000000000000000e+00 0.000000000000000000e+00 0.000000000000000000e+00 0.000000000000000000e+00 0.000000000000000000e+00
0.000000000000000000e+00 0.000000000000000000e+00 0.000000000000000000e+00 0.000000000000000000e+00 0.000000000000000000e+00 0.000000000000000000e+00
0.000000000000000000e+00 0.000000000000000000e+00 0.000000000000000000e+00 0.000000000000000000e+00 0.000000000000000000e+00 0.000000000000000000e+00
0.000000000000000000e+00 0.000000000000000000e+00 0.000000000000000000e+00 0.000000000000000000e+00 0.000000000000000000e+00 0.000000000000000000e+00
0.000000000000000000e+00 0.000000000000000000e+00 0.000000000000000000e+00 0.000000000000000000e+00 0.000000000000000000e+00 0.000000000000000000e+00
0.000000000000000000e+00 0.000000000000000000e+00 0.000000000000000000e+00 0.000000000000000000e+00 0.000000000000000000e+00 0.000000000000000000e+00
0.000000000000000000e+00 0.000000000000000000e+00 0.000000000000000000e+00 0.000000000000000000e+00 0.000000000000000000e+00 0.000000000000000000e+00
0.000000000000000000e+00 0.000000000000000000e+00 0.000000000000000000e+00 0.000000000000000000e+00 0.000000000000000000e+00 0.000000000000000000e+00
0.000000000000000000e+00 0.000000000000000000e+00 0.000000000000000000e+00 0.000000000000000000e+00 0.000000000000000000e+00 0.000000000000000000e+00
0.000000000000000000e+00 0.000000000000000000e+00 0.000000000000000000e+00 0.000000000000000000e+00 0.000000000000000000e+00 0.000000000000000000e+00
0.000000000000000000e+00 0.000000000000000000e+00 0.000000000000000000e+00 0.000000000000000000e+00 0.000000000000000000e+00 0.000000000000000000e+00
0.000000000000000000e+00 0.000000000000000000e+00 0.000000000000000000e+00 0.000000000000000000e+00 0.000000000000000000e+00 0.000000000000000000e+00
0.000000000000000000e+00 0.000000000000000000e+00 0.000000000000000000e+00 0.000000000000000000e+00 0.000000000000000000e+00 0.000000000000000000e+00
0.000000000000000000e+00 0.000000000000000000e+00 0.000000000000000000e+00 0.000000000000000000e+00 0.000000000000000000e+00 0.000000000000000000e+00
0.000000000000000000e+00 0.000000000000000000e+00 0.000000000000000000e+00 0.000000000000000000e+00 0.000000000000000000e+00 0.000000000000000000e+00
0.000000000000000000e+00 0.000000000000000000e+00 0.000000000000000000e+00 0.000000000000000000e+00 0.000000000000000000e+00 0.000000000000000000e+00
0.000000000000000000e+00 0.000000000000000000e+00 0.000000000000000000e+00 0.000000000000000000e+00 0.000000000000000000e+00 0.000000000000000000e+00
0.000000000000000000e+00 0.000000000000000000e+00 0.000000000000000000e+00 0.000000000000000000e+00 0.000000000000000000e+00 0.000000000000000000e+00
0.000000000000000000e+00 0.000000000000000000e+00 0.000000000000000000e+00 0.000000000000000000e+00 0.000000000000000000e+00 0.000000000000000000e+00
0.000000000000000000e+00 0.000000000000000000e+00 0.000000000000000000e+00 0.000000000000000000e+00 0.000000000000000000e+00 0.000000000000000000e+00
0.000000000000000000e+00 0.000000000000000000e+00 0.000000000000000000e+00 0.000000000000000000e+00 0.000000000000000000e+00 0.000000000000000000e+00
0.000000000000000000e+00 0.000000000000000000e+00 0.000000000000000000e+00 0.000000000000000000e+00 0.000000000000000000e+00 0.000000000000000000e+00
0.000000000000000000e+00 0.000000000000000000e+00 0.000000000000000000e+00 0.000000000000000000e+00 0.000000000000000000e+00 0.000000000000000000e+00
0.000000000000000000e+00 0.000000000000000000e+00 0.000000000000000000e+00 0.000000000000000000e+00 0.000000000000000000e+00 0.000000000000000000e+00
0.000000000000000000e+00 0.000000000000000000e+00 0.000000000000000000e+00 0.000000000000000000e+00 0.000000000000000000e+00 0.000000000000000000e+00
0.000000000000000000e+00 0.000000000000000000e+00 0.000000000000000000e+00 0.000000000000000000e+00 0.000000000000000000e+00 0.000000000000000000e+00
0.000000000000000000e+00 0.000000000000000000e+00 0.000000000000000000e+00 0.000000000000000000e+00 0.000000000000000000e+00 0.000000000000000000e+00
0.000000000000000000e+00 0.000000000000000000e+00 0.000000000000000000e+00 0.000000000000000000e+00 0.000000000000000000e+00 0.000000000000000000e+00
0.000000000000000000e+00 0.000000000000000000e+00 0.000000000000000000e+00 0.000000000000000000e+00 0.000000000000000000e+00 0.000000000000000000e+00
0.000000000000000000e+00 0.000000000000000000e+00 0.000000000000000000e+00 0.000000000000000000e+00 0.000000000000000000e+00 0.000000000000000000e+00
0.000000000000000000e+00 0.000000000000000000e+00 0.000000000000000000e+00 0.000000000000000000e+00 0.000000000000000000e+00 0.000000000000000000e+00
0.000000000000000000e+00 0.000000000000000000e+00 0.000000000000000000e+00 0.000000000000000000e+00 0.000000000000000000e+00 0.000000000000000000e+00
0.000000000000000000e+00 0.000000000000000000e+00 0.000000000000000000e+00 0.000000000000000000e+00 0.000000000000000000e+00 0.000000000000000000e+00
0.000000000000000000e+00 0.000000000000000000e+00 0.000000000000000000e+00 0.000000000000000000e+00 0.000000000000000000e+00 0.000000000000000000e+00
0.000000000000000000e+00 0.000000000000000000e+00 0.000000000000000000e+00 0.000000000000000000e+00 0.000000000000000000e+00 0.000000000000000000e+00
0.000000000000000000e+00 0.000000000000000000e+00 0.000000000000000000e+00 0.000000000000000000e+00 0.000000000000000000e+00 0.000000000000000000e+00
0.000000000000000000e+00 0.000000000000000000e+00 0.000000000000000000e+00 0.000000000000000000e+00 0.000000000000000000e+00 0.000000000000000000e+00
0.000000000000000000e+00 0.000000000000000000e+00 0.000000000000000000e+00 0.000000000000000000e+00 0.000000000000000000e+00 0.000000000000000000e+00
0.000000000000000000e+00 0.000000000000000000e+00 0.000000000000000000e+00 0.000000000000000000e+00 0.000000000000000000e+00 0.000000000000000000e+00
0.000000000000000000e+00 0.000000000000000000e+00 0.000000000000000000e+00 0.000000000000000000e+00 0.000000000000000000e+00 0.000000000000000000e+00
0.000000000000000000e+00 0.000000000000000000e+00 0.000000000000000000e+00 0.000000000000000000e+00 0.000000000000000000e+00 0.000000000000000000e+00
0.000000000000000000e+00 0.000000000000000000e+00 0.000000000000000000e+00 0.000000000000000000e+00 0.000000000000000000e+00 0.000000000000000000e+00
0.000000000000000000e+00 0.000000000000000000e+00 0.000000000000000000e+00 0.000000000000000000e+00 0.000000000000000000e+00 0.000000000000000000e+00
0.000000000000000000e+00 0.000000000000000000e+00 0.000000000000000000e+00 0.000000000000000000e+00 0.000000000000000000e+00 0.000000000000000000e+00
0.000000000000000000e+00 0.000000000000000000e+00 0.000000000000000000e+00 0.000000000000000000e+00 0.000000000000000000e+00 0.000000000000000000e+00
0.000000000000000000e+00 0.000000000000000000e+00 0.000000000000000000e+00 0.000000000000000000e+00 0.000000000000000000e+00 0.000000000000000000e+00
0.000000000000000000e+00 0.000000000000000000e+00 0.000000000000000000e+00 0.000000000000000000e+00 0.000000000000000000e+00 0.000000000000000000e+00
0.000000000000000000e+00 0.000000000000000000e+00 0.000000000000000000e+00 0.000000000000000000e+00 0.000000000000000000e+00 0.000000000000000000e+00
0.000000000000000000e+00 0.000000000000000000e+00 0.000000000000000000e+00 0.000000000000000000e+00 0.000000000000000000e+00 0.000000000000000000e+00
0.000000000000000000e+00 0.000000000000000000e+00 0.000000000000000000e+00 0.000000000000000000e+00 0.000000000000000000e+00 0.000000000000000000e+00
0.000000000000000000e+00 0.000000000000000000e+00 0.000000000000000000e+00 0.000000000000000000e+00 0.000000000000000000e+00 0.000000000000000000e+00
0.000000000000000000e+00 0.000000000000000000e+00 0.000000000000000000e+00 0.000000000000000000e+00 0.000000000000000000e+00 0.000000000000000000e+00
0.000000000000000000e+00 0.000000000000000000e+00 0.000000000000000000e+00 0.000000000000000000e+00 0.000000000000000000e+00 0.000000000000000000e+00
3.027749620378017426e-02 3.282668441534042358e-02 2.830884885042905807e-03 3.088224865496158600e-02 7.274712901562452316e-03 1.419906876981258392e-02
6.055499240756034851e-02 6.565336883068084717e-02 5.661769770085811615e-03 6.176449730992317200e-02 1.454942580312490463e-02 2.839813753962516785e-02
9.083249419927597046e-02 9.848005324602127075e-02 8.492655120790004730e-03 9.264674782752990723e-02 2.182413823902606964e-02 4.259720444679260254e-02
1.211099848151206970e-01 1.313067376613616943e-01 1.132353954017162323e-02 1.235289946198463440e-01 2.909885160624980927e-02 5.679627507925033569e-02
1.513874828815460205e-01 1.641334295272827148e-01 1.415442489087581635e-02 1.544112414121627808e-01 3.637356311082839966e-02 7.099534571170806885e-02
1.816649883985519409e-01 1.969601064920425415e-01 1.698531024158000946e-02 1.852934956550598145e-01 4.364827647805213928e-02 8.519440889358520508e-02
2.119424790143966675e-01 2.297867983579635620e-01 1.981619372963905334e-02 2.161757349967956543e-01 5.092298984527587891e-02 9.939347952604293823e-02
2.422199696302413940e-01 2.626134753227233887e-01 2.264707908034324646e-02 2.470579892396926880e-01 5.819770321249961853e-02 1.135925501585006714e-01
2.724974751472473145e-01 2.954401671886444092e-01 2.547796443104743958e-02 2.779402434825897217e-01 6.547241657972335815e-02 1.277916133403778076e-01
3.027749657630920410e-01 3.282668590545654297e-01 2.830884978175163269e-02 3.088224828243255615e-01 7.274712622165679932e-02 1.419906914234161377e-01
3.330524563789367676e-01 3.610935211181640625e-01 3.113973513245582581e-02 3.397047221660614014e-01 8.002184331417083740e-02 1.561897546052932739e-01
3.633299767971038818e-01 3.939202129840850830e-01 3.397062048316001892e-02 3.705869913101196289e-01 8.729655295610427856e-02 1.703888177871704102e-01
3.936074674129486084e-01 4.267469048500061035e-01 3.680150583386421204e-02 4.014692306518554688e-01 9.457127004861831665e-02 1.845878958702087402e-01
4.238849580287933350e-01 4.595735967159271240e-01 3.963238745927810669e-02 4.323514699935913086e-01 1.018459796905517578e-01 1.987869590520858765e-01
4.541624486446380615e-01 4.924002587795257568e-01 4.246327280998229980e-02 4.632337391376495361e-01 1.091206893324851990e-01 2.129860222339630127e-01
4.844399392604827881e-01 5.252269506454467773e-01 4.529415816068649292e-02 4.941159784793853760e-01 1.163954064249992371e-01 2.271851003170013428e-01
5.147174596786499023e-01 5.580536127090454102e-01 4.812504351139068604e-02 5.249982476234436035e-01 1.236701160669326782e-01 2.413841634988784790e-01
5.449949502944946289e-01 5.908803343772888184e-01 5.095592886209487915e-02 5.558804869651794434e-01 1.309448331594467163e-01 2.555832266807556152e-01
5.752724409103393555e-01 6.237069964408874512e-01 5.378681421279907227e-02 5.867627263069152832e-01 1.382195502519607544e-01 2.697823047637939453e-01
6.055499315261840820e-01 6.565337181091308594e-01 5.661769956350326538e-02 6.176449656486511230e-01 1.454942524433135986e-01 2.839813828468322754e-01
6.358274221420288086e-01 6.893603801727294922e-01 5.944858491420745850e-02 6.485272049903869629e-01 1.527689695358276367e-01 2.981804311275482178e-01
6.661049127578735352e-01 7.221870422363281250e-01 6.227947026491165161e-02 6.794094443321228027e-01 1.600436866283416748e-01 3.123795092105865479e-01
6.963824033737182617e-01 7.550137639045715332e-01 6.511035561561584473e-02 7.102917432785034180e-01 1.673183888196945190e-01 3.265785872936248779e-01
7.266599535942077637e-01 7.878404259681701660e-01 6.794124096632003784e-02 7.411739826202392578e-01 1.745931059122085571e-01 3.407776355743408203e-01
7.569374442100524902e-01 8.206670880317687988e-01 7.077212631702423096e-02 7.720562219619750977e-01 1.818678230047225952e-01 3.549767136573791504e-01
7.872149348258972168e-01 8.534938097000122070e-01 7.360301166772842407e-02 8.029384613037109375e-01 1.891425400972366333e-01 3.691757917404174805e-01
8.174924254417419434e-01 8.863204717636108398e-01 7.643388956785202026e-02 8.338207006454467773e-01 1.964172422885894775e-01 3.833748400211334229e-01
8.477699160575866699e-01 9.191471934318542480e-01 7.926477491855621338e-02 8.647029399871826172e-01 2.036919593811035156e-01 3.975739181041717529e-01
8.780474066734313965e-01 9.519738554954528809e-01 8.209566026926040649e-02 8.955851793289184570e-01 2.109666764736175537e-01 4.117729961872100830e-01
9.083248972892761230e-01 9.848005175590515137e-01 8.492654561996459961e-02 9.264674782752990723e-01 2.182413786649703979e-01 4.259720444679260254e-01
9.038837552070617676e-01 9.998698234558105469e-01 8.352462947368621826e-02 9.361081123352050781e-01 2.457609027624130249e-01 4.202335476875305176e-01
8.994425535202026367e-01 1.014939069747924805e+00 8.212270587682723999e-02 9.457488059997558594e-01 2.732804417610168457e-01 4.144950211048126221e-01
8.950014114379882812e-01 1.030008316040039062e+00 8.072078227996826172e-02 9.553894400596618652e-01 3.007999360561370850e-01 4.087565243244171143e-01
8.905602097511291504e-01 1.045077562332153320e+00 7.931886613368988037e-02 9.650301337242126465e-01 3.283194601535797119e-01 4.030179977416992188e-01
8.861190676689147949e-01 1.060146808624267578e+00 7.791694253683090210e-02 9.746707677841186523e-01 3.558389842510223389e-01 3.972794711589813232e-01
8.816778659820556641e-01 1.075216174125671387e+00 7.651501893997192383e-02 9.843114614486694336e-01 3.833585083484649658e-01 3.915409743785858154e-01
8.772367238998413086e-01 1.090285420417785645e+00 7.511310279369354248e-02 9.939520955085754395e-01 4.108780324459075928e-01 3.858024477958679199e-01
8.727955222129821777e-01 1.105354666709899902e+00 7.371117919683456421e-02 1.003592729568481445e+00 4.383975565433502197e-01 3.800639212131500244e-01
8.683543801307678223e-01 1.120423913002014160e+00 7.230925559997558594e-02 1.013233423233032227e+00 4.659170806407928467e-01 3.743254244327545166e-01
8.639131784439086914e-01 1.135493159294128418e+00 7.090733945369720459e-02 1.022874116897583008e+00 4.934366047382354736e-01 3.685868978500366211e-01
8.594720363616943359e-01 1.150562405586242676e+00 6.950541585683822632e-02 1.032514810562133789e+00 5.209560990333557129e-01 3.628484010696411133e-01
8.550308942794799805e-01 1.165631651878356934e+00 6.810349225997924805e-02 1.042155385017395020e+00 5.484756231307983398e-01 3.571098744869232178e-01
8.505896925926208496e-01 1.180701017379760742e+00 6.670157611370086670e-02 1.051796078681945801e+00 5.759951472282409668e-01 3.513713479042053223e-01
8.461485505104064941e-01 1.195770263671875000e+00 6.529965251684188843e-02 1.061436772346496582e+00 6.035146713256835938e-01 3.456328511238098145e-01
8.417073488235473633e-01 1.210839509963989258e+00 6.389772891998291016e-02 1.071077466011047363e+00 6.310341954231262207e-01 3.398943245410919189e-01
8.372662067413330078e-01 1.225908756256103516e+00 6.249581277370452881e-02 1.080718040466308594e+00 6.585537195205688477e-01 3.341558277606964111e-01
8.328250050544738770e-01 1.240978002548217773e+00 6.109388917684555054e-02 1.090358734130859375e+00 6.860732436180114746e-01 3.284173011779785156e-01
8.283838629722595215e-01 1.256047248840332031e+00 5.969196930527687073e-02 1.099999427795410156e+00 7.135927677154541016e-01 3.226787745952606201e-01
8.239426612854003906e-01 1.271116495132446289e+00 5.829004943370819092e-02 1.109640121459960938e+00 7.411122918128967285e-01 3.169402778148651123e-01
8.195015192031860352e-01 1.286185860633850098e+00 5.688812583684921265e-02 1.119280695915222168e+00 7.686318159103393555e-01 3.112017512321472168e-01
8.150603175163269043e-01 1.301255106925964355e+00 5.548620596528053284e-02 1.128921389579772949e+00 7.961513400077819824e-01 3.054632246494293213e-01
8.106191754341125488e-01 1.316324353218078613e+00 5.408428609371185303e-02 1.138562083244323730e+00 8.236708641052246094e-01 2.997247278690338135e-01
8.061779737472534180e-01 1.331393599510192871e+00 5.268236249685287476e-02 1.148202776908874512e+00 8.511903882026672363e-01 2.939862012863159180e-01
8.017368316650390625e-01 1.346462845802307129e+00 5.128044262528419495e-02 1.157843351364135742e+00 8.787099123001098633e-01 2.882477045059204102e-01
7.972956299781799316e-01 1.361532092094421387e+00 4.987852275371551514e-02 1.167484045028686523e+00 9.062294363975524902e-01 2.825091779232025146e-01
7.928544878959655762e-01 1.376601338386535645e+00 4.847659915685653687e-02 1.177124738693237305e+00 9.337489604949951172e-01 2.767706513404846191e-01
7.884132862091064453e-01 1.391670703887939453e+00 4.707467928528785706e-02 1.186765432357788086e+00 9.612684845924377441e-01 2.710321545600891113e-01
7.839721441268920898e-01 1.406739950180053711e+00 4.567275941371917725e-02 1.196406006813049316e+00 9.887880086898803711e-01 2.652936279773712158e-01
7.795309424400329590e-01 1.421809196472167969e+00 4.427083581686019897e-02 1.206046700477600098e+00 1.016307473182678223e+00 2.595551311969757080e-01
7.750898003578186035e-01 1.436878442764282227e+00 4.286891594529151917e-02 1.215687394142150879e+00 1.043827056884765625e+00 2.538166046142578125e-01
7.750898003578186035e-01 1.436878442764282227e+00 4.286891594529151917e-02 1.215687394142150879e+00 1.043827056884765625e+00 2.538166046142578125e-01
7.750898003578186035e-01 1.436878442764282227e+00 4.286891594529151917e-02 1.215687394142150879e+00 1.043827056884765625e+00 2.538166046142578125e-01
7.750898003578186035e-01 1.436878442764282227e+00 4.286891594529151917e-02 1.215687394142150879e+00 1.043827056884765625e+00 2.538166046142578125e-01
7.750898003578186035e-01 1.436878442764282227e+00 4.286891594529151917e-02 1.215687394142150879e+00 1.043827056884765625e+00 2.538166046142578125e-01
7.750898003578186035e-01 1.436878442764282227e+00 4.286891594529151917e-02 1.215687394142150879e+00 1.043827056884765625e+00 2.538166046142578125e-01
7.750898003578186035e-01 1.436878442764282227e+00 4.286891594529151917e-02 1.215687394142150879e+00 1.043827056884765625e+00 2.538166046142578125e-01
7.750898003578186035e-01 1.436878442764282227e+00 4.286891594529151917e-02 1.215687394142150879e+00 1.043827056884765625e+00 2.538166046142578125e-01
7.750898003578186035e-01 1.436878442764282227e+00 4.286891594529151917e-02 1.215687394142150879e+00 1.043827056884765625e+00 2.538166046142578125e-01
7.750898003578186035e-01 1.436878442764282227e+00 4.286891594529151917e-02 1.215687394142150879e+00 1.043827056884765625e+00 2.538166046142578125e-01
7.750898003578186035e-01 1.436878442764282227e+00 4.286891594529151917e-02 1.215687394142150879e+00 1.043827056884765625e+00 2.538166046142578125e-01
7.750898003578186035e-01 1.436878442764282227e+00 4.286891594529151917e-02 1.215687394142150879e+00 1.043827056884765625e+00 2.538166046142578125e-01
7.750898003578186035e-01 1.436878442764282227e+00 4.286891594529151917e-02 1.215687394142150879e+00 1.043827056884765625e+00 2.538166046142578125e-01
7.750898003578186035e-01 1.436878442764282227e+00 4.286891594529151917e-02 1.215687394142150879e+00 1.043827056884765625e+00 2.538166046142578125e-01
7.750898003578186035e-01 1.436878442764282227e+00 4.286891594529151917e-02 1.215687394142150879e+00 1.043827056884765625e+00 2.538166046142578125e-01
7.750898003578186035e-01 1.436878442764282227e+00 4.286891594529151917e-02 1.215687394142150879e+00 1.043827056884765625e+00 2.538166046142578125e-01
7.750898003578186035e-01 1.436878442764282227e+00 4.286891594529151917e-02 1.215687394142150879e+00 1.043827056884765625e+00 2.538166046142578125e-01
7.750898003578186035e-01 1.436878442764282227e+00 4.286891594529151917e-02 1.215687394142150879e+00 1.043827056884765625e+00 2.538166046142578125e-01
7.750898003578186035e-01 1.436878442764282227e+00 4.286891594529151917e-02 1.215687394142150879e+00 1.043827056884765625e+00 2.538166046142578125e-01
7.750898003578186035e-01 1.436878442764282227e+00 4.286891594529151917e-02 1.215687394142150879e+00 1.043827056884765625e+00 2.538166046142578125e-01
7.750898003578186035e-01 1.436878442764282227e+00 4.286891594529151917e-02 1.215687394142150879e+00 1.043827056884765625e+00 2.538166046142578125e-01
7.750898003578186035e-01 1.436878442764282227e+00 4.286891594529151917e-02 1.215687394142150879e+00 1.043827056884765625e+00 2.538166046142578125e-01
7.750898003578186035e-01 1.436878442764282227e+00 4.286891594529151917e-02 1.215687394142150879e+00 1.043827056884765625e+00 2.538166046142578125e-01
7.750898003578186035e-01 1.436878442764282227e+00 4.286891594529151917e-02 1.215687394142150879e+00 1.043827056884765625e+00 2.538166046142578125e-01
7.750898003578186035e-01 1.436878442764282227e+00 4.286891594529151917e-02 1.215687394142150879e+00 1.043827056884765625e+00 2.538166046142578125e-01
7.750898003578186035e-01 1.436878442764282227e+00 4.286891594529151917e-02 1.215687394142150879e+00 1.043827056884765625e+00 2.538166046142578125e-01
7.750898003578186035e-01 1.436878442764282227e+00 4.286891594529151917e-02 1.215687394142150879e+00 1.043827056884765625e+00 2.538166046142578125e-01
7.750898003578186035e-01 1.436878442764282227e+00 4.286891594529151917e-02 1.215687394142150879e+00 1.043827056884765625e+00 2.538166046142578125e-01
7.750898003578186035e-01 1.436878442764282227e+00 4.286891594529151917e-02 1.215687394142150879e+00 1.043827056884765625e+00 2.538166046142578125e-01
7.750898003578186035e-01 1.436878442764282227e+00 4.286891594529151917e-02 1.215687394142150879e+00 1.043827056884765625e+00 2.538166046142578125e-01
7.750898003578186035e-01 1.436878442764282227e+00 4.286891594529151917e-02 1.215687394142150879e+00 1.043827056884765625e+00 2.538166046142578125e-01
7.750898003578186035e-01 1.436878442764282227e+00 4.286891594529151917e-02 1.215687394142150879e+00 1.043827056884765625e+00 2.538166046142578125e-01
7.750898003578186035e-01 1.436878442764282227e+00 4.286891594529151917e-02 1.215687394142150879e+00 1.043827056884765625e+00 2.538166046142578125e-01
7.750898003578186035e-01 1.436878442764282227e+00 4.286891594529151917e-02 1.215687394142150879e+00 1.043827056884765625e+00 2.538166046142578125e-01
7.750898003578186035e-01 1.436878442764282227e+00 4.286891594529151917e-02 1.215687394142150879e+00 1.043827056884765625e+00 2.538166046142578125e-01
7.750898003578186035e-01 1.436878442764282227e+00 4.286891594529151917e-02 1.215687394142150879e+00 1.043827056884765625e+00 2.538166046142578125e-01
7.750898003578186035e-01 1.436878442764282227e+00 4.286891594529151917e-02 1.215687394142150879e+00 1.043827056884765625e+00 2.538166046142578125e-01
7.750898003578186035e-01 1.436878442764282227e+00 4.286891594529151917e-02 1.215687394142150879e+00 1.043827056884765625e+00 2.538166046142578125e-01
7.750898003578186035e-01 1.436878442764282227e+00 4.286891594529151917e-02 1.215687394142150879e+00 1.043827056884765625e+00 2.538166046142578125e-01
7.750898003578186035e-01 1.436878442764282227e+00 4.286891594529151917e-02 1.215687394142150879e+00 1.043827056884765625e+00 2.538166046142578125e-01
7.750898003578186035e-01 1.436878442764282227e+00 4.286891594529151917e-02 1.215687394142150879e+00 1.043827056884765625e+00 2.538166046142578125e-01
7.750898003578186035e-01 1.436878442764282227e+00 4.286891594529151917e-02 1.215687394142150879e+00 1.043827056884765625e+00 2.538166046142578125e-01
7.750898003578186035e-01 1.436878442764282227e+00 4.286891594529151917e-02 1.215687394142150879e+00 1.043827056884765625e+00 2.538166046142578125e-01
7.750898003578186035e-01 1.436878442764282227e+00 4.286891594529151917e-02 1.215687394142150879e+00 1.043827056884765625e+00 2.538166046142578125e-01
7.750898003578186035e-01 1.436878442764282227e+00 4.286891594529151917e-02 1.215687394142150879e+00 1.043827056884765625e+00 2.538166046142578125e-01
7.750898003578186035e-01 1.436878442764282227e+00 4.286891594529151917e-02 1.215687394142150879e+00 1.043827056884765625e+00 2.538166046142578125e-01
7.750898003578186035e-01 1.436878442764282227e+00 4.286891594529151917e-02 1.215687394142150879e+00 1.043827056884765625e+00 2.538166046142578125e-01
7.750898003578186035e-01 1.436878442764282227e+00 4.286891594529151917e-02 1.215687394142150879e+00 1.043827056884765625e+00 2.538166046142578125e-01
7.750898003578186035e-01 1.436878442764282227e+00 4.286891594529151917e-02 1.215687394142150879e+00 1.043827056884765625e+00 2.538166046142578125e-01
7.750898003578186035e-01 1.436878442764282227e+00 4.286891594529151917e-02 1.215687394142150879e+00 1.043827056884765625e+00 2.538166046142578125e-01
7.750898003578186035e-01 1.436878442764282227e+00 4.286891594529151917e-02 1.215687394142150879e+00 1.043827056884765625e+00 2.538166046142578125e-01
7.750898003578186035e-01 1.436878442764282227e+00 4.286891594529151917e-02 1.215687394142150879e+00 1.043827056884765625e+00 2.538166046142578125e-01
7.750898003578186035e-01 1.436878442764282227e+00 4.286891594529151917e-02 1.215687394142150879e+00 1.043827056884765625e+00 2.538166046142578125e-01
7.750898003578186035e-01 1.436878442764282227e+00 4.286891594529151917e-02 1.215687394142150879e+00 1.043827056884765625e+00 2.538166046142578125e-01
7.750898003578186035e-01 1.436878442764282227e+00 4.286891594529151917e-02 1.215687394142150879e+00 1.043827056884765625e+00 2.538166046142578125e-01
7.750898003578186035e-01 1.436878442764282227e+00 4.286891594529151917e-02 1.215687394142150879e+00 1.043827056884765625e+00 2.538166046142578125e-01
7.750898003578186035e-01 1.436878442764282227e+00 4.286891594529151917e-02 1.215687394142150879e+00 1.043827056884765625e+00 2.538166046142578125e-01
7.750898003578186035e-01 1.436878442764282227e+00 4.286891594529151917e-02 1.215687394142150879e+00 1.043827056884765625e+00 2.538166046142578125e-01
7.750898003578186035e-01 1.436878442764282227e+00 4.286891594529151917e-02 1.215687394142150879e+00 1.043827056884765625e+00 2.538166046142578125e-01
7.750898003578186035e-01 1.436878442764282227e+00 4.286891594529151917e-02 1.215687394142150879e+00 1.043827056884765625e+00 2.538166046142578125e-01
7.750898003578186035e-01 1.436878442764282227e+00 4.286891594529151917e-02 1.215687394142150879e+00 1.043827056884765625e+00 2.538166046142578125e-01
7.750898003578186035e-01 1.436878442764282227e+00 4.286891594529151917e-02 1.215687394142150879e+00 1.043827056884765625e+00 2.538166046142578125e-01
7.750898003578186035e-01 1.436878442764282227e+00 4.286891594529151917e-02 1.215687394142150879e+00 1.043827056884765625e+00 2.538166046142578125e-01
7.750898003578186035e-01 1.436878442764282227e+00 4.286891594529151917e-02 1.215687394142150879e+00 1.043827056884765625e+00 2.538166046142578125e-01
7.750898003578186035e-01 1.436878442764282227e+00 4.286891594529151917e-02 1.215687394142150879e+00 1.043827056884765625e+00 2.538166046142578125e-01
7.750898003578186035e-01 1.436878442764282227e+00 4.286891594529151917e-02 1.215687394142150879e+00 1.043827056884765625e+00 2.538166046142578125e-01
7.750898003578186035e-01 1.436878442764282227e+00 4.286891594529151917e-02 1.215687394142150879e+00 1.043827056884765625e+00 2.538166046142578125e-01
7.750898003578186035e-01 1.436878442764282227e+00 4.286891594529151917e-02 1.215687394142150879e+00 1.043827056884765625e+00 2.538166046142578125e-01
7.750898003578186035e-01 1.436878442764282227e+00 4.286891594529151917e-02 1.215687394142150879e+00 1.043827056884765625e+00 2.538166046142578125e-01
7.750898003578186035e-01 1.436878442764282227e+00 4.286891594529151917e-02 1.215687394142150879e+00 1.043827056884765625e+00 2.538166046142578125e-01
7.750898003578186035e-01 1.436878442764282227e+00 4.286891594529151917e-02 1.215687394142150879e+00 1.043827056884765625e+00 2.538166046142578125e-01
7.750898003578186035e-01 1.436878442764282227e+00 4.286891594529151917e-02 1.215687394142150879e+00 1.043827056884765625e+00 2.538166046142578125e-01
7.750898003578186035e-01 1.436878442764282227e+00 4.286891594529151917e-02 1.215687394142150879e+00 1.043827056884765625e+00 2.538166046142578125e-01
7.750898003578186035e-01 1.436878442764282227e+00 4.286891594529151917e-02 1.215687394142150879e+00 1.043827056884765625e+00 2.538166046142578125e-01
7.750898003578186035e-01 1.436878442764282227e+00 4.286891594529151917e-02 1.215687394142150879e+00 1.043827056884765625e+00 2.538166046142578125e-01
7.750898003578186035e-01 1.436878442764282227e+00 4.286891594529151917e-02 1.215687394142150879e+00 1.043827056884765625e+00 2.538166046142578125e-01
7.750898003578186035e-01 1.436878442764282227e+00 4.286891594529151917e-02 1.215687394142150879e+00 1.043827056884765625e+00 2.538166046142578125e-01
7.750898003578186035e-01 1.436878442764282227e+00 4.286891594529151917e-02 1.215687394142150879e+00 1.043827056884765625e+00 2.538166046142578125e-01
7.750898003578186035e-01 1.436878442764282227e+00 4.286891594529151917e-02 1.215687394142150879e+00 1.043827056884765625e+00 2.538166046142578125e-01
7.750898003578186035e-01 1.436878442764282227e+00 4.286891594529151917e-02 1.215687394142150879e+00 1.043827056884765625e+00 2.538166046142578125e-01
7.750898003578186035e-01 1.436878442764282227e+00 4.286891594529151917e-02 1.215687394142150879e+00 1.043827056884765625e+00 2.538166046142578125e-01
7.750898003578186035e-01 1.436878442764282227e+00 4.286891594529151917e-02 1.215687394142150879e+00 1.043827056884765625e+00 2.538166046142578125e-01
7.750898003578186035e-01 1.436878442764282227e+00 4.286891594529151917e-02 1.215687394142150879e+00 1.043827056884765625e+00 2.538166046142578125e-01
7.750898003578186035e-01 1.436878442764282227e+00 4.286891594529151917e-02 1.215687394142150879e+00 1.043827056884765625e+00 2.538166046142578125e-01
7.750898003578186035e-01 1.436878442764282227e+00 4.286891594529151917e-02 1.215687394142150879e+00 1.043827056884765625e+00 2.538166046142578125e-01
7.750898003578186035e-01 1.436878442764282227e+00 4.286891594529151917e-02 1.215687394142150879e+00 1.043827056884765625e+00 2.538166046142578125e-01
7.750898003578186035e-01 1.436878442764282227e+00 4.286891594529151917e-02 1.215687394142150879e+00 1.043827056884765625e+00 2.538166046142578125e-01
7.750898003578186035e-01 1.436878442764282227e+00 4.286891594529151917e-02 1.215687394142150879e+00 1.043827056884765625e+00 2.538166046142578125e-01
7.750898003578186035e-01 1.436878442764282227e+00 4.286891594529151917e-02 1.215687394142150879e+00 1.043827056884765625e+00 2.538166046142578125e-01
7.750898003578186035e-01 1.436878442764282227e+00 4.286891594529151917e-02 1.215687394142150879e+00 1.043827056884765625e+00 2.538166046142578125e-01
7.750898003578186035e-01 1.436878442764282227e+00 4.286891594529151917e-02 1.215687394142150879e+00 1.043827056884765625e+00 2.538166046142578125e-01
