0.000000000000000000e+00 0.000000000000000000e+00 0.000000000000000000e+00 0.000000000000000000e+00 0.000000000000000000e+00 0.000000000000000000e+00
0.000000000000000000e+00 0.000000000000000000e+00 0.000000000000000000e+00 0.000000000000000000e+00 0.000000000000000000e+00 0.000000000000000000e+00
0.000000000000000000e+00 0.000000000000000000e+00 0.000000000000000000e+00 0.000000000000000000e+00 0.000000000000000000e+00 0.000000000000000000e+00
0.000000000000000000e+00 0.000000000000000000e+00 0.000000000000000000e+00 0.000000000000000000e+00 0.000000000000000000e+00 0.000000000000000000e+00
0.000000000000000000e+00 0.000000000000000000e+00 0.000000000000000000e+00 0.000000000000000000e+00 0.000000000000000000e+00 0.000000000000000000e+00
0.000000000000000000e+00 0.000000000000000000e+00 0.000000000000000000e+00 0.000000000000000000e+00 0.000000000000000000e+00 0.000000000000000000e+00
0.000000000000000000e+00 0.000000000000000000e+00 0.000000000000000000e+00 0.000000000000000000e+00 0.000000000000000000e+00 0.000000000000000000e+00
0.000000000000000000e+00 0.000000000000000000e+00 0.000000000000000000e+00 0.000000000000000000e+00 0.000000000000000000e+00 0.000000000000000000e+00
0.000000000000000000e+00 0.000000000000000000e+00 0.000000000000000000e+00 0.000000000000000000e+00 0.000000000000000000e+00 0.000000000000000000e+00
0.000000000000000000e+00 0.000000000000000000e+00 0.000000000000000000e+00 0.000000000000000000e+00 0.000000000000000000e+00 0.000000000000000000e+00
0.000000000000000000e+00 0.000000000000000000e+00 0.000000000000000000e+00 0.000000000000000000e+00 0.000000000000000000e+00 0.000000000000000000e+00
0.000000000000000000e+00 0.000000000000000000e+00 0.000000000000000000e+00 0.000000000000000000e+00 0.000000000000000000e+00 0.000000000000000000e+00
0.000000000000000000e+00 0.000000000000000000e+00 0.000000000000000000e+00 0.000000000000000000e+00 0.000000000000000000e+00 0.000000000000000000e+00
0.000000000000000000e+00 0.000000000000000000e+00 0.000000000000000000e+00 0.000000000000000000e+00 0.000000000000000000e+00 0.000000000000000000e+00
0.000000000000000000e+00 0.000000000000000000e+00 0.000000000000000000e+00 0.000000000000000000e+00 0.000000000000000000e+00 0.000000000000000000e+00
0.000000000000000000e+00 0.000000000000000000e+00 0.000000000000000000e+00 0.000000000000000000e+00 0.000000000000000000e+00 0.000000000000000000e+00
0.000000000000000000e+00 0.000000000000000000e+00 0.000000000000000000e+00 0.000000000000000000e+00 0.000000000000000000e+00 0.000000000000000000e+00
0.000000000000000000e+00 0.000000000000000000e+00 0.000000000000000000e+00 0.000000000000000000e+00 0.000000000000000000e+00 0.000000000000000000e+00
0.000000000000000000e+00 0.000000000000000000e+00 0.000000000000000000e+00 0.000000000000000000e+00 0.000000000000000000e+00 0.000000000000000000e+00
0.000000000000000000e+00 0.000000000000000000e+00 0.000000000000000000e+00 0.000000000000000000e+00 0.000000000000000000e+00 0.000000000000000000e+00
0.000000000000000000e+00 0.000000000000000000e+00 0.000000000000000000e+00 0.000000000000000000e+00 0.000000000000000000e+00 0.000000000000000000e+00
0.000000000000000000e+00 0.000000000000000000e+00 0.000000000000000000e+00 0.000000000000000000e+00 0.000000000000000000e+00 0.000000000000000000e+00
0.000000000000000000e+00 0.000000000000000000e+00 0.000000000000000000e+00 0.000000000000000000e+00 0.000000000000000000e+00 0.000000000000000000e+00
0.000000000000000000e+00 0.000000000000000000e+00 0.000000000000000000e+00 0.000000000000000000e+00 0.000000000000000000e+00 0.000000000000000000e+00
0.000000000000000000e+00 0.000000000000000000e+00 0.000000000000000000e+00 0.000000000000000000e+00 0.000000000000000000e+00 0.000000000000000000e+00
0.000000000000000000e+00 0.000000000000000000e+00 0.000000000000000000e+00 0.000000000000000000e+00 0.000000000000000000e+00 0.000000000000000000e+00
0.000000000000000000e+00 0.000000000000000000e+00 0.000000000000000000e+00 0.000000000000000000e+00 0.000000000000000000e+00 0.000000000000000000e+00
0.000000000000000000e+00 0.000000000000000000e+00 0.000000000000000000e+00 0.000000000000000000e+00 0.000000000000000000e+00 0.000000000000000000e+00
0.000000000000000000e+00 0.000000000000000000e+00 0.000000000000000000e+00 0.000000000000000000e+00 0.000000000000000000e+00 0.000000000000000000e+00
0.000000000000000000e+00 0.000000000000000000e+00 0.000000000000000000e+00 0.000000000000000000e+00 0.000000000000000000e+00 0.000000000000000000e+00
0.000000000000000000e+00 0.000000000000000000e+00 0.000000000000000000e+00 0.000000000000000000e+00 0.000000000000000000e+00 0.000000000000000000e+00
0.000000000000000000e+00 0.000000000000000000e+00 0.000000000000000000e+00 0.000000000000000000e+00 0.000000000000000000e+00 0.000000000000000000e+00
0.000000000000000000e+00 0.000000000000000000e+00 0.000000000000000000e+00 0.000000000000000000e+00 0.000000000000000000e+00 0.000000000000000000e+00
0.000000000000000000e+00 0.000000000000000000e+00 0.000000000000000000e+00 0.000000000000000000e+00 0.000000000000000000e+00 0.000000000000000000e+00
0.000000000000000000e+00 0.000000000000000000e+00 0.000000000000000000e+00 0.000000000000000000e+00 0.000000000000000000e+00 0.000000000000000000e+00
0.000000000000000000e+00 0.000000000000000000e+00 0.000000000000000000e+00 0.000000000000000000e+00 0.000000000000000000e+00 0.000000000000000000e+00
0.000000000000000000e+00 0.000000000000000000e+00 0.000000000000000000e+00 0.000000000000000000e+00 0.000000000000000000e+00 0.000000000000000000e+00
0.000000000000000000e+00 0.000000000000000000e+00 0.000000000000000000e+00 0.000000000000000000e+00 0.000000000000000000e+00 0.000000000000000000e+00
0.000000000000000000e+00 0.000000000000000000e+00 0.000000000000000000e+00 0.000000000000000000e+00 0.000000000000000000e+00 0.000000000000000000e+00
0.000000000000000000e+00 0.000000000000000000e+00 0.000000000000000000e+00 0.000000000000000000e+00 0.000000000000000000e+00 0.000000000000000000e+00
0.000000000000000000e+00 0.000000000000000000e+00 0.000000000000000000e+00 0.000000000000000000e+00 0.000000000000000000e+00 0.000000000000000000e+00
0.000000000000000000e+00 0.000000000000000000e+00 0.000000000000000000e+00 0.000000000000000000e+00 0.000000000000000000e+00 0.000000000000000000e+00
0.000000000000000000e+00 0.000000000000000000e+00 0.000000000000000000e+00 0.000000000000000000e+00 0.000000000000000000e+00 0.000000000000000000e+00
0.000000000000000000e+00 0.000000000000000000e+00 0.000000000000000000e+00 0.000000000000000000e+00 0.000000000000000000e+00 0.000000000000000000e+00
0.000000000000000000e+00 0.000000000000000000e+00 0.000000000000000000e+00 0.000000000000000000e+00 0.000000000000000000e+00 0.000000000000000000e+00
0.000000000000000000e+00 0.000000000000000000e+00 0.000000000000000000e+00 0.000000000000000000e+00 0.000000000000000000e+00 0.000000000000000000e+00
0.000000000000000000e+00 0.000000000000000000e+00 0.000000000000000000e+00 0.000000000000000000e+00 0.000000000000000000e+00 0.000000000000000000e+00
0.000000000000000000e+00 0.000000000000000000e+00 0.000000000000000000e+00 0.000000000000000000e+00 0.000000000000000000e+00 0.000000000000000000e+00
0.000000000000000000e+00 0.000000000000000000e+00 0.000000000000000000e+00 0.000000000000000000e+00 0.000000000000000000e+00 0.000000000000000000e+00
0.000000000000000000e+00 0.000000000000000000e+00 0.000000000000000000e+00 0.000000000000000000e+00 0.000000000000000000e+00 0.000000000000000000e+00
0.000000000000000000e+00 0.000000000000000000e+00 0.000000000000000000e+00 0.000000000000000000e+00 0.000000000000000000e+00 0.000000000000000000e+00
0.000000000000000000e+00 0.000000000000000000e+00 0.000000000000000000e+00 0.000000000000000000e+00 0.000000000000000000e+00 0.000000000000000000e+00
0.000000000000000000e+00 0.000000000000000000e+00 0.000000000000000000e+00 0.000000000000000000e+00 0.000000000000000000e+00 0.000000000000000000e+00
0.000000000000000000e+00 0.000000000000000000e+00 0.000000000000000000e+00 0.000000000000000000e+00 0.000000000000000000e+00 0.000000000000000000e+00
0.000000000000000000e+00 0.000000000000000000e+00 0.000000000000000000e+00 0.000000000000000000e+00 0.000000000000000000e+00 0.000000000000000000e+00
0.000000000000000000e+00 0.000000000000000000e+00 0.000000000000000000e+00 0.000000000000000000e+00 0.000000000000000000e+00 0.000000000000000000e+00
0.000000000000000000e+00 0.000000000000000000e+00 0.000000000000000000e+00 0.000000000000000000e+00 0.000000000000000000e+00 0.000000000000000000e+00
0.000000000000000000e+00 0.000000000000000000e+00 0.000000000000000000e+00 0.000000000000000000e+00 0.000000000000000000e+00 0.000000000000000000e+00
0.000000000000000000e+00 0.000000000000000000e+00 0.000000000000000000e+00 0.000000000000000000e+00 0.000000000000000000e+00 0.000000000000000000e+00
0.000000000000000000e+00 0.000000000000000000e+00 0.000000000000000000e+00 0.000000000000000000e+00 0.000000000000000000e+00 0.000000000000000000e+00
0.000000000000000000e+00 0.000000000000000000e+00 0.000000000000000000e+00 0.000000000000000000e+00 0.000000000000000000e+00 0.000000000000000000e+00
0.000000000000000000e+00 0.000000000000000000e+00 0.000000000000000000e+00 0.000000000000000000e+00 0.000000000000000000e+00 0.000000000000000000e+00
0.000000000000000000e+00 0.000000000000000000e+00 0.000000000000000000e+00 0.000000000000000000e+00 0.000000000000000000e+00 0.000000000000000000e+00
0.000000000000000000e+00 0.000000000000000000e+00 0.000000000000000000e+00 0.000000000000000000e+00 0.000000000000000000e+00 0.000000000000000000e+00
0.000000000000000000e+00 0.000000000000000000e+00 0.000000000000000000e+00 0.000000000000000000e+00 0.000000000000000000e+00 0.000000000000000000e+00
0.000000000000000000e+00 0.000000000000000000e+00 0.000000000000000000e+00 0.000000000000000000e+00 0.000000000000000000e+00 0.000000000000000000e+00
0.000000000000000000e+00 0.000000000000000000e+00 0.000000000000000000e+00 0.000000000000000000e+00 0.000000000000000000e+00 0.000000000000000000e+00
0.000000000000000000e+00 0.000000000000000000e+00 0.000000000000000000e+00 0.000000000000000000e+00 0.000000000000000000e+00 0.000000000000000000e+00
0.000000000000000000e+00 0.000000000000000000e+00 0.000000000000000000e+00 0.000000000000000000e+00 0.000000000000000000e+00 0.000000000000000000e+00
0.000000000000000000e+00 0.000000000000000000e+00 0.000000000000000000e+00 0.000000000000000000e+00 0.000000000000000000e+00 0.000000000000000000e+00
0.000000000000000000e+00 0.000000000000000000e+00 0.000000000000000000e+00 0.000000000000000000e+00 0.000000000000000000e+00 0.000000000000000000e+00
0.000000000000000000e+00 0.000000000000000000e+00 0.000000000000000000e+00 0.000000000000000000e+00 0.000000000000000000e+00 0.000000000000000000e+00
0.000000000000000000e+00 0.000000000000000000e+00 0.000000000000000000e+00 0.000000000000000000e+00 0.000000000000000000e+00 0.000000000000000000e+00
0.000000000000000000e+00 0.000000000000000000e+00 0.000000000000000000e+00 0.000000000000000000e+00 0.000000000000000000e+00 0.000000000000000000e+00
0.000000000000000000e+00 0.000000000000000000e+00 0.000000000000000000e+00 0.000000000000000000e+00 0.000000000000000000e+00 0.000000000000000000e+00
0.000000000000000000e+00 0.000000000000000000e+00 0.000000000000000000e+00 0.000000000000000000e+00 0.000000000000000000e+00 0.000000000000000000e+00
0.000000000000000000e+00 0.000000000000000000e+00 0.000000000000000000e+00 0.000000000000000000e+00 0.000000000000000000e+00 0.000000000000000000e+00
0.000000000000000000e+00 0.000000000000000000e+00 0.000000000000000000e+00 0.000000000000000000e+00 0.000000000000000000e+00 0.000000000000000000e+00
0.000000000000000000e+00 0.000000000000000000e+00 0.000000000000000000e+00 0.000000000000000000e+00 0.000000000000000000e+00 0.000000000000000000e+00
0.000000000000000000e+00 0.000000000000000000e+00 0.000000000000000000e+00 0.000000000000000000e+00 0.000000000000000000e+00 0.000000000000000000e+00
0.000000000000000000e+00 0.000000000000000000e+00 0.000000000000000000e+00 0.000000000000000000e+00 0.000000000000000000e+00 0.000000000000000000e+00
0.000000000000000000e+00 0.000000000000000000e+00 0.000000000000000000e+00 0.000000000000000000e+00 0.000000000000000000e+00 0.000000000000000000e+00
0.000000000000000000e+00 0.000000000000000000e+00 0.000000000000000000e+00 0.000000000000000000e+00 0.000000000000000000e+00 0.000000000000000000e+00
0.000000000000000000e+00 0.000000000000000000e+00 0.000000000000000000e+00 0.000000000000000000e+00 0.000000000000000000e+00 0.000000000000000000e+00
0.000000000000000000e+00 0.000000000000000000e+00 0.000000000000000000e+00 0.000000000000000000e+00 0.000000000000000000e+00 0.000000000000000000e+00
0.000000000000000000e+00 0.000000000000000000e+00 0.000000000000000000e+00 0.000000000000000000e+00 0.000000000000000000e+00 0.000000000000000000e+00
0.000000000000000000e+00 0.000000000000000000e+00 0.000000000000000000e+00 0.000000000000000000e+00 0.000000000000000000e+00 0.000000000000000000e+00
0.000000000000000000e+00 0.000000000000000000e+00 0.000000000000000000e+00 0.000000000000000000e+00 0.000000000000000000e+00 0.000000000000000000e+00
0.000000000000000000e+00 0.000000000000000000e+00 0.000000000000000000e+00 0.000000000000000000e+00 0.000000000000000000e+00 0.000000000000000000e+00
0.000000000000000000e+00 0.000000000000000000e+00 0.000000000000000000e+00 0.000000000000000000e+00 0.000000000000000000e+00 0.000000000000000000e+00
0.000000000000000000e+00 0.000000000000000000e+00 0.000000000000000000e+00 0.000000000000000000e+00 0.000000000000000000e+00 0.000000000000000000e+00
0.000000000000000000e+00 0.000000000000000000e+00 0.000000000000000000e+00 0.000000000000000000e+00 0.000000000000000000e+00 0.000000000000000000e+00
0.000000000000000000e+00 0.000000000000000000e+00 0.000000000000000000e+00 0.000000000000000000e+00 0.000000000000000000e+00 0.000000000000000000e+00
0.000000000000000000e+00 0.000000000000000000e+00 0.000000000000000000e+00 0.000000000000000000e+00 0.000000000000000000e+00 0.000000000000000000e+00
0.000000000000000000e+00 0.000000000000000000e+00 0.000000000000000000e+00 0.000000000000000000e+00 0.000000000000000000e+00 0.000000000000000000e+00
0.000000000000000000e+00 0.000000000000000000e+00 0.000000000000000000e+00 0.000000000000000000e+00 0.000000000000000000e+00 0.000000000000000000e+00
0.000000000000000000e+00 0.000000000000000000e+00 0.000000000000000000e+00 0.000000000000000000e+00 0.000000000000000000e+00 0.000000000000000000e+00
0.000000000000000000e+00 0.000000000000000000e+00 0.000000000000000000e+00 0.000000000000000000e+00 0.000000000000000000e+00 0.000000000000000000e+00
0.000000000000000000e+00 0.000000000000000000e+00 0.000000000000000000e+00 0.000000000000000000e+00 0.000000000000000000e+00 0.000000000000000000e+00
0.000000000000000000e+00 0.000000000000000000e+00 0.000000000000000000e+00 0.000000000000000000e+00 0.000000000000000000e+00 0.000000000000000000e+00
-3.210941329598426819e-02 1.710540950298309326e-01 -1.127287819981575012e-01 1.238780260086059570e+00 -3.779930770397186279e-01 -3.907437026500701904e-01
-5.677577480673789978e-02 6.910309195518493652e-01 -8.326257467269897461e-01 1.874737814068794250e-02 -6.296526789665222168e-01 3.337763622403144836e-02
5.241889357566833496e-01 2.143546380102634430e-02 6.646007299423217773e-01 -7.217214442789554596e-03 -5.789512395858764648e-01 -3.243425786495208740e-01
-1.048823148012161255e-01 -8.273990154266357422e-01 8.669651746749877930e-01 3.060731850564479828e-02 2.735611796379089355e-01 8.999675512313842773e-02
-6.323680747300386429e-03 2.091705650091171265e-01 3.229911625385284424e-01 -2.208105474710464478e-02 -4.882873594760894775e-01 9.004687070846557617e-01
2.797608077526092529e-02 5.432440638542175293e-01 4.990396797657012939e-01 8.767545968294143677e-02 -2.275866717100143433e-01 3.731809556484222412e-01
-1.010278105735778809e+00 8.248331397771835327e-02 1.380300968885421753e-01 2.513954937458038330e-01 -2.225310951471328735e-01 5.683307647705078125e-01
-1.265718191862106323e-01 1.009135469794273376e-01 -8.087508082389831543e-01 2.135475277900695801e-01 1.160918083041906357e-02 1.531724929809570312e-01
6.473164558410644531e-01 -8.021864295005798340e-02 -4.634259045124053955e-01 1.040252804756164551e+00 5.189058780670166016e-01 1.137679815292358398e+00
7.401841282844543457e-01 3.496373593807220459e-01 -4.394403994083404541e-01 4.996079206466674805e-01 6.678368449211120605e-01 -4.930281937122344971e-01
3.125334978103637695e-01 1.028328895568847656e+00 2.302103787660598755e-01 8.475328087806701660e-01 -1.483521163463592529e-01 -4.250646829605102539e-01
1.400240957736968994e-01 1.192759871482849121e+00 -9.844914674758911133e-01 7.348478436470031738e-01 4.159091413021087646e-01 -1.417928934097290039e-01
7.819715142250061035e-01 2.799714207649230957e-01 -1.502379775047302246e+00 8.149771690368652344e-01 6.612097620964050293e-01 5.915534496307373047e-01
1.330640435218811035e+00 -3.329294621944427490e-01 -6.361782550811767578e-01 1.223568469285964966e-01 4.019049108028411865e-01 5.813612341880798340e-01
1.112150311470031738e+00 1.070781469345092773e+00 6.242635846138000488e-01 -3.372842073440551758e-01 5.792154744267463684e-02 2.474277317523956299e-01
-1.937928497791290283e-01 4.539006352424621582e-01 7.035748958587646484e-01 1.243169903755187988e+00 5.565692186355590820e-01 4.835635721683502197e-01
5.164692401885986328e-01 1.074541330337524414e+00 1.946007609367370605e-01 1.546492427587509155e-01 -6.354788690805435181e-02 -6.901049017906188965e-01
1.024473428726196289e+00 5.365220308303833008e-01 -3.916796147823333740e-01 1.280181765556335449e+00 7.592579722404479980e-01 1.750658303499221802e-01
9.094352126121520996e-01 -3.490805253386497498e-02 4.539913535118103027e-01 1.458871513605117798e-01 6.404812932014465332e-01 6.599043011665344238e-01
1.108443140983581543e+00 6.622681617736816406e-01 5.521324872970581055e-01 7.139174938201904297e-01 6.279743909835815430e-01 -2.036229334771633148e-02
8.225920200347900391e-01 3.982743322849273682e-01 -7.166969776153564453e-02 6.977486014366149902e-01 -6.624743938446044922e-01 1.487679839134216309e+00
1.575557231903076172e+00 1.234469056129455566e+00 -2.280695550143718719e-02 2.264171242713928223e-01 -1.365205794572830200e-01 3.483556443825364113e-03
2.758355438709259033e-01 1.311207413673400879e+00 -5.103391408920288086e-01 4.786505699157714844e-01 4.276659786701202393e-01 1.527551770210266113e+00
6.296461820602416992e-01 9.272944927215576172e-01 -2.239045947790145874e-01 4.578135907649993896e-01 3.463263213634490967e-01 1.179004162549972534e-01
1.146168351173400879e+00 1.055697441101074219e+00 1.292451024055480957e+00 1.504532575607299805e+00 -1.250098198652267456e-01 6.951475143432617188e-01
1.400159835815429688e+00 6.244422793388366699e-01 6.791218519210815430e-01 1.018986225128173828e+00 1.614027142524719238e+00 6.653990745544433594e-01
8.543773889541625977e-01 1.689815521240234375e+00 -1.672721207141876221e-01 3.608268499374389648e-01 1.331767290830612183e-01 1.183052539825439453e+00
9.514626860618591309e-01 9.057677984237670898e-01 5.677247047424316406e-01 1.036457180976867676e+00 9.192373752593994141e-01 7.271531224250793457e-01
1.422285795211791992e+00 1.046284437179565430e+00 -5.951892137527465820e-01 1.661124587059020996e+00 -5.077630653977394104e-02 7.485403418540954590e-01
1.159827232360839844e+00 1.229501485824584961e+00 -2.222325950860977173e-01 1.845513820648193359e+00 8.304315805435180664e-02 8.379400372505187988e-01
1.605932950973510742e+00 9.617378115653991699e-01 -3.498278260231018066e-01 1.632321715354919434e+00 4.058496356010437012e-01 1.172606468200683594e+00
1.352101802825927734e+00 2.070361137390136719e+00 2.903911769390106201e-01 1.121465682983398438e+00 5.484036207199096680e-01 1.064887881278991699e+00
1.347528815269470215e+00 1.719553351402282715e+00 5.404708981513977051e-01 3.324171304702758789e-01 -2.901951372623443604e-01 6.535840630531311035e-01
9.276478886604309082e-01 1.460378646850585938e+00 -6.786742061376571655e-02 2.076379299163818359e+00 6.628459095954895020e-01 1.238456249237060547e+00
2.184025526046752930e+00 6.824451684951782227e-01 -1.093569472432136536e-01 6.519750952720642090e-01 6.719520688056945801e-01 8.875131011009216309e-01
1.338469147682189941e+00 2.048385381698608398e+00 6.139113306999206543e-01 1.589702606201171875e+00 -5.448215007781982422e-01 5.852013230323791504e-01
1.679731965065002441e+00 1.050430059432983398e+00 3.875655233860015869e-01 1.621086120605468750e+00 6.448842883110046387e-01 7.133885025978088379e-01
3.320451974868774414e-01 1.304049015045166016e+00 -1.342202126979827881e-01 1.317225456237792969e+00 7.053809165954589844e-01 2.272335767745971680e+00
2.152783632278442383e+00 9.401834011077880859e-01 4.762738347053527832e-01 1.485788226127624512e+00 8.265803456306457520e-01 1.619068503379821777e+00
1.780024170875549316e+00 1.452648282051086426e+00 -4.965237379074096680e-01 2.655354022979736328e+00 5.947756171226501465e-01 5.542079806327819824e-01
1.009732484817504883e+00 1.874976277351379395e+00 9.088726341724395752e-02 1.179183959960937500e+00 7.824764251708984375e-01 1.490278959274291992e+00
1.676679015159606934e+00 1.932794451713562012e+00 1.853407323360443115e-01 2.069614887237548828e+00 1.161467313766479492e+00 1.502126693725585938e+00
2.107128858566284180e+00 1.871012687683105469e+00 -4.600186944007873535e-01 1.401736259460449219e+00 3.235181868076324463e-01 1.930145978927612305e+00
1.971844792366027832e+00 2.744473218917846680e+00 -2.689253985881805420e-01 9.427480101585388184e-01 3.498865365982055664e-01 9.120544791221618652e-01
1.411689758300781250e+00 2.222256898880004883e+00 -7.024220228195190430e-01 1.168741226196289062e+00 2.556359767913818359e-01 1.635281443595886230e+00
9.300956726074218750e-01 1.545621395111083984e+00 -8.496905118227005005e-02 3.161603450775146484e+00 6.871355772018432617e-01 1.595077514648437500e+00
1.981184720993041992e+00 1.778782129287719727e+00 1.060714274644851685e-01 1.341054916381835938e+00 5.826182961463928223e-01 1.489784359931945801e+00
1.649448275566101074e+00 1.632000207901000977e+00 -1.264041811227798462e-01 1.955421447753906250e+00 8.661055564880371094e-01 1.184649586677551270e+00
1.585862994194030762e+00 2.867152690887451172e+00 1.620939522981643677e-01 2.211928129196166992e+00 1.208756685256958008e+00 2.202733278274536133e+00
2.980617046356201172e+00 2.402269601821899414e+00 6.766816377639770508e-01 2.042797565460205078e+00 1.075952291488647461e+00 9.621582031250000000e-01
1.793208837509155273e+00 3.397805690765380859e+00 3.400669097900390625e-01 2.368926763534545898e+00 -5.115990638732910156e-01 1.655053734779357910e+00
2.332357168197631836e+00 2.309553146362304688e+00 5.963522195816040039e-01 2.368912935256958008e+00 5.447528362274169922e-01 1.392585277557373047e+00
2.588474988937377930e+00 2.233595132827758789e+00 -2.127398848533630371e-01 2.770263195037841797e+00 1.479659557342529297e+00 1.389486193656921387e+00
1.917353034019470215e+00 2.472857713699340820e+00 1.022272706031799316e+00 1.380040287971496582e+00 2.203462123870849609e-01 9.821707606315612793e-01
1.928589582443237305e+00 1.693102240562438965e+00 6.694971919059753418e-01 2.831324100494384766e+00 3.215744718909263611e-02 1.508641362190246582e+00
2.523270845413208008e+00 2.650273323059082031e+00 -4.077312648296356201e-01 1.764677047729492188e+00 1.373049736022949219e+00 1.885775923728942871e+00
2.850150585174560547e+00 2.281020879745483398e+00 -1.672885864973068237e-01 2.032011508941650391e+00 1.056892156600952148e+00 1.453891754150390625e+00
2.632605075836181641e+00 2.165429592132568359e+00 -1.288424849510192871e+00 2.236259698867797852e+00 -2.262063771486282349e-01 1.596373796463012695e+00
2.407253026962280273e+00 2.214755058288574219e+00 -6.196678280830383301e-01 2.214051485061645508e+00 8.790512681007385254e-01 8.874893784523010254e-01
3.056857585906982422e+00 2.275536298751831055e+00 4.601594507694244385e-01 1.936237335205078125e+00 5.118668079376220703e-01 1.317685127258300781e+00
2.538562536239624023e+00 2.433586359024047852e+00 1.465406566858291626e-01 2.343932867050170898e+00 8.185339570045471191e-01 1.761172413825988770e+00
2.538562536239624023e+00 2.433586359024047852e+00 1.465406566858291626e-01 2.343932867050170898e+00 8.185339570045471191e-01 1.761172413825988770e+00
2.538562536239624023e+00 2.433586359024047852e+00 1.465406566858291626e-01 2.343932867050170898e+00 8.185339570045471191e-01 1.761172413825988770e+00
2.538562536239624023e+00 2.433586359024047852e+00 1.465406566858291626e-01 2.343932867050170898e+00 8.185339570045471191e-01 1.761172413825988770e+00
2.538562536239624023e+00 2.433586359024047852e+00 1.465406566858291626e-01 2.343932867050170898e+00 8.185339570045471191e-01 1.761172413825988770e+00
2.538562536239624023e+00 2.433586359024047852e+00 1.465406566858291626e-01 2.343932867050170898e+00 8.185339570045471191e-01 1.761172413825988770e+00
2.538562536239624023e+00 2.433586359024047852e+00 1.465406566858291626e-01 2.343932867050170898e+00 8.185339570045471191e-01 1.761172413825988770e+00
2.538562536239624023e+00 2.433586359024047852e+00 1.465406566858291626e-01 2.343932867050170898e+00 8.185339570045471191e-01 1.761172413825988770e+00
2.538562536239624023e+00 2.433586359024047852e+00 1.465406566858291626e-01 2.343932867050170898e+00 8.185339570045471191e-01 1.761172413825988770e+00
2.538562536239624023e+00 2.433586359024047852e+00 1.465406566858291626e-01 2.343932867050170898e+00 8.185339570045471191e-01 1.761172413825988770e+00
2.538562536239624023e+00 2.433586359024047852e+00 1.465406566858291626e-01 2.343932867050170898e+00 8.185339570045471191e-01 1.761172413825988770e+00
2.538562536239624023e+00 2.433586359024047852e+00 1.465406566858291626e-01 2.343932867050170898e+00 8.185339570045471191e-01 1.761172413825988770e+00
2.538562536239624023e+00 2.433586359024047852e+00 1.465406566858291626e-01 2.343932867050170898e+00 8.185339570045471191e-01 1.761172413825988770e+00
2.538562536239624023e+00 2.433586359024047852e+00 1.465406566858291626e-01 2.343932867050170898e+00 8.185339570045471191e-01 1.761172413825988770e+00
2.538562536239624023e+00 2.433586359024047852e+00 1.465406566858291626e-01 2.343932867050170898e+00 8.185339570045471191e-01 1.761172413825988770e+00
2.538562536239624023e+00 2.433586359024047852e+00 1.465406566858291626e-01 2.343932867050170898e+00 8.185339570045471191e-01 1.761172413825988770e+00
2.538562536239624023e+00 2.433586359024047852e+00 1.465406566858291626e-01 2.343932867050170898e+00 8.185339570045471191e-01 1.761172413825988770e+00
2.538562536239624023e+00 2.433586359024047852e+00 1.465406566858291626e-01 2.343932867050170898e+00 8.185339570045471191e-01 1.761172413825988770e+00
2.538562536239624023e+00 2.433586359024047852e+00 1.465406566858291626e-01 2.343932867050170898e+00 8.185339570045471191e-01 1.761172413825988770e+00
2.538562536239624023e+00 2.433586359024047852e+00 1.465406566858291626e-01 2.343932867050170898e+00 8.185339570045471191e-01 1.761172413825988770e+00
2.538562536239624023e+00 2.433586359024047852e+00 1.465406566858291626e-01 2.343932867050170898e+00 8.185339570045471191e-01 1.761172413825988770e+00
2.538562536239624023e+00 2.433586359024047852e+00 1.465406566858291626e-01 2.343932867050170898e+00 8.185339570045471191e-01 1.761172413825988770e+00
2.538562536239624023e+00 2.433586359024047852e+00 1.465406566858291626e-01 2.343932867050170898e+00 8.185339570045471191e-01 1.761172413825988770e+00
2.538562536239624023e+00 2.433586359024047852e+00 1.465406566858291626e-01 2.343932867050170898e+00 8.185339570045471191e-01 1.761172413825988770e+00
2.538562536239624023e+00 2.433586359024047852e+00 1.465406566858291626e-01 2.343932867050170898e+00 8.185339570045471191e-01 1.761172413825988770e+00
2.538562536239624023e+00 2.433586359024047852e+00 1.465406566858291626e-01 2.343932867050170898e+00 8.185339570045471191e-01 1.761172413825988770e+00
2.538562536239624023e+00 2.433586359024047852e+00 1.465406566858291626e-01 2.343932867050170898e+00 8.185339570045471191e-01 1.761172413825988770e+00
2.538562536239624023e+00 2.433586359024047852e+00 1.465406566858291626e-01 2.343932867050170898e+00 8.185339570045471191e-01 1.761172413825988770e+00
2.538562536239624023e+00 2.433586359024047852e+00 1.465406566858291626e-01 2.343932867050170898e+00 8.185339570045471191e-01 1.761172413825988770e+00
2.538562536239624023e+00 2.433586359024047852e+00 1.465406566858291626e-01 2.343932867050170898e+00 8.185339570045471191e-01 1.761172413825988770e+00
2.538562536239624023e+00 2.433586359024047852e+00 1.465406566858291626e-01 2.343932867050170898e+00 8.185339570045471191e-01 1.761172413825988770e+00
2.538562536239624023e+00 2.433586359024047852e+00 1.465406566858291626e-01 2.343932867050170898e+00 8.185339570045471191e-01 1.761172413825988770e+00
2.538562536239624023e+00 2.433586359024047852e+00 1.465406566858291626e-01 2.343932867050170898e+00 8.185339570045471191e-01 1.761172413825988770e+00
2.538562536239624023e+00 2.433586359024047852e+00 1.465406566858291626e-01 2.343932867050170898e+00 8.185339570045471191e-01 1.761172413825988770e+00
2.538562536239624023e+00 2.433586359024047852e+00 1.465406566858291626e-01 2.343932867050170898e+00 8.185339570045471191e-01 1.761172413825988770e+00
2.538562536239624023e+00 2.433586359024047852e+00 1.465406566858291626e-01 2.343932867050170898e+00 8.185339570045471191e-01 1.761172413825988770e+00
2.538562536239624023e+00 2.433586359024047852e+00 1.465406566858291626e-01 2.343932867050170898e+00 8.185339570045471191e-01 1.761172413825988770e+00
2.538562536239624023e+00 2.433586359024047852e+00 1.465406566858291626e-01 2.343932867050170898e+00 8.185339570045471191e-01 1.761172413825988770e+00
2.538562536239624023e+00 2.433586359024047852e+00 1.465406566858291626e-01 2.343932867050170898e+00 8.185339570045471191e-01 1.761172413825988770e+00
2.538562536239624023e+00 2.433586359024047852e+00 1.465406566858291626e-01 2.343932867050170898e+00 8.185339570045471191e-01 1.761172413825988770e+00
2.538562536239624023e+00 2.433586359024047852e+00 1.465406566858291626e-01 2.343932867050170898e+00 8.185339570045471191e-01 1.761172413825988770e+00
2.538562536239624023e+00 2.433586359024047852e+00 1.465406566858291626e-01 2.343932867050170898e+00 8.185339570045471191e-01 1.761172413825988770e+00
2.538562536239624023e+00 2.433586359024047852e+00 1.465406566858291626e-01 2.343932867050170898e+00 8.185339570045471191e-01 1.761172413825988770e+00
2.538562536239624023e+00 2.433586359024047852e+00 1.465406566858291626e-01 2.343932867050170898e+00 8.185339570045471191e-01 1.761172413825988770e+00
2.538562536239624023e+00 2.433586359024047852e+00 1.465406566858291626e-01 2.343932867050170898e+00 8.185339570045471191e-01 1.761172413825988770e+00
2.538562536239624023e+00 2.433586359024047852e+00 1.465406566858291626e-01 2.343932867050170898e+00 8.185339570045471191e-01 1.761172413825988770e+00
2.538562536239624023e+00 2.433586359024047852e+00 1.465406566858291626e-01 2.343932867050170898e+00 8.185339570045471191e-01 1.761172413825988770e+00
2.538562536239624023e+00 2.433586359024047852e+00 1.465406566858291626e-01 2.343932867050170898e+00 8.185339570045471191e-01 1.761172413825988770e+00
2.538562536239624023e+00 2.433586359024047852e+00 1.465406566858291626e-01 2.343932867050170898e+00 8.185339570045471191e-01 1.761172413825988770e+00
2.538562536239624023e+00 2.433586359024047852e+00 1.465406566858291626e-01 2.343932867050170898e+00 8.185339570045471191e-01 1.761172413825988770e+00
2.538562536239624023e+00 2.433586359024047852e+00 1.465406566858291626e-01 2.343932867050170898e+00 8.185339570045471191e-01 1.761172413825988770e+00
2.538562536239624023e+00 2.433586359024047852e+00 1.465406566858291626e-01 2.343932867050170898e+00 8.185339570045471191e-01 1.761172413825988770e+00
2.538562536239624023e+00 2.433586359024047852e+00 1.465406566858291626e-01 2.343932867050170898e+00 8.185339570045471191e-01 1.761172413825988770e+00
2.538562536239624023e+00 2.433586359024047852e+00 1.465406566858291626e-01 2.343932867050170898e+00 8.185339570045471191e-01 1.761172413825988770e+00
2.538562536239624023e+00 2.433586359024047852e+00 1.465406566858291626e-01 2.343932867050170898e+00 8.185339570045471191e-01 1.761172413825988770e+00
2.538562536239624023e+00 2.433586359024047852e+00 1.465406566858291626e-01 2.343932867050170898e+00 8.185339570045471191e-01 1.761172413825988770e+00
2.538562536239624023e+00 2.433586359024047852e+00 1.465406566858291626e-01 2.343932867050170898e+00 8.185339570045471191e-01 1.761172413825988770e+00
2.538562536239624023e+00 2.433586359024047852e+00 1.465406566858291626e-01 2.343932867050170898e+00 8.185339570045471191e-01 1.761172413825988770e+00
2.538562536239624023e+00 2.433586359024047852e+00 1.465406566858291626e-01 2.343932867050170898e+00 8.185339570045471191e-01 1.761172413825988770e+00
2.538562536239624023e+00 2.433586359024047852e+00 1.465406566858291626e-01 2.343932867050170898e+00 8.185339570045471191e-01 1.761172413825988770e+00
2.538562536239624023e+00 2.433586359024047852e+00 1.465406566858291626e-01 2.343932867050170898e+00 8.185339570045471191e-01 1.761172413825988770e+00
2.538562536239624023e+00 2.433586359024047852e+00 1.465406566858291626e-01 2.343932867050170898e+00 8.185339570045471191e-01 1.761172413825988770e+00
2.538562536239624023e+00 2.433586359024047852e+00 1.465406566858291626e-01 2.343932867050170898e+00 8.185339570045471191e-01 1.761172413825988770e+00
2.538562536239624023e+00 2.433586359024047852e+00 1.465406566858291626e-01 2.343932867050170898e+00 8.185339570045471191e-01 1.761172413825988770e+00
2.538562536239624023e+00 2.433586359024047852e+00 1.465406566858291626e-01 2.343932867050170898e+00 8.185339570045471191e-01 1.761172413825988770e+00
2.538562536239624023e+00 2.433586359024047852e+00 1.465406566858291626e-01 2.343932867050170898e+00 8.185339570045471191e-01 1.761172413825988770e+00
2.538562536239624023e+00 2.433586359024047852e+00 1.465406566858291626e-01 2.343932867050170898e+00 8.185339570045471191e-01 1.761172413825988770e+00
2.538562536239624023e+00 2.433586359024047852e+00 1.465406566858291626e-01 2.343932867050170898e+00 8.185339570045471191e-01 1.761172413825988770e+00
2.538562536239624023e+00 2.433586359024047852e+00 1.465406566858291626e-01 2.343932867050170898e+00 8.185339570045471191e-01 1.761172413825988770e+00
2.538562536239624023e+00 2.433586359024047852e+00 1.465406566858291626e-01 2.343932867050170898e+00 8.185339570045471191e-01 1.761172413825988770e+00
2.538562536239624023e+00 2.433586359024047852e+00 1.465406566858291626e-01 2.343932867050170898e+00 8.185339570045471191e-01 1.761172413825988770e+00
2.538562536239624023e+00 2.433586359024047852e+00 1.465406566858291626e-01 2.343932867050170898e+00 8.185339570045471191e-01 1.761172413825988770e+00
2.538562536239624023e+00 2.433586359024047852e+00 1.465406566858291626e-01 2.343932867050170898e+00 8.185339570045471191e-01 1.761172413825988770e+00
2.538562536239624023e+00 2.433586359024047852e+00 1.465406566858291626e-01 2.343932867050170898e+00 8.185339570045471191e-01 1.761172413825988770e+00
2.538562536239624023e+00 2.433586359024047852e+00 1.465406566858291626e-01 2.343932867050170898e+00 8.185339570045471191e-01 1.761172413825988770e+00
2.538562536239624023e+00 2.433586359024047852e+00 1.465406566858291626e-01 2.343932867050170898e+00 8.185339570045471191e-01 1.761172413825988770e+00
2.538562536239624023e+00 2.433586359024047852e+00 1.465406566858291626e-01 2.343932867050170898e+00 8.185339570045471191e-01 1.761172413825988770e+00
2.538562536239624023e+00 2.433586359024047852e+00 1.465406566858291626e-01 2.343932867050170898e+00 8.185339570045471191e-01 1.761172413825988770e+00
2.538562536239624023e+00 2.433586359024047852e+00 1.465406566858291626e-01 2.343932867050170898e+00 8.185339570045471191e-01 1.761172413825988770e+00
2.538562536239624023e+00 2.433586359024047852e+00 1.465406566858291626e-01 2.343932867050170898e+00 8.185339570045471191e-01 1.761172413825988770e+00
2.538562536239624023e+00 2.433586359024047852e+00 1.465406566858291626e-01 2.343932867050170898e+00 8.185339570045471191e-01 1.761172413825988770e+00
2.538562536239624023e+00 2.433586359024047852e+00 1.465406566858291626e-01 2.343932867050170898e+00 8.185339570045471191e-01 1.761172413825988770e+00
2.538562536239624023e+00 2.433586359024047852e+00 1.465406566858291626e-01 2.343932867050170898e+00 8.185339570045471191e-01 1.761172413825988770e+00
2.538562536239624023e+00 2.433586359024047852e+00 1.465406566858291626e-01 2.343932867050170898e+00 8.185339570045471191e-01 1.761172413825988770e+00
2.538562536239624023e+00 2.433586359024047852e+00 1.465406566858291626e-01 2.343932867050170898e+00 8.185339570045471191e-01 1.761172413825988770e+00
2.538562536239624023e+00 2.433586359024047852e+00 1.465406566858291626e-01 2.343932867050170898e+00 8.185339570045471191e-01 1.761172413825988770e+00
2.538562536239624023e+00 2.433586359024047852e+00 1.465406566858291626e-01 2.343932867050170898e+00 8.185339570045471191e-01 1.761172413825988770e+00
2.538562536239624023e+00 2.433586359024047852e+00 1.465406566858291626e-01 2.343932867050170898e+00 8.185339570045471191e-01 1.761172413825988770e+00
2.538562536239624023e+00 2.433586359024047852e+00 1.465406566858291626e-01 2.343932867050170898e+00 8.185339570045471191e-01 1.761172413825988770e+00
2.538562536239624023e+00 2.433586359024047852e+00 1.465406566858291626e-01 2.343932867050170898e+00 8.185339570045471191e-01 1.761172413825988770e+00
2.538562536239624023e+00 2.433586359024047852e+00 1.465406566858291626e-01 2.343932867050170898e+00 8.185339570045471191e-01 1.761172413825988770e+00
