0.000000000000000000e+00 0.000000000000000000e+00 0.000000000000000000e+00 0.000000000000000000e+00 0.000000000000000000e+00 0.000000000000000000e+00
0.000000000000000000e+00 0.000000000000000000e+00 0.000000000000000000e+00 0.000000000000000000e+00 0.000000000000000000e+00 0.000000000000000000e+00
0.000000000000000000e+00 0.000000000000000000e+00 0.000000000000000000e+00 0.000000000000000000e+00 0.000000000000000000e+00 0.000000000000000000e+00
0.000000000000000000e+00 0.000000000000000000e+00 0.000000000000000000e+00 0.000000000000000000e+00 0.000000000000000000e+00 0.000000000000000000e+00
0.000000000000000000e+00 0.000000000000000000e+00 0.000000000000000000e+00 0.000000000000000000e+00 0.000000000000000000e+00 0.000000000000000000e+00
0.000000000000000000e+00 0.000000000000000000e+00 0.000000000000000000e+00 0.000000000000000000e+00 0.000000000000000000e+00 0.000000000000000000e+00
0.000000000000000000e+00 0.000000000000000000e+00 0.000000000000000000e+00 0.000000000000000000e+00 0.000000000000000000e+00 0.000000000000000000e+00
0.000000000000000000e+00 0.000000000000000000e+00 0.000000000000000000e+00 0.000000000000000000e+00 0.000000000000000000e+00 0.000000000000000000e+00
0.000000000000000000e+00 0.000000000000000000e+00 0.000000000000000000e+00 0.000000000000000000e+00 0.000000000000000000e+00 0.000000000000000000e+00
0.000000000000000000e+00 0.000000000000000000e+00 0.000000000000000000e+00 0.000000000000000000e+00 0.000000000000000000e+00 0.000000000000000000e+00
0.000000000000000000e+00 0.000000000000000000e+00 0.000000000000000000e+00 0.000000000000000000e+00 0.000000000000000000e+00 0.000000000000000000e+00
0.000000000000000000e+00 0.000000000000000000e+00 0.000000000000000000e+00 0.000000000000000000e+00 0.000000000000000000e+00 0.000000000000000000e+00
0.000000000000000000e+00 0.000000000000000000e+00 0.000000000000000000e+00 0.000000000000000000e+00 0.000000000000000000e+00 0.000000000000000000e+00
0.000000000000000000e+00 0.000000000000000000e+00 0.000000000000000000e+00 0.000000000000000000e+00 0.000000000000000000e+00 0.000000000000000000e+00
0.000000000000000000e+00 0.000000000000000000e+00 0.000000000000000000e+00 0.000000000000000000e+00 0.000000000000000000e+00 0.000000000000000000e+00
0.000000000000000000e+00 0.000000000000000000e+00 0.000000000000000000e+00 0.000000000000000000e+00 0.000000000000000000e+00 0.000000000000000000e+00
0.000000000000000000e+00 0.000000000000000000e+00 0.000000000000000000e+00 0.000000000000000000e+00 0.000000000000000000e+00 0.000000000000000000e+00
0.000000000000000000e+00 0.000000000000000000e+00 0.000000000000000000e+00 0.000000000000000000e+00 0.000000000000000000e+00 0.000000000000000000e+00
0.000000000000000000e+00 0.000000000000000000e+00 0.000000000000000000e+00 0.000000000000000000e+00 0.000000000000000000e+00 0.000000000000000000e+00
0.000000000000000000e+00 0.000000000000000000e+00 0.000000000000000000e+00 0.000000000000000000e+00 0.000000000000000000e+00 0.000000000000000000e+00
0.000000000000000000e+00 0.000000000000000000e+00 0.000000000000000000e+00 0.000000000000000000e+00 0.000000000000000000e+00 0.000000000000000000e+00
0.000000000000000000e+00 0.000000000000000000e+00 0.000000000000000000e+00 0.000000000000000000e+00 0.000000000000000000e+00 0.000000000000000000e+00
0.000000000000000000e+00 0.000000000000000000e+00 0.000000000000000000e+00 0.000000000000000000e+00 0.000000000000000000e+00 0.000000000000000000e+00
0.000000000000000000e+00 0.000000000000000000e+00 0.000000000000000000e+00 0.000000000000000000e+00 0.000000000000000000e+00 0.000000000000000000e+00
0.000000000000000000e+00 0.000000000000000000e+00 0.000000000000000000e+00 0.000000000000000000e+00 0.000000000000000000e+00 0.000000000000000000e+00
0.000000000000000000e+00 0.000000000000000000e+00 0.000000000000000000e+00 0.000000000000000000e+00 0.000000000000000000e+00 0.000000000000000000e+00
0.000000000000000000e+00 0.000000000000000000e+00 0.000000000000000000e+00 0.000000000000000000e+00 0.000000000000000000e+00 0.000000000000000000e+00
0.000000000000000000e+00 0.000000000000000000e+00 0.000000000000000000e+00 0.000000000000000000e+00 0.000000000000000000e+00 0.000000000000000000e+00
0.000000000000000000e+00 0.000000000000000000e+00 0.000000000000000000e+00 0.000000000000000000e+00 0.000000000000000000e+00 0.000000000000000000e+00
0.000000000000000000e+00 0.000000000000000000e+00 0.000000000000000000e+00 0.000000000000000000e+00 0.000000000000000000e+00 0.000000000000000000e+00
0.000000000000000000e+00 0.000000000000000000e+00 0.000000000000000000e+00 0.000000000000000000e+00 0.000000000000000000e+00 0.000000000000000000e+00
0.000000000000000000e+00 0.000000000000000000e+00 0.000000000000000000e+00 0.000000000000000000e+00 0.000000000000000000e+00 0.000000000000000000e+00
0.000000000000000000e+00 0.000000000000000000e+00 0.000000000000000000e+00 0.000000000000000000e+00 0.000000000000000000e+00 0.000000000000000000e+00
0.000000000000000000e+00 0.000000000000000000e+00 0.000000000000000000e+00 0.000000000000000000e+00 0.000000000000000000e+00 0.000000000000000000e+00
0.000000000000000000e+00 0.000000000000000000e+00 0.000000000000000000e+00 0.000000000000000000e+00 0.000000000000000000e+00 0.000000000000000000e+00
0.000000000000000000e+00 0.000000000000000000e+00 0.000000000000000000e+00 0.000000000000000000e+00 0.000000000000000000e+00 0.000000000000000000e+00
0.000000000000000000e+00 0.000000000000000000e+00 0.000000000000000000e+00 0.000000000000000000e+00 0.000000000000000000e+00 0.000000000000000000e+00
0.000000000000000000e+00 0.000000000000000000e+00 0.000000000000000000e+00 0.000000000000000000e+00 0.000000000000000000e+00 0.000000000000000000e+00
0.000000000000000000e+00 0.000000000000000000e+00 0.000000000000000000e+00 0.000000000000000000e+00 0.000000000000000000e+00 0.000000000000000000e+00
0.000000000000000000e+00 0.000000000000000000e+00 0.000000000000000000e+00 0.000000000000000000e+00 0.000000000000000000e+00 0.000000000000000000e+00
0.000000000000000000e+00 0.000000000000000000e+00 0.000000000000000000e+00 0.000000000000000000e+00 0.000000000000000000e+00 0.000000000000000000e+00
0.000000000000000000e+00 0.000000000000000000e+00 0.000000000000000000e+00 0.000000000000000000e+00 0.000000000000000000e+00 0.000000000000000000e+00
0.000000000000000000e+00 0.000000000000000000e+00 0.000000000000000000e+00 0.000000000000000000e+00 0.000000000000000000e+00 0.000000000000000000e+00
0.000000000000000000e+00 0.000000000000000000e+00 0.000000000000000000e+00 0.000000000000000000e+00 0.000000000000000000e+00 0.000000000000000000e+00
0.000000000000000000e+00 0.000000000000000000e+00 0.000000000000000000e+00 0.000000000000000000e+00 0.000000000000000000e+00 0.000000000000000000e+00
0.000000000000000000e+00 0.000000000000000000e+00 0.000000000000000000e+00 0.000000000000000000e+00 0.000000000000000000e+00 0.000000000000000000e+00
0.000000000000000000e+00 0.000000000000000000e+00 0.000000000000000000e+00 0.000000000000000000e+00 0.000000000000000000e+00 0.000000000000000000e+00
0.000000000000000000e+00 0.000000000000000000e+00 0.000000000000000000e+00 0.000000000000000000e+00 0.000000000000000000e+00 0.000000000000000000e+00
0.000000000000000000e+00 0.000000000000000000e+00 0.000000000000000000e+00 0.000000000000000000e+00 0.000000000000000000e+00 0.000000000000000000e+00
0.000000000000000000e+00 0.000000000000000000e+00 0.000000000000000000e+00 0.000000000000000000e+00 0.000000000000000000e+00 0.000000000000000000e+00
0.000000000000000000e+00 0.000000000000000000e+00 0.000000000000000000e+00 0.000000000000000000e+00 0.000000000000000000e+00 0.000000000000000000e+00
0.000000000000000000e+00 0.000000000000000000e+00 0.000000000000000000e+00 0.000000000000000000e+00 0.000000000000000000e+00 0.000000000000000000e+00
0.000000000000000000e+00 0.000000000000000000e+00 0.000000000000000000e+00 0.000000000000000000e+00 0.000000000000000000e+00 0.000000000000000000e+00
0.000000000000000000e+00 0.000000000000000000e+00 0.000000000000000000e+00 0.000000000000000000e+00 0.000000000000000000e+00 0.000000000000000000e+00
0.000000000000000000e+00 0.000000000000000000e+00 0.000000000000000000e+00 0.000000000000000000e+00 0.000000000000000000e+00 0.000000000000000000e+00
0.000000000000000000e+00 0.000000000000000000e+00 0.000000000000000000e+00 0.000000000000000000e+00 0.000000000000000000e+00 0.000000000000000000e+00
0.000000000000000000e+00 0.000000000000000000e+00 0.000000000000000000e+00 0.000000000000000000e+00 0.000000000000000000e+00 0.000000000000000000e+00
0.000000000000000000e+00 0.000000000000000000e+00 0.000000000000000000e+00 0.000000000000000000e+00 0.000000000000000000e+00 0.000000000000000000e+00
0.000000000000000000e+00 0.000000000000000000e+00 0.000000000000000000e+00 0.000000000000000000e+00 0.000000000000000000e+00 0.000000000000000000e+00
0.000000000000000000e+00 0.000000000000000000e+00 0.000000000000000000e+00 0.000000000000000000e+00 0.000000000000000000e+00 0.000000000000000000e+00
0.000000000000000000e+00 0.000000000000000000e+00 0.000000000000000000e+00 0.000000000000000000e+00 0.000000000000000000e+00 0.000000000000000000e+00
0.000000000000000000e+00 0.000000000000000000e+00 0.000000000000000000e+00 0.000000000000000000e+00 0.000000000000000000e+00 0.000000000000000000e+00
0.000000000000000000e+00 0.000000000000000000e+00 0.000000000000000000e+00 0.000000000000000000e+00 0.000000000000000000e+00 0.000000000000000000e+00
0.000000000000000000e+00 0.000000000000000000e+00 0.000000000000000000e+00 0.000000000000000000e+00 0.000000000000000000e+00 0.000000000000000000e+00
0.000000000000000000e+00 0.000000000000000000e+00 0.000000000000000000e+00 0.000000000000000000e+00 0.000000000000000000e+00 0.000000000000000000e+00
0.000000000000000000e+00 0.000000000000000000e+00 0.000000000000000000e+00 0.000000000000000000e+00 0.000000000000000000e+00 0.000000000000000000e+00
0.000000000000000000e+00 0.000000000000000000e+00 0.000000000000000000e+00 0.000000000000000000e+00 0.000000000000000000e+00 0.000000000000000000e+00
0.000000000000000000e+00 0.000000000000000000e+00 0.000000000000000000e+00 0.000000000000000000e+00 0.000000000000000000e+00 0.000000000000000000e+00
0.000000000000000000e+00 0.000000000000000000e+00 0.000000000000000000e+00 0.000000000000000000e+00 0.000000000000000000e+00 0.000000000000000000e+00
0.000000000000000000e+00 0.000000000000000000e+00 0.000000000000000000e+00 0.000000000000000000e+00 0.000000000000000000e+00 0.000000000000000000e+00
0.000000000000000000e+00 0.000000000000000000e+00 0.000000000000000000e+00 0.000000000000000000e+00 0.000000000000000000e+00 0.000000000000000000e+00
0.000000000000000000e+00 0.000000000000000000e+00 0.000000000000000000e+00 0.000000000000000000e+00 0.000000000000000000e+00 0.000000000000000000e+00
0.000000000000000000e+00 0.000000000000000000e+00 0.000000000000000000e+00 0.000000000000000000e+00 0.000000000000000000e+00 0.000000000000000000e+00
0.000000000000000000e+00 0.000000000000000000e+00 0.000000000000000000e+00 0.000000000000000000e+00 0.000000000000000000e+00 0.000000000000000000e+00
0.000000000000000000e+00 0.000000000000000000e+00 0.000000000000000000e+00 0.000000000000000000e+00 0.000000000000000000e+00 0.000000000000000000e+00
0.000000000000000000e+00 0.000000000000000000e+00 0.000000000000000000e+00 0.000000000000000000e+00 0.000000000000000000e+00 0.000000000000000000e+00
0.000000000000000000e+00 0.000000000000000000e+00 0.000000000000000000e+00 0.000000000000000000e+00 0.000000000000000000e+00 0.000000000000000000e+00
0.000000000000000000e+00 0.000000000000000000e+00 0.000000000000000000e+00 0.000000000000000000e+00 0.000000000000000000e+00 0.000000000000000000e+00
0.000000000000000000e+00 0.000000000000000000e+00 0.000000000000000000e+00 0.000000000000000000e+00 0.000000000000000000e+00 0.000000000000000000e+00
0.000000000000000000e+00 0.000000000000000000e+00 0.000000000000000000e+00 0.000000000000000000e+00 0.000000000000000000e+00 0.000000000000000000e+00
0.000000000000000000e+00 0.000000000000000000e+00 0.000000000000000000e+00 0.000000000000000000e+00 0.000000000000000000e+00 0.000000000000000000e+00
0.000000000000000000e+00 0.000000000000000000e+00 0.000000000000000000e+00 0.000000000000000000e+00 0.000000000000000000e+00 0.000000000000000000e+00
0.000000000000000000e+00 0.000000000000000000e+00 0.000000000000000000e+00 0.000000000000000000e+00 0.000000000000000000e+00 0.000000000000000000e+00
0.000000000000000000e+00 0.000000000000000000e+00 0.000000000000000000e+00 0.000000000000000000e+00 0.000000000000000000e+00 0.000000000000000000e+00
0.000000000000000000e+00 0.000000000000000000e+00 0.000000000000000000e+00 0.000000000000000000e+00 0.000000000000000000e+00 0.000000000000000000e+00
0.000000000000000000e+00 0.000000000000000000e+00 0.000000000000000000e+00 0.000000000000000000e+00 0.000000000000000000e+00 0.000000000000000000e+00
0.000000000000000000e+00 0.000000000000000000e+00 0.000000000000000000e+00 0.000000000000000000e+00 0.000000000000000000e+00 0.000000000000000000e+00
0.000000000000000000e+00 0.000000000000000000e+00 0.000000000000000000e+00 0.000000000000000000e+00 0.000000000000000000e+00 0.000000000000000000e+00
0.000000000000000000e+00 0.000000000000000000e+00 0.000000000000000000e+00 0.000000000000000000e+00 0.000000000000000000e+00 0.000000000000000000e+00
0.000000000000000000e+00 0.000000000000000000e+00 0.000000000000000000e+00 0.000000000000000000e+00 0.000000000000000000e+00 0.000000000000000000e+00
0.000000000000000000e+00 0.000000000000000000e+00 0.000000000000000000e+00 0.000000000000000000e+00 0.000000000000000000e+00 0.000000000000000000e+00
0.000000000000000000e+00 0.000000000000000000e+00 0.000000000000000000e+00 0.000000000000000000e+00 0.000000000000000000e+00 0.000000000000000000e+00
0.000000000000000000e+00 0.000000000000000000e+00 0.000000000000000000e+00 0.000000000000000000e+00 0.000000000000000000e+00 0.000000000000000000e+00
0.000000000000000000e+00 0.000000000000000000e+00 0.000000000000000000e+00 0.000000000000000000e+00 0.000000000000000000e+00 0.000000000000000000e+00
0.000000000000000000e+00 0.000000000000000000e+00 0.000000000000000000e+00 0.000000000000000000e+00 0.000000000000000000e+00 0.000000000000000000e+00
0.000000000000000000e+00 0.000000000000000000e+00 0.000000000000000000e+00 0.000000000000000000e+00 0.000000000000000000e+00 0.000000000000000000e+00
0.000000000000000000e+00 0.000000000000000000e+00 0.000000000000000000e+00 0.000000000000000000e+00 0.000000000000000000e+00 0.000000000000000000e+00
0.000000000000000000e+00 0.000000000000000000e+00 0.000000000000000000e+00 0.000000000000000000e+00 0.000000000000000000e+00 0.000000000000000000e+00
0.000000000000000000e+00 0.000000000000000000e+00 0.000000000000000000e+00 0.000000000000000000e+00 0.000000000000000000e+00 0.000000000000000000e+00
0.000000000000000000e+00 0.000000000000000000e+00 0.000000000000000000e+00 0.000000000000000000e+00 0.000000000000000000e+00 0.000000000000000000e+00
-1.681799069046974182e-02 2.213207632303237915e-01 1.397407770156860352e+00 1.088037788867950439e-01 5.954952239990234375e-01 6.251861155033111572e-02
-3.803857862949371338e-01 6.611902117729187012e-01 2.398944199085235596e-01 3.484524786472320557e-01 -7.022147178649902344e-01 -1.525129470974206924e-02
5.771586894989013672e-01 -2.840465605258941650e-01 2.565767467021942139e-01 2.584308683872222900e-01 -1.906482726335525513e-01 3.981428742408752441e-01
-8.631157875061035156e-01 2.210252881050109863e-01 1.619031727313995361e-01 -1.833554655313491821e-01 -1.466994881629943848e-01 -2.043101936578750610e-01
-6.873325109481811523e-01 -2.900283634662628174e-01 -1.011274382472038269e-01 1.075697302818298340e+00 3.758608996868133545e-01 1.201201558113098145e+00
-3.713526129722595215e-01 6.045259237289428711e-01 -3.194966018199920654e-01 -2.607960104942321777e-01 -2.869031131267547607e-01 5.185506939888000488e-01
-3.257636129856109619e-01 -4.710704982280731201e-01 -8.414310812950134277e-01 1.868242621421813965e-01 9.172067046165466309e-02 -5.443720221519470215e-01
3.616390526294708252e-01 1.160097718238830566e+00 5.355113744735717773e-01 2.548792958259582520e-01 3.306303918361663818e-01 -4.271303713321685791e-01
-9.056201577186584473e-01 -4.382900893688201904e-01 2.660230696201324463e-01 1.071391105651855469e+00 2.303063720464706421e-01 -5.243993401527404785e-01
3.253139257431030273e-01 5.246403813362121582e-02 2.457333803176879883e-01 2.723427414894104004e-01 -8.172480762004852295e-02 -1.098285198211669922e+00
7.017239332199096680e-01 -3.113065063953399658e-01 1.094294309616088867e+00 8.720441460609436035e-01 6.222381591796875000e-01 -2.086729109287261963e-01
1.274364829063415527e+00 -2.370480149984359741e-01 4.424971342086791992e-01 1.125583767890930176e+00 8.118646144866943359e-01 -3.640035092830657959e-01
7.492100596427917480e-01 1.405490338802337646e-01 4.414763450622558594e-01 9.774334430694580078e-01 -1.919957995414733887e-01 4.345363080501556396e-01
3.402122259140014648e-01 6.246900558471679688e-01 1.016924023628234863e+00 6.914976239204406738e-01 1.485489130020141602e+00 1.418643742799758911e-01
4.560762643814086914e-01 9.348596632480621338e-02 -5.760149359703063965e-01 3.635105490684509277e-01 3.808044269680976868e-02 4.044395983219146729e-01
5.428680181503295898e-01 6.040126681327819824e-01 8.686152696609497070e-01 5.612864494323730469e-01 2.428597807884216309e-01 -1.516269892454147339e-01
-1.542681306600570679e-01 5.319367647171020508e-01 2.792740166187286377e-01 1.211829066276550293e+00 6.395298242568969727e-01 5.100437998771667480e-01
2.024712115526199341e-01 1.112388253211975098e+00 7.677623033523559570e-01 4.463291168212890625e-01 1.226970553398132324e+00 5.715240240097045898e-01
6.343878507614135742e-01 1.284528374671936035e+00 1.163404107093811035e+00 7.357544898986816406e-01 4.089058563113212585e-02 9.628013372421264648e-01
5.810651183128356934e-01 1.976365804672241211e+00 -2.089826762676239014e-02 1.893927454948425293e+00 7.040370702743530273e-01 1.802503317594528198e-02
1.372951269149780273e+00 2.480852901935577393e-01 3.080997467041015625e-01 8.787527680397033691e-01 7.060028910636901855e-01 -1.369952112436294556e-01
6.665794253349304199e-01 9.782618880271911621e-01 1.301343917846679688e+00 5.195035338401794434e-01 3.414093255996704102e-01 2.611160874366760254e-01
6.320731639862060547e-01 1.542305588722229004e+00 -2.620947062969207764e-01 5.586553215980529785e-01 1.988362312316894531e+00 -9.086095690727233887e-01
1.462195515632629395e+00 1.400525808334350586e+00 1.186100840568542480e+00 1.115659117698669434e+00 8.820396065711975098e-01 2.451334297657012939e-01
3.612833321094512939e-01 1.753472089767456055e+00 5.509551763534545898e-01 9.182501435279846191e-01 1.359897255897521973e+00 6.814882159233093262e-02
9.562285542488098145e-01 9.447325468063354492e-01 1.047281265258789062e+00 7.552771568298339844e-01 1.341157078742980957e+00 -1.260516762733459473e+00
1.475667476654052734e+00 1.531565070152282715e+00 1.461253762245178223e+00 9.125517606735229492e-01 7.908767461776733398e-01 9.561866521835327148e-01
9.906326532363891602e-01 2.248914957046508789e+00 9.735427051782608032e-02 8.622201085090637207e-01 1.192004680633544922e+00 6.416197419166564941e-01
4.035049080848693848e-01 5.591089129447937012e-01 5.480343699455261230e-01 8.335465192794799805e-01 1.100358963012695312e+00 6.587306261062622070e-01
3.932729065418243408e-01 1.759077310562133789e+00 8.321631550788879395e-01 1.266731023788452148e+00 3.385437726974487305e-01 3.490640781819820404e-03
1.348221182823181152e+00 1.843753337860107422e+00 1.858919501304626465e+00 9.016390442848205566e-01 5.185064077377319336e-01 9.943075180053710938e-01
1.264976024627685547e+00 1.990236282348632812e+00 7.687982916831970215e-01 9.545137882232666016e-01 8.415443301200866699e-01 2.998225688934326172e-01
1.412594318389892578e+00 2.006241798400878906e+00 1.720871090888977051e+00 5.017727017402648926e-01 1.353486776351928711e+00 3.957499861717224121e-01
6.396202445030212402e-01 2.256775856018066406e+00 1.504118084907531738e+00 1.690338850021362305e+00 7.181076407432556152e-01 1.018024086952209473e+00
1.130264997482299805e+00 1.703326582908630371e+00 1.101064085960388184e+00 6.444746851921081543e-01 1.425172090530395508e+00 1.246978163719177246e+00
1.955444931983947754e+00 1.922164201736450195e+00 2.203434944152832031e+00 9.748115390539169312e-02 1.750129580497741699e+00 7.949980497360229492e-01
1.338077068328857422e+00 1.099757313728332520e+00 1.081510066986083984e+00 1.304894804954528809e+00 1.352388381958007812e+00 5.012683272361755371e-01
7.262514233589172363e-01 2.137674570083618164e+00 1.060046911239624023e+00 9.484156370162963867e-01 8.695433735847473145e-01 7.284025549888610840e-01
1.760163068771362305e+00 1.949785947799682617e+00 1.541126489639282227e+00 1.210108399391174316e+00 1.105400800704956055e+00 -2.753564119338989258e-01
7.334610223770141602e-01 1.895851850509643555e+00 2.034263372421264648e+00 7.540101408958435059e-01 8.226679563522338867e-01 1.334476470947265625e+00
1.540051579475402832e+00 2.107871055603027344e+00 1.640160679817199707e+00 1.766856789588928223e+00 1.359677791595458984e+00 1.009293556213378906e+00
1.850909471511840820e+00 1.843322753906250000e+00 1.396477937698364258e+00 7.147501707077026367e-01 1.679538249969482422e+00 9.671107530593872070e-01
1.703939735889434814e-01 2.298201560974121094e+00 7.000520229339599609e-01 2.127049446105957031e+00 1.700391650199890137e+00 5.132398605346679688e-01
1.652165055274963379e+00 1.980759024620056152e+00 2.648983478546142578e+00 1.551663756370544434e+00 6.686980128288269043e-01 1.753493428230285645e+00
1.611986517906188965e+00 1.445141792297363281e+00 8.904144763946533203e-01 2.610654592514038086e+00 1.104230761528015137e+00 7.695542573928833008e-01
1.932462334632873535e+00 2.295851469039916992e+00 2.563177585601806641e+00 1.366963505744934082e+00 1.285801291465759277e+00 6.284015178680419922e-01
1.639441132545471191e+00 1.811850666999816895e+00 2.370448589324951172e+00 1.562323570251464844e+00 2.426540851593017578e+00 7.556318640708923340e-01
4.693036079406738281e-01 2.936480998992919922e+00 2.475839138031005859e+00 1.582180738449096680e+00 1.732911586761474609e+00 1.534476041793823242e+00
1.777464509010314941e+00 2.138863325119018555e+00 1.713195323944091797e+00 1.955931901931762695e+00 2.177178144454956055e+00 4.841471314430236816e-01
1.230545759201049805e+00 1.543732285499572754e+00 1.916266322135925293e+00 2.070163965225219727e+00 1.669162034988403320e+00 7.423028945922851562e-01
6.498826742172241211e-01 2.240860939025878906e+00 2.212573528289794922e+00 2.155882596969604492e+00 1.751819968223571777e+00 1.012365579605102539e+00
1.804678916931152344e+00 2.492328882217407227e+00 2.466339349746704102e+00 7.933751940727233887e-01 1.837406277656555176e+00 8.484790921211242676e-01
1.966768264770507812e+00 2.604254961013793945e+00 1.689514756202697754e+00 1.795932412147521973e+00 1.605442762374877930e+00 1.109047174453735352e+00
1.153416514396667480e+00 2.946527481079101562e+00 1.873185634613037109e+00 8.590259552001953125e-01 8.133766055107116699e-01 9.503988027572631836e-01
1.345006227493286133e+00 3.130081176757812500e+00 1.999337315559387207e+00 2.659151792526245117e+00 2.105873823165893555e+00 1.212938547134399414e+00
1.300261259078979492e+00 2.237333059310913086e+00 2.028220891952514648e+00 2.283381462097167969e+00 2.178193569183349609e+00 6.072549149394035339e-02
2.642641067504882812e+00 1.965615630149841309e+00 3.309516906738281250e+00 8.837834000587463379e-01 1.070445895195007324e+00 5.654577016830444336e-01
2.493816614151000977e+00 3.248014688491821289e+00 3.139870882034301758e+00 1.775164365768432617e+00 1.384475708007812500e+00 -1.268131285905838013e-01
1.249549269676208496e+00 3.118262290954589844e+00 2.790381431579589844e+00 1.415349841117858887e+00 1.505906343460083008e+00 -2.612743973731994629e-01
2.112154960632324219e+00 3.855522155761718750e+00 2.140799522399902344e+00 1.828636884689331055e+00 1.756809711456298828e+00 1.213354587554931641e+00
1.747286438941955566e+00 2.884195327758789062e+00 2.606029272079467773e+00 1.918745756149291992e+00 2.116032123565673828e+00 7.233982682228088379e-01
1.747286438941955566e+00 2.884195327758789062e+00 2.606029272079467773e+00 1.918745756149291992e+00 2.116032123565673828e+00 7.233982682228088379e-01
1.747286438941955566e+00 2.884195327758789062e+00 2.606029272079467773e+00 1.918745756149291992e+00 2.116032123565673828e+00 7.233982682228088379e-01
1.747286438941955566e+00 2.884195327758789062e+00 2.606029272079467773e+00 1.918745756149291992e+00 2.116032123565673828e+00 7.233982682228088379e-01
1.747286438941955566e+00 2.884195327758789062e+00 2.606029272079467773e+00 1.918745756149291992e+00 2.116032123565673828e+00 7.233982682228088379e-01
1.747286438941955566e+00 2.884195327758789062e+00 2.606029272079467773e+00 1.918745756149291992e+00 2.116032123565673828e+00 7.233982682228088379e-01
1.747286438941955566e+00 2.884195327758789062e+00 2.606029272079467773e+00 1.918745756149291992e+00 2.116032123565673828e+00 7.233982682228088379e-01
1.747286438941955566e+00 2.884195327758789062e+00 2.606029272079467773e+00 1.918745756149291992e+00 2.116032123565673828e+00 7.233982682228088379e-01
1.747286438941955566e+00 2.884195327758789062e+00 2.606029272079467773e+00 1.918745756149291992e+00 2.116032123565673828e+00 7.233982682228088379e-01
1.747286438941955566e+00 2.884195327758789062e+00 2.606029272079467773e+00 1.918745756149291992e+00 2.116032123565673828e+00 7.233982682228088379e-01
1.747286438941955566e+00 2.884195327758789062e+00 2.606029272079467773e+00 1.918745756149291992e+00 2.116032123565673828e+00 7.233982682228088379e-01
1.747286438941955566e+00 2.884195327758789062e+00 2.606029272079467773e+00 1.918745756149291992e+00 2.116032123565673828e+00 7.233982682228088379e-01
1.747286438941955566e+00 2.884195327758789062e+00 2.606029272079467773e+00 1.918745756149291992e+00 2.116032123565673828e+00 7.233982682228088379e-01
1.747286438941955566e+00 2.884195327758789062e+00 2.606029272079467773e+00 1.918745756149291992e+00 2.116032123565673828e+00 7.233982682228088379e-01
1.747286438941955566e+00 2.884195327758789062e+00 2.606029272079467773e+00 1.918745756149291992e+00 2.116032123565673828e+00 7.233982682228088379e-01
1.747286438941955566e+00 2.884195327758789062e+00 2.606029272079467773e+00 1.918745756149291992e+00 2.116032123565673828e+00 7.233982682228088379e-01
1.747286438941955566e+00 2.884195327758789062e+00 2.606029272079467773e+00 1.918745756149291992e+00 2.116032123565673828e+00 7.233982682228088379e-01
1.747286438941955566e+00 2.884195327758789062e+00 2.606029272079467773e+00 1.918745756149291992e+00 2.116032123565673828e+00 7.233982682228088379e-01
1.747286438941955566e+00 2.884195327758789062e+00 2.606029272079467773e+00 1.918745756149291992e+00 2.116032123565673828e+00 7.233982682228088379e-01
1.747286438941955566e+00 2.884195327758789062e+00 2.606029272079467773e+00 1.918745756149291992e+00 2.116032123565673828e+00 7.233982682228088379e-01
1.747286438941955566e+00 2.884195327758789062e+00 2.606029272079467773e+00 1.918745756149291992e+00 2.116032123565673828e+00 7.233982682228088379e-01
1.747286438941955566e+00 2.884195327758789062e+00 2.606029272079467773e+00 1.918745756149291992e+00 2.116032123565673828e+00 7.233982682228088379e-01
1.747286438941955566e+00 2.884195327758789062e+00 2.606029272079467773e+00 1.918745756149291992e+00 2.116032123565673828e+00 7.233982682228088379e-01
1.747286438941955566e+00 2.884195327758789062e+00 2.606029272079467773e+00 1.918745756149291992e+00 2.116032123565673828e+00 7.233982682228088379e-01
1.747286438941955566e+00 2.884195327758789062e+00 2.606029272079467773e+00 1.918745756149291992e+00 2.116032123565673828e+00 7.233982682228088379e-01
1.747286438941955566e+00 2.884195327758789062e+00 2.606029272079467773e+00 1.918745756149291992e+00 2.116032123565673828e+00 7.233982682228088379e-01
1.747286438941955566e+00 2.884195327758789062e+00 2.606029272079467773e+00 1.918745756149291992e+00 2.116032123565673828e+00 7.233982682228088379e-01
1.747286438941955566e+00 2.884195327758789062e+00 2.606029272079467773e+00 1.918745756149291992e+00 2.116032123565673828e+00 7.233982682228088379e-01
1.747286438941955566e+00 2.884195327758789062e+00 2.606029272079467773e+00 1.918745756149291992e+00 2.116032123565673828e+00 7.233982682228088379e-01
1.747286438941955566e+00 2.884195327758789062e+00 2.606029272079467773e+00 1.918745756149291992e+00 2.116032123565673828e+00 7.233982682228088379e-01
1.747286438941955566e+00 2.884195327758789062e+00 2.606029272079467773e+00 1.918745756149291992e+00 2.116032123565673828e+00 7.233982682228088379e-01
1.747286438941955566e+00 2.884195327758789062e+00 2.606029272079467773e+00 1.918745756149291992e+00 2.116032123565673828e+00 7.233982682228088379e-01
1.747286438941955566e+00 2.884195327758789062e+00 2.606029272079467773e+00 1.918745756149291992e+00 2.116032123565673828e+00 7.233982682228088379e-01
1.747286438941955566e+00 2.884195327758789062e+00 2.606029272079467773e+00 1.918745756149291992e+00 2.116032123565673828e+00 7.233982682228088379e-01
1.747286438941955566e+00 2.884195327758789062e+00 2.606029272079467773e+00 1.918745756149291992e+00 2.116032123565673828e+00 7.233982682228088379e-01
1.747286438941955566e+00 2.884195327758789062e+00 2.606029272079467773e+00 1.918745756149291992e+00 2.116032123565673828e+00 7.233982682228088379e-01
1.747286438941955566e+00 2.884195327758789062e+00 2.606029272079467773e+00 1.918745756149291992e+00 2.116032123565673828e+00 7.233982682228088379e-01
1.747286438941955566e+00 2.884195327758789062e+00 2.606029272079467773e+00 1.918745756149291992e+00 2.116032123565673828e+00 7.233982682228088379e-01
1.747286438941955566e+00 2.884195327758789062e+00 2.606029272079467773e+00 1.918745756149291992e+00 2.116032123565673828e+00 7.233982682228088379e-01
1.747286438941955566e+00 2.884195327758789062e+00 2.606029272079467773e+00 1.918745756149291992e+00 2.116032123565673828e+00 7.233982682228088379e-01
1.747286438941955566e+00 2.884195327758789062e+00 2.606029272079467773e+00 1.918745756149291992e+00 2.116032123565673828e+00 7.233982682228088379e-01
1.747286438941955566e+00 2.884195327758789062e+00 2.606029272079467773e+00 1.918745756149291992e+00 2.116032123565673828e+00 7.233982682228088379e-01
1.747286438941955566e+00 2.884195327758789062e+00 2.606029272079467773e+00 1.918745756149291992e+00 2.116032123565673828e+00 7.233982682228088379e-01
1.747286438941955566e+00 2.884195327758789062e+00 2.606029272079467773e+00 1.918745756149291992e+00 2.116032123565673828e+00 7.233982682228088379e-01
1.747286438941955566e+00 2.884195327758789062e+00 2.606029272079467773e+00 1.918745756149291992e+00 2.116032123565673828e+00 7.233982682228088379e-01
1.747286438941955566e+00 2.884195327758789062e+00 2.606029272079467773e+00 1.918745756149291992e+00 2.116032123565673828e+00 7.233982682228088379e-01
1.747286438941955566e+00 2.884195327758789062e+00 2.606029272079467773e+00 1.918745756149291992e+00 2.116032123565673828e+00 7.233982682228088379e-01
1.747286438941955566e+00 2.884195327758789062e+00 2.606029272079467773e+00 1.918745756149291992e+00 2.116032123565673828e+00 7.233982682228088379e-01
1.747286438941955566e+00 2.884195327758789062e+00 2.606029272079467773e+00 1.918745756149291992e+00 2.116032123565673828e+00 7.233982682228088379e-01
1.747286438941955566e+00 2.884195327758789062e+00 2.606029272079467773e+00 1.918745756149291992e+00 2.116032123565673828e+00 7.233982682228088379e-01
1.747286438941955566e+00 2.884195327758789062e+00 2.606029272079467773e+00 1.918745756149291992e+00 2.116032123565673828e+00 7.233982682228088379e-01
1.747286438941955566e+00 2.884195327758789062e+00 2.606029272079467773e+00 1.918745756149291992e+00 2.116032123565673828e+00 7.233982682228088379e-01
1.747286438941955566e+00 2.884195327758789062e+00 2.606029272079467773e+00 1.918745756149291992e+00 2.116032123565673828e+00 7.233982682228088379e-01
1.747286438941955566e+00 2.884195327758789062e+00 2.606029272079467773e+00 1.918745756149291992e+00 2.116032123565673828e+00 7.233982682228088379e-01
1.747286438941955566e+00 2.884195327758789062e+00 2.606029272079467773e+00 1.918745756149291992e+00 2.116032123565673828e+00 7.233982682228088379e-01
1.747286438941955566e+00 2.884195327758789062e+00 2.606029272079467773e+00 1.918745756149291992e+00 2.116032123565673828e+00 7.233982682228088379e-01
1.747286438941955566e+00 2.884195327758789062e+00 2.606029272079467773e+00 1.918745756149291992e+00 2.116032123565673828e+00 7.233982682228088379e-01
1.747286438941955566e+00 2.884195327758789062e+00 2.606029272079467773e+00 1.918745756149291992e+00 2.116032123565673828e+00 7.233982682228088379e-01
1.747286438941955566e+00 2.884195327758789062e+00 2.606029272079467773e+00 1.918745756149291992e+00 2.116032123565673828e+00 7.233982682228088379e-01
1.747286438941955566e+00 2.884195327758789062e+00 2.606029272079467773e+00 1.918745756149291992e+00 2.116032123565673828e+00 7.233982682228088379e-01
1.747286438941955566e+00 2.884195327758789062e+00 2.606029272079467773e+00 1.918745756149291992e+00 2.116032123565673828e+00 7.233982682228088379e-01
1.747286438941955566e+00 2.884195327758789062e+00 2.606029272079467773e+00 1.918745756149291992e+00 2.116032123565673828e+00 7.233982682228088379e-01
1.747286438941955566e+00 2.884195327758789062e+00 2.606029272079467773e+00 1.918745756149291992e+00 2.116032123565673828e+00 7.233982682228088379e-01
1.747286438941955566e+00 2.884195327758789062e+00 2.606029272079467773e+00 1.918745756149291992e+00 2.116032123565673828e+00 7.233982682228088379e-01
1.747286438941955566e+00 2.884195327758789062e+00 2.606029272079467773e+00 1.918745756149291992e+00 2.116032123565673828e+00 7.233982682228088379e-01
1.747286438941955566e+00 2.884195327758789062e+00 2.606029272079467773e+00 1.918745756149291992e+00 2.116032123565673828e+00 7.233982682228088379e-01
1.747286438941955566e+00 2.884195327758789062e+00 2.606029272079467773e+00 1.918745756149291992e+00 2.116032123565673828e+00 7.233982682228088379e-01
1.747286438941955566e+00 2.884195327758789062e+00 2.606029272079467773e+00 1.918745756149291992e+00 2.116032123565673828e+00 7.233982682228088379e-01
1.747286438941955566e+00 2.884195327758789062e+00 2.606029272079467773e+00 1.918745756149291992e+00 2.116032123565673828e+00 7.233982682228088379e-01
1.747286438941955566e+00 2.884195327758789062e+00 2.606029272079467773e+00 1.918745756149291992e+00 2.116032123565673828e+00 7.233982682228088379e-01
1.747286438941955566e+00 2.884195327758789062e+00 2.606029272079467773e+00 1.918745756149291992e+00 2.116032123565673828e+00 7.233982682228088379e-01
1.747286438941955566e+00 2.884195327758789062e+00 2.606029272079467773e+00 1.918745756149291992e+00 2.116032123565673828e+00 7.233982682228088379e-01
1.747286438941955566e+00 2.884195327758789062e+00 2.606029272079467773e+00 1.918745756149291992e+00 2.116032123565673828e+00 7.233982682228088379e-01
1.747286438941955566e+00 2.884195327758789062e+00 2.606029272079467773e+00 1.918745756149291992e+00 2.116032123565673828e+00 7.233982682228088379e-01
1.747286438941955566e+00 2.884195327758789062e+00 2.606029272079467773e+00 1.918745756149291992e+00 2.116032123565673828e+00 7.233982682228088379e-01
1.747286438941955566e+00 2.884195327758789062e+00 2.606029272079467773e+00 1.918745756149291992e+00 2.116032123565673828e+00 7.233982682228088379e-01
1.747286438941955566e+00 2.884195327758789062e+00 2.606029272079467773e+00 1.918745756149291992e+00 2.116032123565673828e+00 7.233982682228088379e-01
1.747286438941955566e+00 2.884195327758789062e+00 2.606029272079467773e+00 1.918745756149291992e+00 2.116032123565673828e+00 7.233982682228088379e-01
1.747286438941955566e+00 2.884195327758789062e+00 2.606029272079467773e+00 1.918745756149291992e+00 2.116032123565673828e+00 7.233982682228088379e-01
1.747286438941955566e+00 2.884195327758789062e+00 2.606029272079467773e+00 1.918745756149291992e+00 2.116032123565673828e+00 7.233982682228088379e-01
1.747286438941955566e+00 2.884195327758789062e+00 2.606029272079467773e+00 1.918745756149291992e+00 2.116032123565673828e+00 7.233982682228088379e-01
1.747286438941955566e+00 2.884195327758789062e+00 2.606029272079467773e+00 1.918745756149291992e+00 2.116032123565673828e+00 7.233982682228088379e-01
1.747286438941955566e+00 2.884195327758789062e+00 2.606029272079467773e+00 1.918745756149291992e+00 2.116032123565673828e+00 7.233982682228088379e-01
1.747286438941955566e+00 2.884195327758789062e+00 2.606029272079467773e+00 1.918745756149291992e+00 2.116032123565673828e+00 7.233982682228088379e-01
1.747286438941955566e+00 2.884195327758789062e+00 2.606029272079467773e+00 1.918745756149291992e+00 2.116032123565673828e+00 7.233982682228088379e-01
1.747286438941955566e+00 2.884195327758789062e+00 2.606029272079467773e+00 1.918745756149291992e+00 2.116032123565673828e+00 7.233982682228088379e-01
1.747286438941955566e+00 2.884195327758789062e+00 2.606029272079467773e+00 1.918745756149291992e+00 2.116032123565673828e+00 7.233982682228088379e-01
1.747286438941955566e+00 2.884195327758789062e+00 2.606029272079467773e+00 1.918745756149291992e+00 2.116032123565673828e+00 7.233982682228088379e-01
1.747286438941955566e+00 2.884195327758789062e+00 2.606029272079467773e+00 1.918745756149291992e+00 2.116032123565673828e+00 7.233982682228088379e-01
1.747286438941955566e+00 2.884195327758789062e+00 2.606029272079467773e+00 1.918745756149291992e+00 2.116032123565673828e+00 7.233982682228088379e-01
1.747286438941955566e+00 2.884195327758789062e+00 2.606029272079467773e+00 1.918745756149291992e+00 2.116032123565673828e+00 7.233982682228088379e-01
