0.000000000000000000e+00 0.000000000000000000e+00 0.000000000000000000e+00 0.000000000000000000e+00 0.000000000000000000e+00 0.000000000000000000e+00
0.000000000000000000e+00 0.000000000000000000e+00 0.000000000000000000e+00 0.000000000000000000e+00 0.000000000000000000e+00 0.000000000000000000e+00
0.000000000000000000e+00 0.000000000000000000e+00 0.000000000000000000e+00 0.000000000000000000e+00 0.000000000000000000e+00 0.000000000000000000e+00
0.000000000000000000e+00 0.000000000000000000e+00 0.000000000000000000e+00 0.000000000000000000e+00 0.000000000000000000e+00 0.000000000000000000e+00
0.000000000000000000e+00 0.000000000000000000e+00 0.000000000000000000e+00 0.000000000000000000e+00 0.000000000000000000e+00 0.000000000000000000e+00
0.000000000000000000e+00 0.000000000000000000e+00 0.000000000000000000e+00 0.000000000000000000e+00 0.000000000000000000e+00 0.000000000000000000e+00
0.000000000000000000e+00 0.000000000000000000e+00 0.000000000000000000e+00 0.000000000000000000e+00 0.000000000000000000e+00 0.000000000000000000e+00
0.000000000000000000e+00 0.000000000000000000e+00 0.000000000000000000e+00 0.000000000000000000e+00 0.000000000000000000e+00 0.000000000000000000e+00
0.000000000000000000e+00 0.000000000000000000e+00 0.000000000000000000e+00 0.000000000000000000e+00 0.000000000000000000e+00 0.000000000000000000e+00
0.000000000000000000e+00 0.000000000000000000e+00 0.000000000000000000e+00 0.000000000000000000e+00 0.000000000000000000e+00 0.000000000000000000e+00
0.000000000000000000e+00 0.000000000000000000e+00 0.000000000000000000e+00 0.000000000000000000e+00 0.000000000000000000e+00 0.000000000000000000e+00
0.000000000000000000e+00 0.000000000000000000e+00 0.000000000000000000e+00 0.000000000000000000e+00 0.000000000000000000e+00 0.000000000000000000e+00
0.000000000000000000e+00 0.000000000000000000e+00 0.000000000000000000e+00 0.000000000000000000e+00 0.000000000000000000e+00 0.000000000000000000e+00
0.000000000000000000e+00 0.000000000000000000e+00 0.000000000000000000e+00 0.000000000000000000e+00 0.000000000000000000e+00 0.000000000000000000e+00
0.000000000000000000e+00 0.000000000000000000e+00 0.000000000000000000e+00 0.000000000000000000e+00 0.000000000000000000e+00 0.000000000000000000e+00
0.000000000000000000e+00 0.000000000000000000e+00 0.000000000000000000e+00 0.000000000000000000e+00 0.000000000000000000e+00 0.000000000000000000e+00
0.000000000000000000e+00 0.000000000000000000e+00 0.000000000000000000e+00 0.000000000000000000e+00 0.000000000000000000e+00 0.000000000000000000e+00
0.000000000000000000e+00 0.000000000000000000e+00 0.000000000000000000e+00 0.000000000000000000e+00 0.000000000000000000e+00 0.000000000000000000e+00
0.000000000000000000e+00 0.000000000000000000e+00 0.000000000000000000e+00 0.000000000000000000e+00 0.000000000000000000e+00 0.000000000000000000e+00
0.000000000000000000e+00 0.000000000000000000e+00 0.000000000000000000e+00 0.000000000000000000e+00 0.000000000000000000e+00 0.000000000000000000e+00
0.000000000000000000e+00 0.000000000000000000e+00 0.000000000000000000e+00 0.000000000000000000e+00 0.000000000000000000e+00 0.000000000000000000e+00
0.000000000000000000e+00 0.000000000000000000e+00 0.000000000000000000e+00 0.000000000000000000e+00 0.000000000000000000e+00 0.000000000000000000e+00
0.000000000000000000e+00 0.000000000000000000e+00 0.000000000000000000e+00 0.000000000000000000e+00 0.000000000000000000e+00 0.000000000000000000e+00
0.000000000000000000e+00 0.000000000000000000e+00 0.000000000000000000e+00 0.000000000000000000e+00 0.000000000000000000e+00 0.000000000000000000e+00
0.000000000000000000e+00 0.000000000000000000e+00 0.000000000000000000e+00 0.000000000000000000e+00 0.000000000000000000e+00 0.000000000000000000e+00
0.000000000000000000e+00 0.000000000000000000e+00 0.000000000000000000e+00 0.000000000000000000e+00 0.000000000000000000e+00 0.000000000000000000e+00
0.000000000000000000e+00 0.000000000000000000e+00 0.000000000000000000e+00 0.000000000000000000e+00 0.000000000000000000e+00 0.000000000000000000e+00
0.000000000000000000e+00 0.000000000000000000e+00 0.000000000000000000e+00 0.000000000000000000e+00 0.000000000000000000e+00 0.000000000000000000e+00
0.000000000000000000e+00 0.000000000000000000e+00 0.000000000000000000e+00 0.000000000000000000e+00 0.000000000000000000e+00 0.000000000000000000e+00
0.000000000000000000e+00 0.000000000000000000e+00 0.000000000000000000e+00 0.000000000000000000e+00 0.000000000000000000e+00 0.000000000000000000e+00
0.000000000000000000e+00 0.000000000000000000e+00 0.000000000000000000e+00 0.000000000000000000e+00 0.000000000000000000e+00 0.000000000000000000e+00
0.000000000000000000e+00 0.000000000000000000e+00 0.000000000000000000e+00 0.000000000000000000e+00 0.000000000000000000e+00 0.000000000000000000e+00
0.000000000000000000e+00 0.000000000000000000e+00 0.000000000000000000e+00 0.000000000000000000e+00 0.000000000000000000e+00 0.000000000000000000e+00
0.000000000000000000e+00 0.000000000000000000e+00 0.000000000000000000e+00 0.000000000000000000e+00 0.000000000000000000e+00 0.000000000000000000e+00
0.000000000000000000e+00 0.000000000000000000e+00 0.000000000000000000e+00 0.000000000000000000e+00 0.000000000000000000e+00 0.000000000000000000e+00
0.000000000000000000e+00 0.000000000000000000e+00 0.000000000000000000e+00 0.000000000000000000e+00 0.000000000000000000e+00 0.000000000000000000e+00
0.000000000000000000e+00 0.000000000000000000e+00 0.000000000000000000e+00 0.000000000000000000e+00 0.000000000000000000e+00 0.000000000000000000e+00
0.000000000000000000e+00 0.000000000000000000e+00 0.000000000000000000e+00 0.000000000000000000e+00 0.000000000000000000e+00 0.000000000000000000e+00
0.000000000000000000e+00 0.000000000000000000e+00 0.000000000000000000e+00 0.000000000000000000e+00 0.000000000000000000e+00 0.000000000000000000e+00
0.000000000000000000e+00 0.000000000000000000e+00 0.000000000000000000e+00 0.000000000000000000e+00 0.000000000000000000e+00 0.000000000000000000e+00
0.000000000000000000e+00 0.000000000000000000e+00 0.000000000000000000e+00 0.000000000000000000e+00 0.000000000000000000e+00 0.000000000000000000e+00
0.000000000000000000e+00 0.000000000000000000e+00 0.000000000000000000e+00 0.000000000000000000e+00 0.000000000000000000e+00 0.000000000000000000e+00
0.000000000000000000e+00 0.000000000000000000e+00 0.000000000000000000e+00 0.000000000000000000e+00 0.000000000000000000e+00 0.000000000000000000e+00
0.000000000000000000e+00 0.000000000000000000e+00 0.000000000000000000e+00 0.000000000000000000e+00 0.000000000000000000e+00 0.000000000000000000e+00
0.000000000000000000e+00 0.000000000000000000e+00 0.000000000000000000e+00 0.000000000000000000e+00 0.000000000000000000e+00 0.000000000000000000e+00
0.000000000000000000e+00 0.000000000000000000e+00 0.000000000000000000e+00 0.000000000000000000e+00 0.000000000000000000e+00 0.000000000000000000e+00
0.000000000000000000e+00 0.000000000000000000e+00 0.000000000000000000e+00 0.000000000000000000e+00 0.000000000000000000e+00 0.000000000000000000e+00
0.000000000000000000e+00 0.000000000000000000e+00 0.000000000000000000e+00 0.000000000000000000e+00 0.000000000000000000e+00 0.000000000000000000e+00
0.000000000000000000e+00 0.000000000000000000e+00 0.000000000000000000e+00 0.000000000000000000e+00 0.000000000000000000e+00 0.000000000000000000e+00
0.000000000000000000e+00 0.000000000000000000e+00 0.000000000000000000e+00 0.000000000000000000e+00 0.000000000000000000e+00 0.000000000000000000e+00
0.000000000000000000e+00 0.000000000000000000e+00 0.000000000000000000e+00 0.000000000000000000e+00 0.000000000000000000e+00 0.000000000000000000e+00
0.000000000000000000e+00 0.000000000000000000e+00 0.000000000000000000e+00 0.000000000000000000e+00 0.000000000000000000e+00 0.000000000000000000e+00
0.000000000000000000e+00 0.000000000000000000e+00 0.000000000000000000e+00 0.000000000000000000e+00 0.000000000000000000e+00 0.000000000000000000e+00
0.000000000000000000e+00 0.000000000000000000e+00 0.000000000000000000e+00 0.000000000000000000e+00 0.000000000000000000e+00 0.000000000000000000e+00
0.000000000000000000e+00 0.000000000000000000e+00 0.000000000000000000e+00 0.000000000000000000e+00 0.000000000000000000e+00 0.000000000000000000e+00
0.000000000000000000e+00 0.000000000000000000e+00 0.000000000000000000e+00 0.000000000000000000e+00 0.000000000000000000e+00 0.000000000000000000e+00
0.000000000000000000e+00 0.000000000000000000e+00 0.000000000000000000e+00 0.000000000000000000e+00 0.000000000000000000e+00 0.000000000000000000e+00
0.000000000000000000e+00 0.000000000000000000e+00 0.000000000000000000e+00 0.000000000000000000e+00 0.000000000000000000e+00 0.000000000000000000e+00
0.000000000000000000e+00 0.000000000000000000e+00 0.000000000000000000e+00 0.000000000000000000e+00 0.000000000000000000e+00 0.000000000000000000e+00
0.000000000000000000e+00 0.000000000000000000e+00 0.000000000000000000e+00 0.000000000000000000e+00 0.000000000000000000e+00 0.000000000000000000e+00
0.000000000000000000e+00 0.000000000000000000e+00 0.000000000000000000e+00 0.000000000000000000e+00 0.000000000000000000e+00 0.000000000000000000e+00
0.000000000000000000e+00 0.000000000000000000e+00 0.000000000000000000e+00 0.000000000000000000e+00 0.000000000000000000e+00 0.000000000000000000e+00
0.000000000000000000e+00 0.000000000000000000e+00 0.000000000000000000e+00 0.000000000000000000e+00 0.000000000000000000e+00 0.000000000000000000e+00
0.000000000000000000e+00 0.000000000000000000e+00 0.000000000000000000e+00 0.000000000000000000e+00 0.000000000000000000e+00 0.000000000000000000e+00
0.000000000000000000e+00 0.000000000000000000e+00 0.000000000000000000e+00 0.000000000000000000e+00 0.000000000000000000e+00 0.000000000000000000e+00
0.000000000000000000e+00 0.000000000000000000e+00 0.000000000000000000e+00 0.000000000000000000e+00 0.000000000000000000e+00 0.000000000000000000e+00
0.000000000000000000e+00 0.000000000000000000e+00 0.000000000000000000e+00 0.000000000000000000e+00 0.000000000000000000e+00 0.000000000000000000e+00
0.000000000000000000e+00 0.000000000000000000e+00 0.000000000000000000e+00 0.000000000000000000e+00 0.000000000000000000e+00 0.000000000000000000e+00
0.000000000000000000e+00 0.000000000000000000e+00 0.000000000000000000e+00 0.000000000000000000e+00 0.000000000000000000e+00 0.000000000000000000e+00
0.000000000000000000e+00 0.000000000000000000e+00 0.000000000000000000e+00 0.000000000000000000e+00 0.000000000000000000e+00 0.000000000000000000e+00
0.000000000000000000e+00 0.000000000000000000e+00 0.000000000000000000e+00 0.000000000000000000e+00 0.000000000000000000e+00 0.000000000000000000e+00
0.000000000000000000e+00 0.000000000000000000e+00 0.000000000000000000e+00 0.000000000000000000e+00 0.000000000000000000e+00 0.000000000000000000e+00
0.000000000000000000e+00 0.000000000000000000e+00 0.000000000000000000e+00 0.000000000000000000e+00 0.000000000000000000e+00 0.000000000000000000e+00
0.000000000000000000e+00 0.000000000000000000e+00 0.000000000000000000e+00 0.000000000000000000e+00 0.000000000000000000e+00 0.000000000000000000e+00
0.000000000000000000e+00 0.000000000000000000e+00 0.000000000000000000e+00 0.000000000000000000e+00 0.000000000000000000e+00 0.000000000000000000e+00
0.000000000000000000e+00 0.000000000000000000e+00 0.000000000000000000e+00 0.000000000000000000e+00 0.000000000000000000e+00 0.000000000000000000e+00
0.000000000000000000e+00 0.000000000000000000e+00 0.000000000000000000e+00 0.000000000000000000e+00 0.000000000000000000e+00 0.000000000000000000e+00
0.000000000000000000e+00 0.000000000000000000e+00 0.000000000000000000e+00 0.000000000000000000e+00 0.000000000000000000e+00 0.000000000000000000e+00
0.000000000000000000e+00 0.000000000000000000e+00 0.000000000000000000e+00 0.000000000000000000e+00 0.000000000000000000e+00 0.000000000000000000e+00
0.000000000000000000e+00 0.000000000000000000e+00 0.000000000000000000e+00 0.000000000000000000e+00 0.000000000000000000e+00 0.000000000000000000e+00
0.000000000000000000e+00 0.000000000000000000e+00 0.000000000000000000e+00 0.000000000000000000e+00 0.000000000000000000e+00 0.000000000000000000e+00
0.000000000000000000e+00 0.000000000000000000e+00 0.000000000000000000e+00 0.000000000000000000e+00 0.000000000000000000e+00 0.000000000000000000e+00
0.000000000000000000e+00 0.000000000000000000e+00 0.000000000000000000e+00 0.000000000000000000e+00 0.000000000000000000e+00 0.000000000000000000e+00
0.000000000000000000e+00 0.000000000000000000e+00 0.000000000000000000e+00 0.000000000000000000e+00 0.000000000000000000e+00 0.000000000000000000e+00
0.000000000000000000e+00 0.000000000000000000e+00 0.000000000000000000e+00 0.000000000000000000e+00 0.000000000000000000e+00 0.000000000000000000e+00
0.000000000000000000e+00 0.000000000000000000e+00 0.000000000000000000e+00 0.000000000000000000e+00 0.000000000000000000e+00 0.000000000000000000e+00
0.000000000000000000e+00 0.000000000000000000e+00 0.000000000000000000e+00 0.000000000000000000e+00 0.000000000000000000e+00 0.000000000000000000e+00
0.000000000000000000e+00 0.000000000000000000e+00 0.000000000000000000e+00 0.000000000000000000e+00 0.000000000000000000e+00 0.000000000000000000e+00
0.000000000000000000e+00 0.000000000000000000e+00 0.000000000000000000e+00 0.000000000000000000e+00 0.000000000000000000e+00 0.000000000000000000e+00
0.000000000000000000e+00 0.000000000000000000e+00 0.000000000000000000e+00 0.000000000000000000e+00 0.000000000000000000e+00 0.000000000000000000e+00
0.000000000000000000e+00 0.000000000000000000e+00 0.000000000000000000e+00 0.000000000000000000e+00 0.000000000000000000e+00 0.000000000000000000e+00
0.000000000000000000e+00 0.000000000000000000e+00 0.000000000000000000e+00 0.000000000000000000e+00 0.000000000000000000e+00 0.000000000000000000e+00
0.000000000000000000e+00 0.000000000000000000e+00 0.000000000000000000e+00 0.000000000000000000e+00 0.000000000000000000e+00 0.000000000000000000e+00
0.000000000000000000e+00 0.000000000000000000e+00 0.000000000000000000e+00 0.000000000000000000e+00 0.000000000000000000e+00 0.000000000000000000e+00
0.000000000000000000e+00 0.000000000000000000e+00 0.000000000000000000e+00 0.000000000000000000e+00 0.000000000000000000e+00 0.000000000000000000e+00
0.000000000000000000e+00 0.000000000000000000e+00 0.000000000000000000e+00 0.000000000000000000e+00 0.000000000000000000e+00 0.000000000000000000e+00
0.000000000000000000e+00 0.000000000000000000e+00 0.000000000000000000e+00 0.000000000000000000e+00 0.000000000000000000e+00 0.000000000000000000e+00
0.000000000000000000e+00 0.000000000000000000e+00 0.000000000000000000e+00 0.000000000000000000e+00 0.000000000000000000e+00 0.000000000000000000e+00
0.000000000000000000e+00 0.000000000000000000e+00 0.000000000000000000e+00 0.000000000000000000e+00 0.000000000000000000e+00 0.000000000000000000e+00
0.000000000000000000e+00 0.000000000000000000e+00 0.000000000000000000e+00 0.000000000000000000e+00 0.000000000000000000e+00 0.000000000000000000e+00
8.178783059120178223e-01 -9.073701500892639160e-01 1.348764263093471527e-02 5.206094384193420410e-01 -8.104674816131591797e-01 -2.154143303632736206e-01
-1.544177681207656860e-01 -2.579264044761657715e-01 -7.814556956291198730e-01 6.158730983734130859e-01 -4.069919884204864502e-01 -1.738736033439636230e-01
-1.392534822225570679e-01 -1.036191821098327637e+00 6.630746722221374512e-01 8.558608889579772949e-01 1.228350475430488586e-01 3.401719033718109131e-01
4.055469930171966553e-01 2.645749412477016449e-02 7.572726905345916748e-02 -3.013831079006195068e-01 3.896087706089019775e-01 2.882686629891395569e-02
3.326276540756225586e-01 -6.955305933952331543e-01 -5.809478461742401123e-02 3.838267028331756592e-01 1.064638376235961914e+00 7.718592286109924316e-01
2.611508369445800781e-01 1.528904736042022705e-01 4.940519332885742188e-01 -1.222710534930229187e-01 2.748958766460418701e-01 -9.368770569562911987e-02
-6.412738561630249023e-01 -2.090532481670379639e-01 9.343121051788330078e-01 -1.258824586868286133e+00 5.352871417999267578e-01 -6.152089238166809082e-01
1.159982830286026001e-01 8.577229827642440796e-02 -1.286078523844480515e-02 -1.524814814329147339e-01 2.520389258861541748e-01 2.071889191865921021e-01
-2.297375053167343140e-01 -3.906266093254089355e-01 7.505049705505371094e-01 7.294916510581970215e-01 2.302694171667098999e-01 3.730448782444000244e-01
5.499312877655029297e-01 -1.377635300159454346e-01 1.068436726927757263e-01 1.981071196496486664e-02 -3.518262878060340881e-02 5.829502940177917480e-01
1.227782443165779114e-01 2.078922688961029053e-01 1.509092748165130615e-01 6.120874285697937012e-01 -4.704296216368675232e-02 5.551681667566299438e-02
3.335599601268768311e-01 1.151279926300048828e+00 5.641826987266540527e-01 -2.856857478618621826e-01 -5.049658417701721191e-01 5.575173497200012207e-01
-6.911035180091857910e-01 -6.177261471748352051e-01 4.788963794708251953e-01 1.007796049118041992e+00 2.117887288331985474e-01 1.177209734916687012e+00
2.286465167999267578e-01 9.662478417158126831e-02 8.262885808944702148e-01 4.429354667663574219e-01 6.089848279953002930e-01 8.234282732009887695e-01
2.936024367809295654e-01 3.516405224800109863e-01 1.814056873321533203e+00 4.789043068885803223e-01 3.032739460468292236e-01 6.809479594230651855e-01
6.809171438217163086e-01 4.151180982589721680e-01 1.041217088699340820e+00 9.794752597808837891e-01 2.814123630523681641e-01 7.349254488945007324e-01
3.291102051734924316e-01 2.774702608585357666e-01 2.925130724906921387e-01 9.308196902275085449e-01 4.261548817157745361e-01 8.013762235641479492e-01
7.555239796638488770e-01 5.641239881515502930e-01 8.255443572998046875e-01 1.133179187774658203e+00 5.119631886482238770e-01 7.930033802986145020e-01
6.941745281219482422e-01 8.352719545364379883e-01 1.094865918159484863e+00 7.235534191131591797e-01 8.394030928611755371e-01 -1.495902985334396362e-01
1.163171887397766113e+00 3.611591085791587830e-02 1.071665048599243164e+00 6.386772394180297852e-01 3.738562464714050293e-01 3.280202671885490417e-02
1.404385924339294434e+00 -8.537582308053970337e-02 -4.810080826282501221e-01 7.334960699081420898e-01 1.230485439300537109e+00 1.543274402618408203e+00
3.656295239925384521e-01 5.737172961235046387e-01 1.461907982826232910e+00 -7.014569640159606934e-02 1.085019391030073166e-02 4.775533080101013184e-01
-2.484570145606994629e-01 6.316618323326110840e-01 5.554047822952270508e-01 1.701625943183898926e+00 -3.606778979301452637e-01 1.169416308403015137e+00
1.812217354774475098e+00 1.130930542945861816e+00 4.772750437259674072e-01 2.805125117301940918e-01 1.004837036132812500e+00 7.516643404960632324e-01
9.744232892990112305e-01 -5.936729907989501953e-01 1.547888278961181641e+00 3.918864727020263672e-01 8.685283064842224121e-01 4.090484380722045898e-01
1.428243517875671387e+00 1.328396350145339966e-01 1.090620160102844238e+00 1.041578173637390137e+00 1.384616017341613770e+00 1.336980462074279785e+00
3.187204599380493164e-01 7.263884544372558594e-01 8.161076307296752930e-01 1.412428736686706543e+00 3.125916123390197754e-01 1.560420077294111252e-02
1.079785108566284180e+00 5.301368832588195801e-01 1.550537586212158203e+00 4.821810722351074219e-01 1.162818551063537598e+00 5.376388430595397949e-01
1.395151853561401367e+00 1.188000321388244629e+00 9.298639893531799316e-01 4.420404136180877686e-01 6.648945212364196777e-01 8.321937918663024902e-01
3.745541274547576904e-01 5.352587103843688965e-01 1.448059558868408203e+00 2.073079586029052734e+00 6.483578085899353027e-01 1.641780972480773926e+00
1.893542528152465820e+00 -4.767298325896263123e-02 6.774964928627014160e-01 5.623425245285034180e-01 -2.728208005428314209e-01 5.907281637191772461e-01
6.323743462562561035e-01 4.879430234432220459e-01 1.802169799804687500e+00 1.214352607727050781e+00 2.680844664573669434e-01 1.017645955085754395e+00
9.397054314613342285e-01 -2.088099867105484009e-01 1.410409331321716309e+00 1.576177597045898438e+00 1.221980333328247070e+00 8.894446492195129395e-01
1.311175346374511719e+00 1.224296569824218750e+00 1.406152486801147461e+00 1.069635152816772461e+00 8.841325640678405762e-01 2.591659545898437500e+00
1.146182775497436523e+00 4.744331911206245422e-02 2.693790383636951447e-02 5.328255295753479004e-01 2.061140298843383789e+00 4.606389701366424561e-01
1.835153341293334961e+00 7.982502579689025879e-01 8.511998653411865234e-01 1.486656308174133301e+00 -1.432884186506271362e-01 1.339513301849365234e+00
9.779105186462402344e-01 4.160616993904113770e-01 1.481242179870605469e+00 9.052747488021850586e-01 7.418861985206604004e-01 1.360159516334533691e+00
1.492041826248168945e+00 1.234602689743041992e+00 1.237827777862548828e+00 1.423214435577392578e+00 7.557951658964157104e-02 1.778210639953613281e+00
1.176881194114685059e+00 9.847370386123657227e-01 8.483209013938903809e-01 8.690995573997497559e-01 6.515818834304809570e-01 2.277547121047973633e+00
9.489429593086242676e-01 8.100746273994445801e-01 1.899269580841064453e+00 1.692432403564453125e+00 3.946153521537780762e-01 7.283699512481689453e-01
1.441831111907958984e+00 -1.259183287620544434e-01 1.651327013969421387e+00 1.960284829139709473e+00 8.678815364837646484e-01 1.469610810279846191e+00
7.949713468551635742e-01 1.286669254302978516e+00 1.607766985893249512e+00 1.410320043563842773e+00 1.685193896293640137e+00 1.742756724357604980e+00
2.117940664291381836e+00 1.039024829864501953e+00 9.802096486091613770e-01 1.906194925308227539e+00 2.298499822616577148e+00 1.669402003288269043e+00
2.105751276016235352e+00 -5.350428223609924316e-01 9.075239300727844238e-01 1.198927283287048340e+00 8.898420929908752441e-01 1.392164707183837891e+00
1.519478797912597656e+00 9.987737536430358887e-01 1.582770943641662598e+00 1.219922184944152832e+00 1.322231769561767578e+00 1.103744149208068848e+00
8.070901632308959961e-01 3.184952735900878906e-01 1.981258869171142578e+00 2.220089197158813477e+00 1.608492255210876465e+00 1.715488076210021973e+00
2.500757217407226562e+00 5.360995531082153320e-01 2.339631557464599609e+00 2.118162870407104492e+00 1.738812804222106934e+00 2.641544342041015625e+00
1.525804042816162109e+00 -1.966082155704498291e-01 2.212654590606689453e+00 2.370135545730590820e+00 1.620779156684875488e+00 2.374624967575073242e+00
1.657192230224609375e+00 1.482589483261108398e+00 2.024620294570922852e+00 2.137050151824951172e+00 2.041558742523193359e+00 2.203178405761718750e+00
1.117844820022583008e+00 9.829965233802795410e-01 2.737466573715209961e+00 1.518549919128417969e+00 1.400392413139343262e+00 1.395535111427307129e+00
1.014872670173645020e+00 -2.897110581398010254e-01 1.418681144714355469e+00 1.756910681724548340e+00 1.465162515640258789e+00 1.659765601158142090e+00
1.303059101104736328e+00 9.133519232273101807e-02 1.192894697189331055e+00 1.069125652313232422e+00 9.299014806747436523e-01 2.240803718566894531e+00
1.644927620887756348e+00 3.454712033271789551e-01 1.544600367546081543e+00 2.077398777008056641e+00 6.354073882102966309e-01 2.363976478576660156e+00
2.155243396759033203e+00 1.038287758827209473e+00 2.197356224060058594e+00 1.725362181663513184e+00 1.328899264335632324e+00 3.042457818984985352e+00
1.345745921134948730e+00 1.085687875747680664e+00 2.306859016418457031e+00 2.121894836425781250e+00 1.659537434577941895e+00 2.547576427459716797e+00
1.915469408035278320e+00 1.318656444549560547e+00 2.553292989730834961e+00 1.539835095405578613e+00 1.499789595603942871e+00 2.276727199554443359e+00
1.285107016563415527e+00 1.766212470829486847e-02 1.846107125282287598e+00 1.788736462593078613e+00 1.219030499458312988e+00 1.814824581146240234e+00
1.063949108123779297e+00 1.383043408393859863e+00 2.473057508468627930e+00 1.355413675308227539e+00 2.263747215270996094e+00 1.551578998565673828e+00
2.083795070648193359e+00 8.633363246917724609e-01 2.507001638412475586e+00 1.610926747322082520e+00 1.683445096015930176e+00 2.466406345367431641e+00
2.508791923522949219e+00 6.919046640396118164e-01 1.601095557212829590e+00 2.489064931869506836e+00 2.114784955978393555e+00 1.933378458023071289e+00
1.907532453536987305e+00 9.392268657684326172e-01 2.220229625701904297e+00 2.162882089614868164e+00 1.628934621810913086e+00 2.543634891510009766e+00
1.907532453536987305e+00 9.392268657684326172e-01 2.220229625701904297e+00 2.162882089614868164e+00 1.628934621810913086e+00 2.543634891510009766e+00
1.907532453536987305e+00 9.392268657684326172e-01 2.220229625701904297e+00 2.162882089614868164e+00 1.628934621810913086e+00 2.543634891510009766e+00
1.907532453536987305e+00 9.392268657684326172e-01 2.220229625701904297e+00 2.162882089614868164e+00 1.628934621810913086e+00 2.543634891510009766e+00
1.907532453536987305e+00 9.392268657684326172e-01 2.220229625701904297e+00 2.162882089614868164e+00 1.628934621810913086e+00 2.543634891510009766e+00
1.907532453536987305e+00 9.392268657684326172e-01 2.220229625701904297e+00 2.162882089614868164e+00 1.628934621810913086e+00 2.543634891510009766e+00
1.907532453536987305e+00 9.392268657684326172e-01 2.220229625701904297e+00 2.162882089614868164e+00 1.628934621810913086e+00 2.543634891510009766e+00
1.907532453536987305e+00 9.392268657684326172e-01 2.220229625701904297e+00 2.162882089614868164e+00 1.628934621810913086e+00 2.543634891510009766e+00
1.907532453536987305e+00 9.392268657684326172e-01 2.220229625701904297e+00 2.162882089614868164e+00 1.628934621810913086e+00 2.543634891510009766e+00
1.907532453536987305e+00 9.392268657684326172e-01 2.220229625701904297e+00 2.162882089614868164e+00 1.628934621810913086e+00 2.543634891510009766e+00
1.907532453536987305e+00 9.392268657684326172e-01 2.220229625701904297e+00 2.162882089614868164e+00 1.628934621810913086e+00 2.543634891510009766e+00
1.907532453536987305e+00 9.392268657684326172e-01 2.220229625701904297e+00 2.162882089614868164e+00 1.628934621810913086e+00 2.543634891510009766e+00
1.907532453536987305e+00 9.392268657684326172e-01 2.220229625701904297e+00 2.162882089614868164e+00 1.628934621810913086e+00 2.543634891510009766e+00
1.907532453536987305e+00 9.392268657684326172e-01 2.220229625701904297e+00 2.162882089614868164e+00 1.628934621810913086e+00 2.543634891510009766e+00
1.907532453536987305e+00 9.392268657684326172e-01 2.220229625701904297e+00 2.162882089614868164e+00 1.628934621810913086e+00 2.543634891510009766e+00
1.907532453536987305e+00 9.392268657684326172e-01 2.220229625701904297e+00 2.162882089614868164e+00 1.628934621810913086e+00 2.543634891510009766e+00
1.907532453536987305e+00 9.392268657684326172e-01 2.220229625701904297e+00 2.162882089614868164e+00 1.628934621810913086e+00 2.543634891510009766e+00
1.907532453536987305e+00 9.392268657684326172e-01 2.220229625701904297e+00 2.162882089614868164e+00 1.628934621810913086e+00 2.543634891510009766e+00
1.907532453536987305e+00 9.392268657684326172e-01 2.220229625701904297e+00 2.162882089614868164e+00 1.628934621810913086e+00 2.543634891510009766e+00
1.907532453536987305e+00 9.392268657684326172e-01 2.220229625701904297e+00 2.162882089614868164e+00 1.628934621810913086e+00 2.543634891510009766e+00
1.907532453536987305e+00 9.392268657684326172e-01 2.220229625701904297e+00 2.162882089614868164e+00 1.628934621810913086e+00 2.543634891510009766e+00
1.907532453536987305e+00 9.392268657684326172e-01 2.220229625701904297e+00 2.162882089614868164e+00 1.628934621810913086e+00 2.543634891510009766e+00
1.907532453536987305e+00 9.392268657684326172e-01 2.220229625701904297e+00 2.162882089614868164e+00 1.628934621810913086e+00 2.543634891510009766e+00
1.907532453536987305e+00 9.392268657684326172e-01 2.220229625701904297e+00 2.162882089614868164e+00 1.628934621810913086e+00 2.543634891510009766e+00
1.907532453536987305e+00 9.392268657684326172e-01 2.220229625701904297e+00 2.162882089614868164e+00 1.628934621810913086e+00 2.543634891510009766e+00
1.907532453536987305e+00 9.392268657684326172e-01 2.220229625701904297e+00 2.162882089614868164e+00 1.628934621810913086e+00 2.543634891510009766e+00
1.907532453536987305e+00 9.392268657684326172e-01 2.220229625701904297e+00 2.162882089614868164e+00 1.628934621810913086e+00 2.543634891510009766e+00
1.907532453536987305e+00 9.392268657684326172e-01 2.220229625701904297e+00 2.162882089614868164e+00 1.628934621810913086e+00 2.543634891510009766e+00
1.907532453536987305e+00 9.392268657684326172e-01 2.220229625701904297e+00 2.162882089614868164e+00 1.628934621810913086e+00 2.543634891510009766e+00
1.907532453536987305e+00 9.392268657684326172e-01 2.220229625701904297e+00 2.162882089614868164e+00 1.628934621810913086e+00 2.543634891510009766e+00
1.907532453536987305e+00 9.392268657684326172e-01 2.220229625701904297e+00 2.162882089614868164e+00 1.628934621810913086e+00 2.543634891510009766e+00
1.907532453536987305e+00 9.392268657684326172e-01 2.220229625701904297e+00 2.162882089614868164e+00 1.628934621810913086e+00 2.543634891510009766e+00
1.907532453536987305e+00 9.392268657684326172e-01 2.220229625701904297e+00 2.162882089614868164e+00 1.628934621810913086e+00 2.543634891510009766e+00
1.907532453536987305e+00 9.392268657684326172e-01 2.220229625701904297e+00 2.162882089614868164e+00 1.628934621810913086e+00 2.543634891510009766e+00
1.907532453536987305e+00 9.392268657684326172e-01 2.220229625701904297e+00 2.162882089614868164e+00 1.628934621810913086e+00 2.543634891510009766e+00
1.907532453536987305e+00 9.392268657684326172e-01 2.220229625701904297e+00 2.162882089614868164e+00 1.628934621810913086e+00 2.543634891510009766e+00
1.907532453536987305e+00 9.392268657684326172e-01 2.220229625701904297e+00 2.162882089614868164e+00 1.628934621810913086e+00 2.543634891510009766e+00
1.907532453536987305e+00 9.392268657684326172e-01 2.220229625701904297e+00 2.162882089614868164e+00 1.628934621810913086e+00 2.543634891510009766e+00
1.907532453536987305e+00 9.392268657684326172e-01 2.220229625701904297e+00 2.162882089614868164e+00 1.628934621810913086e+00 2.543634891510009766e+00
1.907532453536987305e+00 9.392268657684326172e-01 2.220229625701904297e+00 2.162882089614868164e+00 1.628934621810913086e+00 2.543634891510009766e+00
1.907532453536987305e+00 9.392268657684326172e-01 2.220229625701904297e+00 2.162882089614868164e+00 1.628934621810913086e+00 2.543634891510009766e+00
1.907532453536987305e+00 9.392268657684326172e-01 2.220229625701904297e+00 2.162882089614868164e+00 1.628934621810913086e+00 2.543634891510009766e+00
1.907532453536987305e+00 9.392268657684326172e-01 2.220229625701904297e+00 2.162882089614868164e+00 1.628934621810913086e+00 2.543634891510009766e+00
1.907532453536987305e+00 9.392268657684326172e-01 2.220229625701904297e+00 2.162882089614868164e+00 1.628934621810913086e+00 2.543634891510009766e+00
1.907532453536987305e+00 9.392268657684326172e-01 2.220229625701904297e+00 2.162882089614868164e+00 1.628934621810913086e+00 2.543634891510009766e+00
1.907532453536987305e+00 9.392268657684326172e-01 2.220229625701904297e+00 2.162882089614868164e+00 1.628934621810913086e+00 2.543634891510009766e+00
1.907532453536987305e+00 9.392268657684326172e-01 2.220229625701904297e+00 2.162882089614868164e+00 1.628934621810913086e+00 2.543634891510009766e+00
1.907532453536987305e+00 9.392268657684326172e-01 2.220229625701904297e+00 2.162882089614868164e+00 1.628934621810913086e+00 2.543634891510009766e+00
1.907532453536987305e+00 9.392268657684326172e-01 2.220229625701904297e+00 2.162882089614868164e+00 1.628934621810913086e+00 2.543634891510009766e+00
1.907532453536987305e+00 9.392268657684326172e-01 2.220229625701904297e+00 2.162882089614868164e+00 1.628934621810913086e+00 2.543634891510009766e+00
1.907532453536987305e+00 9.392268657684326172e-01 2.220229625701904297e+00 2.162882089614868164e+00 1.628934621810913086e+00 2.543634891510009766e+00
1.907532453536987305e+00 9.392268657684326172e-01 2.220229625701904297e+00 2.162882089614868164e+00 1.628934621810913086e+00 2.543634891510009766e+00
1.907532453536987305e+00 9.392268657684326172e-01 2.220229625701904297e+00 2.162882089614868164e+00 1.628934621810913086e+00 2.543634891510009766e+00
1.907532453536987305e+00 9.392268657684326172e-01 2.220229625701904297e+00 2.162882089614868164e+00 1.628934621810913086e+00 2.543634891510009766e+00
1.907532453536987305e+00 9.392268657684326172e-01 2.220229625701904297e+00 2.162882089614868164e+00 1.628934621810913086e+00 2.543634891510009766e+00
1.907532453536987305e+00 9.392268657684326172e-01 2.220229625701904297e+00 2.162882089614868164e+00 1.628934621810913086e+00 2.543634891510009766e+00
1.907532453536987305e+00 9.392268657684326172e-01 2.220229625701904297e+00 2.162882089614868164e+00 1.628934621810913086e+00 2.543634891510009766e+00
1.907532453536987305e+00 9.392268657684326172e-01 2.220229625701904297e+00 2.162882089614868164e+00 1.628934621810913086e+00 2.543634891510009766e+00
1.907532453536987305e+00 9.392268657684326172e-01 2.220229625701904297e+00 2.162882089614868164e+00 1.628934621810913086e+00 2.543634891510009766e+00
1.907532453536987305e+00 9.392268657684326172e-01 2.220229625701904297e+00 2.162882089614868164e+00 1.628934621810913086e+00 2.543634891510009766e+00
1.907532453536987305e+00 9.392268657684326172e-01 2.220229625701904297e+00 2.162882089614868164e+00 1.628934621810913086e+00 2.543634891510009766e+00
1.907532453536987305e+00 9.392268657684326172e-01 2.220229625701904297e+00 2.162882089614868164e+00 1.628934621810913086e+00 2.543634891510009766e+00
1.907532453536987305e+00 9.392268657684326172e-01 2.220229625701904297e+00 2.162882089614868164e+00 1.628934621810913086e+00 2.543634891510009766e+00
1.907532453536987305e+00 9.392268657684326172e-01 2.220229625701904297e+00 2.162882089614868164e+00 1.628934621810913086e+00 2.543634891510009766e+00
1.907532453536987305e+00 9.392268657684326172e-01 2.220229625701904297e+00 2.162882089614868164e+00 1.628934621810913086e+00 2.543634891510009766e+00
1.907532453536987305e+00 9.392268657684326172e-01 2.220229625701904297e+00 2.162882089614868164e+00 1.628934621810913086e+00 2.543634891510009766e+00
1.907532453536987305e+00 9.392268657684326172e-01 2.220229625701904297e+00 2.162882089614868164e+00 1.628934621810913086e+00 2.543634891510009766e+00
1.907532453536987305e+00 9.392268657684326172e-01 2.220229625701904297e+00 2.162882089614868164e+00 1.628934621810913086e+00 2.543634891510009766e+00
1.907532453536987305e+00 9.392268657684326172e-01 2.220229625701904297e+00 2.162882089614868164e+00 1.628934621810913086e+00 2.543634891510009766e+00
1.907532453536987305e+00 9.392268657684326172e-01 2.220229625701904297e+00 2.162882089614868164e+00 1.628934621810913086e+00 2.543634891510009766e+00
1.907532453536987305e+00 9.392268657684326172e-01 2.220229625701904297e+00 2.162882089614868164e+00 1.628934621810913086e+00 2.543634891510009766e+00
1.907532453536987305e+00 9.392268657684326172e-01 2.220229625701904297e+00 2.162882089614868164e+00 1.628934621810913086e+00 2.543634891510009766e+00
1.907532453536987305e+00 9.392268657684326172e-01 2.220229625701904297e+00 2.162882089614868164e+00 1.628934621810913086e+00 2.543634891510009766e+00
1.907532453536987305e+00 9.392268657684326172e-01 2.220229625701904297e+00 2.162882089614868164e+00 1.628934621810913086e+00 2.543634891510009766e+00
1.907532453536987305e+00 9.392268657684326172e-01 2.220229625701904297e+00 2.162882089614868164e+00 1.628934621810913086e+00 2.543634891510009766e+00
1.907532453536987305e+00 9.392268657684326172e-01 2.220229625701904297e+00 2.162882089614868164e+00 1.628934621810913086e+00 2.543634891510009766e+00
1.907532453536987305e+00 9.392268657684326172e-01 2.220229625701904297e+00 2.162882089614868164e+00 1.628934621810913086e+00 2.543634891510009766e+00
1.907532453536987305e+00 9.392268657684326172e-01 2.220229625701904297e+00 2.162882089614868164e+00 1.628934621810913086e+00 2.543634891510009766e+00
1.907532453536987305e+00 9.392268657684326172e-01 2.220229625701904297e+00 2.162882089614868164e+00 1.628934621810913086e+00 2.543634891510009766e+00
1.907532453536987305e+00 9.392268657684326172e-01 2.220229625701904297e+00 2.162882089614868164e+00 1.628934621810913086e+00 2.543634891510009766e+00
1.907532453536987305e+00 9.392268657684326172e-01 2.220229625701904297e+00 2.162882089614868164e+00 1.628934621810913086e+00 2.543634891510009766e+00
1.907532453536987305e+00 9.392268657684326172e-01 2.220229625701904297e+00 2.162882089614868164e+00 1.628934621810913086e+00 2.543634891510009766e+00
1.907532453536987305e+00 9.392268657684326172e-01 2.220229625701904297e+00 2.162882089614868164e+00 1.628934621810913086e+00 2.543634891510009766e+00
1.907532453536987305e+00 9.392268657684326172e-01 2.220229625701904297e+00 2.162882089614868164e+00 1.628934621810913086e+00 2.543634891510009766e+00
1.907532453536987305e+00 9.392268657684326172e-01 2.220229625701904297e+00 2.162882089614868164e+00 1.628934621810913086e+00 2.543634891510009766e+00
1.907532453536987305e+00 9.392268657684326172e-01 2.220229625701904297e+00 2.162882089614868164e+00 1.628934621810913086e+00 2.543634891510009766e+00
1.907532453536987305e+00 9.392268657684326172e-01 2.220229625701904297e+00 2.162882089614868164e+00 1.628934621810913086e+00 2.543634891510009766e+00
1.907532453536987305e+00 9.392268657684326172e-01 2.220229625701904297e+00 2.162882089614868164e+00 1.628934621810913086e+00 2.543634891510009766e+00
1.907532453536987305e+00 9.392268657684326172e-01 2.220229625701904297e+00 2.162882089614868164e+00 1.628934621810913086e+00 2.543634891510009766e+00
1.907532453536987305e+00 9.392268657684326172e-01 2.220229625701904297e+00 2.162882089614868164e+00 1.628934621810913086e+00 2.543634891510009766e+00
1.907532453536987305e+00 9.392268657684326172e-01 2.220229625701904297e+00 2.162882089614868164e+00 1.628934621810913086e+00 2.543634891510009766e+00
