0.000000000000000000e+00 0.000000000000000000e+00 0.000000000000000000e+00 0.000000000000000000e+00 0.000000000000000000e+00 0.000000000000000000e+00
0.000000000000000000e+00 0.000000000000000000e+00 0.000000000000000000e+00 0.000000000000000000e+00 0.000000000000000000e+00 0.000000000000000000e+00
0.000000000000000000e+00 0.000000000000000000e+00 0.000000000000000000e+00 0.000000000000000000e+00 0.000000000000000000e+00 0.000000000000000000e+00
0.000000000000000000e+00 0.000000000000000000e+00 0.000000000000000000e+00 0.000000000000000000e+00 0.000000000000000000e+00 0.000000000000000000e+00
0.000000000000000000e+00 0.000000000000000000e+00 0.000000000000000000e+00 0.000000000000000000e+00 0.000000000000000000e+00 0.000000000000000000e+00
0.000000000000000000e+00 0.000000000000000000e+00 0.000000000000000000e+00 0.000000000000000000e+00 0.000000000000000000e+00 0.000000000000000000e+00
0.000000000000000000e+00 0.000000000000000000e+00 0.000000000000000000e+00 0.000000000000000000e+00 0.000000000000000000e+00 0.000000000000000000e+00
0.000000000000000000e+00 0.000000000000000000e+00 0.000000000000000000e+00 0.000000000000000000e+00 0.000000000000000000e+00 0.000000000000000000e+00
0.000000000000000000e+00 0.000000000000000000e+00 0.000000000000000000e+00 0.000000000000000000e+00 0.000000000000000000e+00 0.000000000000000000e+00
0.000000000000000000e+00 0.000000000000000000e+00 0.000000000000000000e+00 0.000000000000000000e+00 0.000000000000000000e+00 0.000000000000000000e+00
0.000000000000000000e+00 0.000000000000000000e+00 0.000000000000000000e+00 0.000000000000000000e+00 0.000000000000000000e+00 0.000000000000000000e+00
0.000000000000000000e+00 0.000000000000000000e+00 0.000000000000000000e+00 0.000000000000000000e+00 0.000000000000000000e+00 0.000000000000000000e+00
0.000000000000000000e+00 0.000000000000000000e+00 0.000000000000000000e+00 0.000000000000000000e+00 0.000000000000000000e+00 0.000000000000000000e+00
0.000000000000000000e+00 0.000000000000000000e+00 0.000000000000000000e+00 0.000000000000000000e+00 0.000000000000000000e+00 0.000000000000000000e+00
0.000000000000000000e+00 0.000000000000000000e+00 0.000000000000000000e+00 0.000000000000000000e+00 0.000000000000000000e+00 0.000000000000000000e+00
0.000000000000000000e+00 0.000000000000000000e+00 0.000000000000000000e+00 0.000000000000000000e+00 0.000000000000000000e+00 0.000000000000000000e+00
0.000000000000000000e+00 0.000000000000000000e+00 0.000000000000000000e+00 0.000000000000000000e+00 0.000000000000000000e+00 0.000000000000000000e+00
0.000000000000000000e+00 0.000000000000000000e+00 0.000000000000000000e+00 0.000000000000000000e+00 0.000000000000000000e+00 0.000000000000000000e+00
0.000000000000000000e+00 0.000000000000000000e+00 0.000000000000000000e+00 0.000000000000000000e+00 0.000000000000000000e+00 0.000000000000000000e+00
0.000000000000000000e+00 0.000000000000000000e+00 0.000000000000000000e+00 0.000000000000000000e+00 0.000000000000000000e+00 0.000000000000000000e+00
0.000000000000000000e+00 0.000000000000000000e+00 0.000000000000000000e+00 0.000000000000000000e+00 0.000000000000000000e+00 0.000000000000000000e+00
0.000000000000000000e+00 0.000000000000000000e+00 0.000000000000000000e+00 0.000000000000000000e+00 0.000000000000000000e+00 0.000000000000000000e+00
0.000000000000000000e+00 0.000000000000000000e+00 0.000000000000000000e+00 0.000000000000000000e+00 0.000000000000000000e+00 0.000000000000000000e+00
0.000000000000000000e+00 0.000000000000000000e+00 0.000000000000000000e+00 0.000000000000000000e+00 0.000000000000000000e+00 0.000000000000000000e+00
0.000000000000000000e+00 0.000000000000000000e+00 0.000000000000000000e+00 0.000000000000000000e+00 0.000000000000000000e+00 0.000000000000000000e+00
0.000000000000000000e+00 0.000000000000000000e+00 0.000000000000000000e+00 0.000000000000000000e+00 0.000000000000000000e+00 0.000000000000000000e+00
0.000000000000000000e+00 0.000000000000000000e+00 0.000000000000000000e+00 0.000000000000000000e+00 0.000000000000000000e+00 0.000000000000000000e+00
0.000000000000000000e+00 0.000000000000000000e+00 0.000000000000000000e+00 0.000000000000000000e+00 0.000000000000000000e+00 0.000000000000000000e+00
0.000000000000000000e+00 0.000000000000000000e+00 0.000000000000000000e+00 0.000000000000000000e+00 0.000000000000000000e+00 0.000000000000000000e+00
0.000000000000000000e+00 0.000000000000000000e+00 0.000000000000000000e+00 0.000000000000000000e+00 0.000000000000000000e+00 0.000000000000000000e+00
0.000000000000000000e+00 0.000000000000000000e+00 0.000000000000000000e+00 0.000000000000000000e+00 0.000000000000000000e+00 0.000000000000000000e+00
0.000000000000000000e+00 0.000000000000000000e+00 0.000000000000000000e+00 0.000000000000000000e+00 0.000000000000000000e+00 0.000000000000000000e+00
0.000000000000000000e+00 0.000000000000000000e+00 0.000000000000000000e+00 0.000000000000000000e+00 0.000000000000000000e+00 0.000000000000000000e+00
0.000000000000000000e+00 0.000000000000000000e+00 0.000000000000000000e+00 0.000000000000000000e+00 0.000000000000000000e+00 0.000000000000000000e+00
0.000000000000000000e+00 0.000000000000000000e+00 0.000000000000000000e+00 0.000000000000000000e+00 0.000000000000000000e+00 0.000000000000000000e+00
0.000000000000000000e+00 0.000000000000000000e+00 0.000000000000000000e+00 0.000000000000000000e+00 0.000000000000000000e+00 0.000000000000000000e+00
0.000000000000000000e+00 0.000000000000000000e+00 0.000000000000000000e+00 0.000000000000000000e+00 0.000000000000000000e+00 0.000000000000000000e+00
0.000000000000000000e+00 0.000000000000000000e+00 0.000000000000000000e+00 0.000000000000000000e+00 0.000000000000000000e+00 0.000000000000000000e+00
0.000000000000000000e+00 0.000000000000000000e+00 0.000000000000000000e+00 0.000000000000000000e+00 0.000000000000000000e+00 0.000000000000000000e+00
0.000000000000000000e+00 0.000000000000000000e+00 0.000000000000000000e+00 0.000000000000000000e+00 0.000000000000000000e+00 0.000000000000000000e+00
0.000000000000000000e+00 0.000000000000000000e+00 0.000000000000000000e+00 0.000000000000000000e+00 0.000000000000000000e+00 0.000000000000000000e+00
0.000000000000000000e+00 0.000000000000000000e+00 0.000000000000000000e+00 0.000000000000000000e+00 0.000000000000000000e+00 0.000000000000000000e+00
0.000000000000000000e+00 0.000000000000000000e+00 0.000000000000000000e+00 0.000000000000000000e+00 0.000000000000000000e+00 0.000000000000000000e+00
0.000000000000000000e+00 0.000000000000000000e+00 0.000000000000000000e+00 0.000000000000000000e+00 0.000000000000000000e+00 0.000000000000000000e+00
0.000000000000000000e+00 0.000000000000000000e+00 0.000000000000000000e+00 0.000000000000000000e+00 0.000000000000000000e+00 0.000000000000000000e+00
0.000000000000000000e+00 0.000000000000000000e+00 0.000000000000000000e+00 0.000000000000000000e+00 0.000000000000000000e+00 0.000000000000000000e+00
0.000000000000000000e+00 0.000000000000000000e+00 0.000000000000000000e+00 0.000000000000000000e+00 0.000000000000000000e+00 0.000000000000000000e+00
0.000000000000000000e+00 0.000000000000000000e+00 0.000000000000000000e+00 0.000000000000000000e+00 0.000000000000000000e+00 0.000000000000000000e+00
0.000000000000000000e+00 0.000000000000000000e+00 0.000000000000000000e+00 0.000000000000000000e+00 0.000000000000000000e+00 0.000000000000000000e+00
0.000000000000000000e+00 0.000000000000000000e+00 0.000000000000000000e+00 0.000000000000000000e+00 0.000000000000000000e+00 0.000000000000000000e+00
0.000000000000000000e+00 0.000000000000000000e+00 0.000000000000000000e+00 0.000000000000000000e+00 0.000000000000000000e+00 0.000000000000000000e+00
0.000000000000000000e+00 0.000000000000000000e+00 0.000000000000000000e+00 0.000000000000000000e+00 0.000000000000000000e+00 0.000000000000000000e+00
0.000000000000000000e+00 0.000000000000000000e+00 0.000000000000000000e+00 0.000000000000000000e+00 0.000000000000000000e+00 0.000000000000000000e+00
0.000000000000000000e+00 0.000000000000000000e+00 0.000000000000000000e+00 0.000000000000000000e+00 0.000000000000000000e+00 0.000000000000000000e+00
0.000000000000000000e+00 0.000000000000000000e+00 0.000000000000000000e+00 0.000000000000000000e+00 0.000000000000000000e+00 0.000000000000000000e+00
0.000000000000000000e+00 0.000000000000000000e+00 0.000000000000000000e+00 0.000000000000000000e+00 0.000000000000000000e+00 0.000000000000000000e+00
0.000000000000000000e+00 0.000000000000000000e+00 0.000000000000000000e+00 0.000000000000000000e+00 0.000000000000000000e+00 0.000000000000000000e+00
0.000000000000000000e+00 0.000000000000000000e+00 0.000000000000000000e+00 0.000000000000000000e+00 0.000000000000000000e+00 0.000000000000000000e+00
0.000000000000000000e+00 0.000000000000000000e+00 0.000000000000000000e+00 0.000000000000000000e+00 0.000000000000000000e+00 0.000000000000000000e+00
0.000000000000000000e+00 0.000000000000000000e+00 0.000000000000000000e+00 0.000000000000000000e+00 0.000000000000000000e+00 0.000000000000000000e+00
0.000000000000000000e+00 0.000000000000000000e+00 0.000000000000000000e+00 0.000000000000000000e+00 0.000000000000000000e+00 0.000000000000000000e+00
0.000000000000000000e+00 0.000000000000000000e+00 0.000000000000000000e+00 0.000000000000000000e+00 0.000000000000000000e+00 0.000000000000000000e+00
0.000000000000000000e+00 0.000000000000000000e+00 0.000000000000000000e+00 0.000000000000000000e+00 0.000000000000000000e+00 0.000000000000000000e+00
0.000000000000000000e+00 0.000000000000000000e+00 0.000000000000000000e+00 0.000000000000000000e+00 0.000000000000000000e+00 0.000000000000000000e+00
0.000000000000000000e+00 0.000000000000000000e+00 0.000000000000000000e+00 0.000000000000000000e+00 0.000000000000000000e+00 0.000000000000000000e+00
0.000000000000000000e+00 0.000000000000000000e+00 0.000000000000000000e+00 0.000000000000000000e+00 0.000000000000000000e+00 0.000000000000000000e+00
0.000000000000000000e+00 0.000000000000000000e+00 0.000000000000000000e+00 0.000000000000000000e+00 0.000000000000000000e+00 0.000000000000000000e+00
0.000000000000000000e+00 0.000000000000000000e+00 0.000000000000000000e+00 0.000000000000000000e+00 0.000000000000000000e+00 0.000000000000000000e+00
0.000000000000000000e+00 0.000000000000000000e+00 0.000000000000000000e+00 0.000000000000000000e+00 0.000000000000000000e+00 0.000000000000000000e+00
0.000000000000000000e+00 0.000000000000000000e+00 0.000000000000000000e+00 0.000000000000000000e+00 0.000000000000000000e+00 0.000000000000000000e+00
0.000000000000000000e+00 0.000000000000000000e+00 0.000000000000000000e+00 0.000000000000000000e+00 0.000000000000000000e+00 0.000000000000000000e+00
0.000000000000000000e+00 0.000000000000000000e+00 0.000000000000000000e+00 0.000000000000000000e+00 0.000000000000000000e+00 0.000000000000000000e+00
0.000000000000000000e+00 0.000000000000000000e+00 0.000000000000000000e+00 0.000000000000000000e+00 0.000000000000000000e+00 0.000000000000000000e+00
0.000000000000000000e+00 0.000000000000000000e+00 0.000000000000000000e+00 0.000000000000000000e+00 0.000000000000000000e+00 0.000000000000000000e+00
0.000000000000000000e+00 0.000000000000000000e+00 0.000000000000000000e+00 0.000000000000000000e+00 0.000000000000000000e+00 0.000000000000000000e+00
0.000000000000000000e+00 0.000000000000000000e+00 0.000000000000000000e+00 0.000000000000000000e+00 0.000000000000000000e+00 0.000000000000000000e+00
0.000000000000000000e+00 0.000000000000000000e+00 0.000000000000000000e+00 0.000000000000000000e+00 0.000000000000000000e+00 0.000000000000000000e+00
0.000000000000000000e+00 0.000000000000000000e+00 0.000000000000000000e+00 0.000000000000000000e+00 0.000000000000000000e+00 0.000000000000000000e+00
0.000000000000000000e+00 0.000000000000000000e+00 0.000000000000000000e+00 0.000000000000000000e+00 0.000000000000000000e+00 0.000000000000000000e+00
0.000000000000000000e+00 0.000000000000000000e+00 0.000000000000000000e+00 0.000000000000000000e+00 0.000000000000000000e+00 0.000000000000000000e+00
0.000000000000000000e+00 0.000000000000000000e+00 0.000000000000000000e+00 0.000000000000000000e+00 0.000000000000000000e+00 0.000000000000000000e+00
0.000000000000000000e+00 0.000000000000000000e+00 0.000000000000000000e+00 0.000000000000000000e+00 0.000000000000000000e+00 0.000000000000000000e+00
0.000000000000000000e+00 0.000000000000000000e+00 0.000000000000000000e+00 0.000000000000000000e+00 0.000000000000000000e+00 0.000000000000000000e+00
0.000000000000000000e+00 0.000000000000000000e+00 0.000000000000000000e+00 0.000000000000000000e+00 0.000000000000000000e+00 0.000000000000000000e+00
0.000000000000000000e+00 0.000000000000000000e+00 0.000000000000000000e+00 0.000000000000000000e+00 0.000000000000000000e+00 0.000000000000000000e+00
0.000000000000000000e+00 0.000000000000000000e+00 0.000000000000000000e+00 0.000000000000000000e+00 0.000000000000000000e+00 0.000000000000000000e+00
0.000000000000000000e+00 0.000000000000000000e+00 0.000000000000000000e+00 0.000000000000000000e+00 0.000000000000000000e+00 0.000000000000000000e+00
0.000000000000000000e+00 0.000000000000000000e+00 0.000000000000000000e+00 0.000000000000000000e+00 0.000000000000000000e+00 0.000000000000000000e+00
0.000000000000000000e+00 0.000000000000000000e+00 0.000000000000000000e+00 0.000000000000000000e+00 0.000000000000000000e+00 0.000000000000000000e+00
0.000000000000000000e+00 0.000000000000000000e+00 0.000000000000000000e+00 0.000000000000000000e+00 0.000000000000000000e+00 0.000000000000000000e+00
0.000000000000000000e+00 0.000000000000000000e+00 0.000000000000000000e+00 0.000000000000000000e+00 0.000000000000000000e+00 0.000000000000000000e+00
0.000000000000000000e+00 0.000000000000000000e+00 0.000000000000000000e+00 0.000000000000000000e+00 0.000000000000000000e+00 0.000000000000000000e+00
0.000000000000000000e+00 0.000000000000000000e+00 0.000000000000000000e+00 0.000000000000000000e+00 0.000000000000000000e+00 0.000000000000000000e+00
0.000000000000000000e+00 0.000000000000000000e+00 0.000000000000000000e+00 0.000000000000000000e+00 0.000000000000000000e+00 0.000000000000000000e+00
0.000000000000000000e+00 0.000000000000000000e+00 0.000000000000000000e+00 0.000000000000000000e+00 0.000000000000000000e+00 0.000000000000000000e+00
0.000000000000000000e+00 0.000000000000000000e+00 0.000000000000000000e+00 0.000000000000000000e+00 0.000000000000000000e+00 0.000000000000000000e+00
0.000000000000000000e+00 0.000000000000000000e+00 0.000000000000000000e+00 0.000000000000000000e+00 0.000000000000000000e+00 0.000000000000000000e+00
0.000000000000000000e+00 0.000000000000000000e+00 0.000000000000000000e+00 0.000000000000000000e+00 0.000000000000000000e+00 0.000000000000000000e+00
0.000000000000000000e+00 0.000000000000000000e+00 0.000000000000000000e+00 0.000000000000000000e+00 0.000000000000000000e+00 0.000000000000000000e+00
0.000000000000000000e+00 0.000000000000000000e+00 0.000000000000000000e+00 0.000000000000000000e+00 0.000000000000000000e+00 0.000000000000000000e+00
-3.625394105911254883e-01 -6.077183783054351807e-02 7.606685161590576172e-01 -9.702252596616744995e-02 1.716295331716537476e-01 4.872418045997619629e-01
-4.250692725181579590e-01 -3.369052708148956299e-01 -1.845678091049194336e-01 -1.854086816310882568e-01 3.957233205437660217e-02 3.909426182508468628e-02
2.654312551021575928e-01 -5.800288915634155273e-01 2.569690346717834473e-01 8.350990414619445801e-01 1.109061002731323242e+00 1.599598973989486694e-01
3.167305588722229004e-01 -1.715893000364303589e-01 9.594516828656196594e-03 4.425998032093048096e-01 7.075020074844360352e-01 -1.007337719202041626e-01
3.931812644004821777e-01 6.271008849143981934e-01 2.053170055150985718e-01 -5.100675821304321289e-01 -2.483429461717605591e-01 2.806452810764312744e-01
-5.564182065427303314e-03 1.338355243206024170e-01 -1.018572747707366943e-01 8.886572122573852539e-01 -1.638217419385910034e-01 4.256494045257568359e-01
1.620297878980636597e-01 -2.380565702915191650e-01 4.973414540290832520e-01 1.920206248760223389e-01 1.578089118003845215e+00 8.970046043395996094e-01
4.089626073837280273e-01 -5.673130154609680176e-01 4.420031607151031494e-01 -2.166081368923187256e-01 -2.878828644752502441e-01 3.743340671062469482e-01
1.590523868799209595e-01 -5.742155015468597412e-02 5.287849903106689453e-01 -1.950405687093734741e-01 7.404623031616210938e-01 3.771855533123016357e-01
-8.725512027740478516e-02 6.409574151039123535e-01 5.459331274032592773e-01 1.578287407755851746e-02 -3.834763765335083008e-01 -3.026320934295654297e-01
1.024245142936706543e+00 -2.200962454080581665e-01 -5.722341537475585938e-01 3.756507337093353271e-01 8.538751602172851562e-01 1.007177755236625671e-01
4.781819880008697510e-01 5.354137974791228771e-04 2.539025843143463135e-01 1.705310493707656860e-02 4.352137446403503418e-01 9.684630632400512695e-01
6.549025774002075195e-01 1.497791260480880737e-01 -6.156089901924133301e-01 -1.248668193817138672e+00 9.515336155891418457e-02 9.331014156341552734e-01
-1.775684393942356110e-02 2.106051892042160034e-01 -1.051775515079498291e-01 1.317003369331359863e-02 -7.556222081184387207e-01 7.168776988983154297e-01
-6.829841434955596924e-02 -7.485191822052001953e-01 4.713561013340950012e-02 3.504521250724792480e-01 4.283440411090850830e-01 6.204447746276855469e-01
3.486023843288421631e-01 1.153690442442893982e-01 8.667755872011184692e-02 1.312200725078582764e-01 -2.356829345226287842e-01 9.563223719596862793e-01
2.097226083278656006e-01 -2.360580563545227051e-01 6.228506565093994141e-01 6.369414925575256348e-01 2.489416487514972687e-02 4.744333028793334961e-01
7.239253520965576172e-01 -3.623252213001251221e-01 4.688359200954437256e-01 5.219014286994934082e-01 4.935921132564544678e-01 4.553700089454650879e-01
7.650420069694519043e-01 8.727844953536987305e-01 3.746446669101715088e-01 3.416732549667358398e-01 3.819425404071807861e-01 1.008840084075927734e+00
9.703969955444335938e-01 4.672293663024902344e-01 1.457847237586975098e+00 1.000183463096618652e+00 -1.191697195172309875e-01 9.154843091964721680e-01
7.415593862533569336e-01 3.177337944507598877e-01 -1.464540213346481323e-01 -1.400677859783172607e-01 -1.302726119756698608e-01 -1.683570146560668945e-01
2.186767756938934326e-01 -9.429066181182861328e-01 5.049183368682861328e-01 5.396462678909301758e-01 7.908684611320495605e-01 1.594325184822082520e+00
7.964579463005065918e-01 -1.699594259262084961e-01 4.329266250133514404e-01 3.886959254741668701e-01 -2.604922354221343994e-01 1.077612161636352539e+00
9.235752224922180176e-01 -1.306613683700561523e-01 9.056612849235534668e-01 -2.496295273303985596e-01 -1.282252818346023560e-01 5.509035587310791016e-01
9.450675249099731445e-01 3.831612691283226013e-02 6.405849456787109375e-01 1.170051455497741699e+00 -4.363434314727783203e-01 4.348905980587005615e-01
9.791458845138549805e-01 -2.054614871740341187e-01 9.741278290748596191e-01 5.320173501968383789e-01 3.170149028301239014e-01 1.841683506965637207e+00
5.010485649108886719e-01 1.592912077903747559e+00 3.125490844249725342e-01 9.056218266487121582e-01 3.535870611667633057e-01 8.911197781562805176e-01
5.560917258262634277e-01 1.140558481216430664e+00 6.186248660087585449e-01 -2.473006248474121094e-01 4.837408959865570068e-01 1.716811656951904297e+00
1.427629441022872925e-01 6.054838374257087708e-02 1.275825500488281250e+00 3.926579654216766357e-01 -4.894689843058586121e-02 1.665975570678710938e+00
1.912991046905517578e+00 -1.810372918844223022e-01 8.909602165222167969e-01 2.024422585964202881e-01 -3.914684653282165527e-01 9.932248592376708984e-01
-7.009372115135192871e-02 1.019116770476102829e-02 3.553860485553741455e-01 5.699793696403503418e-01 1.268859356641769409e-01 1.082647562026977539e+00
1.452070951461791992e+00 -1.449403315782546997e-01 1.567549467086791992e+00 -3.576630651950836182e-01 7.877719998359680176e-01 1.544279098510742188e+00
8.590681552886962891e-01 4.497847259044647217e-01 5.283326506614685059e-01 1.393200516700744629e+00 9.901956915855407715e-01 1.292465925216674805e+00
5.900288820266723633e-01 1.308431982994079590e+00 1.512509942054748535e+00 1.417771339416503906e+00 -6.216912865638732910e-01 1.230322241783142090e+00
1.324862360954284668e+00 2.817939221858978271e-01 1.166192412376403809e+00 1.277192354202270508e+00 -6.154481172561645508e-01 9.499336481094360352e-01
1.075217127799987793e+00 1.200720071792602539e+00 4.602851346135139465e-02 5.902197360992431641e-01 5.665912032127380371e-01 1.671645641326904297e+00
1.592394232749938965e+00 1.995941549539566040e-01 5.113813877105712891e-01 7.537971735000610352e-01 -4.717352613806724548e-02 1.124217271804809570e+00
1.939898610115051270e+00 1.136427521705627441e+00 5.144755840301513672e-01 1.011795878410339355e+00 7.783122658729553223e-01 1.267734646797180176e+00
2.312202692031860352e+00 1.019110798835754395e+00 6.417800784111022949e-01 1.519559025764465332e+00 9.670591913163661957e-03 2.356531620025634766e+00
1.512833714485168457e+00 7.783830165863037109e-01 1.866027832031250000e+00 5.547989606857299805e-01 -7.009769082069396973e-01 1.614818692207336426e+00
2.039822340011596680e+00 4.409770965576171875e-01 1.376341462135314941e+00 3.469060063362121582e-01 3.951600790023803711e-01 2.388900518417358398e+00
1.529163241386413574e+00 9.538635015487670898e-01 1.844695806503295898e+00 3.718257248401641846e-01 4.676805809140205383e-03 1.336407065391540527e+00
1.498562812805175781e+00 1.925427615642547607e-01 1.260735630989074707e+00 -5.084850788116455078e-01 -6.592546701431274414e-01 1.895839333534240723e+00
2.958889961242675781e+00 7.090681791305541992e-01 1.032857656478881836e+00 8.439732193946838379e-01 -4.016957581043243408e-01 1.614353537559509277e+00
1.003347039222717285e+00 8.432590365409851074e-01 2.206003427505493164e+00 9.447965025901794434e-02 -2.640025913715362549e-01 2.202898740768432617e+00
1.525173306465148926e+00 1.645294018089771271e-02 1.043854713439941406e+00 1.258456349372863770e+00 -1.576431095600128174e-01 2.283466339111328125e+00
1.876174092292785645e+00 -7.294659968465566635e-03 1.485937237739562988e+00 1.127153873443603516e+00 4.566878080368041992e-02 1.865309357643127441e+00
2.147333621978759766e+00 1.020138144493103027e+00 1.520488142967224121e+00 1.500154376029968262e+00 3.312360644340515137e-01 1.845750570297241211e+00
1.555154800415039062e+00 1.693191170692443848e+00 1.567851901054382324e+00 -8.925540000200271606e-02 -3.877544999122619629e-01 2.422537803649902344e+00
2.199912548065185547e+00 9.090500473976135254e-01 1.624172687530517578e+00 1.023312211036682129e+00 -5.295152664184570312e-01 2.503479957580566406e+00
2.432666778564453125e+00 2.302163988351821899e-01 1.819332003593444824e+00 1.526206135749816895e+00 3.987693488597869873e-01 2.424142122268676758e+00
1.435610175132751465e+00 7.120701074600219727e-01 1.000882983207702637e+00 1.265939712524414062e+00 2.176233381032943726e-01 2.035124778747558594e+00
2.560901880264282227e+00 6.191564798355102539e-01 1.282158493995666504e+00 7.836492657661437988e-01 -3.577851951122283936e-01 2.346178293228149414e+00
2.208231687545776367e+00 8.957828283309936523e-01 1.319475054740905762e+00 1.069405078887939453e+00 2.725297808647155762e-01 2.476954221725463867e+00
2.955497980117797852e+00 7.465090155601501465e-01 2.007972240447998047e+00 6.210196018218994141e-01 -1.793163120746612549e-01 2.681679010391235352e+00
1.974787712097167969e+00 1.044636845588684082e+00 2.603319883346557617e+00 6.879651546478271484e-01 1.196753144264221191e+00 2.078102827072143555e+00
2.702386617660522461e+00 8.839955925941467285e-01 1.817531466484069824e+00 8.656744956970214844e-01 6.739277243614196777e-01 3.545658826828002930e+00
2.845486879348754883e+00 3.564382493495941162e-01 4.436424076557159424e-01 1.540014743804931641e+00 2.164605259895324707e-01 2.935586929321289062e+00
2.131312608718872070e+00 1.068374395370483398e+00 1.574007749557495117e+00 1.131492376327514648e+00 4.136382788419723511e-02 2.857530832290649414e+00
2.364372491836547852e+00 8.311021924018859863e-01 1.508159875869750977e+00 1.510631918907165527e+00 -6.237083673477172852e-01 2.048326969146728516e+00
2.402998685836791992e+00 7.242110371589660645e-01 1.866384744644165039e+00 1.005335688591003418e+00 2.247542589902877808e-01 2.566058397293090820e+00
2.402998685836791992e+00 7.242110371589660645e-01 1.866384744644165039e+00 1.005335688591003418e+00 2.247542589902877808e-01 2.566058397293090820e+00
2.402998685836791992e+00 7.242110371589660645e-01 1.866384744644165039e+00 1.005335688591003418e+00 2.247542589902877808e-01 2.566058397293090820e+00
2.402998685836791992e+00 7.242110371589660645e-01 1.866384744644165039e+00 1.005335688591003418e+00 2.247542589902877808e-01 2.566058397293090820e+00
2.402998685836791992e+00 7.242110371589660645e-01 1.866384744644165039e+00 1.005335688591003418e+00 2.247542589902877808e-01 2.566058397293090820e+00
2.402998685836791992e+00 7.242110371589660645e-01 1.866384744644165039e+00 1.005335688591003418e+00 2.247542589902877808e-01 2.566058397293090820e+00
2.402998685836791992e+00 7.242110371589660645e-01 1.866384744644165039e+00 1.005335688591003418e+00 2.247542589902877808e-01 2.566058397293090820e+00
2.402998685836791992e+00 7.242110371589660645e-01 1.866384744644165039e+00 1.005335688591003418e+00 2.247542589902877808e-01 2.566058397293090820e+00
2.402998685836791992e+00 7.242110371589660645e-01 1.866384744644165039e+00 1.005335688591003418e+00 2.247542589902877808e-01 2.566058397293090820e+00
2.402998685836791992e+00 7.242110371589660645e-01 1.866384744644165039e+00 1.005335688591003418e+00 2.247542589902877808e-01 2.566058397293090820e+00
2.402998685836791992e+00 7.242110371589660645e-01 1.866384744644165039e+00 1.005335688591003418e+00 2.247542589902877808e-01 2.566058397293090820e+00
2.402998685836791992e+00 7.242110371589660645e-01 1.866384744644165039e+00 1.005335688591003418e+00 2.247542589902877808e-01 2.566058397293090820e+00
2.402998685836791992e+00 7.242110371589660645e-01 1.866384744644165039e+00 1.005335688591003418e+00 2.247542589902877808e-01 2.566058397293090820e+00
2.402998685836791992e+00 7.242110371589660645e-01 1.866384744644165039e+00 1.005335688591003418e+00 2.247542589902877808e-01 2.566058397293090820e+00
2.402998685836791992e+00 7.242110371589660645e-01 1.866384744644165039e+00 1.005335688591003418e+00 2.247542589902877808e-01 2.566058397293090820e+00
2.402998685836791992e+00 7.242110371589660645e-01 1.866384744644165039e+00 1.005335688591003418e+00 2.247542589902877808e-01 2.566058397293090820e+00
2.402998685836791992e+00 7.242110371589660645e-01 1.866384744644165039e+00 1.005335688591003418e+00 2.247542589902877808e-01 2.566058397293090820e+00
2.402998685836791992e+00 7.242110371589660645e-01 1.866384744644165039e+00 1.005335688591003418e+00 2.247542589902877808e-01 2.566058397293090820e+00
2.402998685836791992e+00 7.242110371589660645e-01 1.866384744644165039e+00 1.005335688591003418e+00 2.247542589902877808e-01 2.566058397293090820e+00
2.402998685836791992e+00 7.242110371589660645e-01 1.866384744644165039e+00 1.005335688591003418e+00 2.247542589902877808e-01 2.566058397293090820e+00
2.402998685836791992e+00 7.242110371589660645e-01 1.866384744644165039e+00 1.005335688591003418e+00 2.247542589902877808e-01 2.566058397293090820e+00
2.402998685836791992e+00 7.242110371589660645e-01 1.866384744644165039e+00 1.005335688591003418e+00 2.247542589902877808e-01 2.566058397293090820e+00
2.402998685836791992e+00 7.242110371589660645e-01 1.866384744644165039e+00 1.005335688591003418e+00 2.247542589902877808e-01 2.566058397293090820e+00
2.402998685836791992e+00 7.242110371589660645e-01 1.866384744644165039e+00 1.005335688591003418e+00 2.247542589902877808e-01 2.566058397293090820e+00
2.402998685836791992e+00 7.242110371589660645e-01 1.866384744644165039e+00 1.005335688591003418e+00 2.247542589902877808e-01 2.566058397293090820e+00
2.402998685836791992e+00 7.242110371589660645e-01 1.866384744644165039e+00 1.005335688591003418e+00 2.247542589902877808e-01 2.566058397293090820e+00
2.402998685836791992e+00 7.242110371589660645e-01 1.866384744644165039e+00 1.005335688591003418e+00 2.247542589902877808e-01 2.566058397293090820e+00
2.402998685836791992e+00 7.242110371589660645e-01 1.866384744644165039e+00 1.005335688591003418e+00 2.247542589902877808e-01 2.566058397293090820e+00
2.402998685836791992e+00 7.242110371589660645e-01 1.866384744644165039e+00 1.005335688591003418e+00 2.247542589902877808e-01 2.566058397293090820e+00
2.402998685836791992e+00 7.242110371589660645e-01 1.866384744644165039e+00 1.005335688591003418e+00 2.247542589902877808e-01 2.566058397293090820e+00
2.402998685836791992e+00 7.242110371589660645e-01 1.866384744644165039e+00 1.005335688591003418e+00 2.247542589902877808e-01 2.566058397293090820e+00
2.402998685836791992e+00 7.242110371589660645e-01 1.866384744644165039e+00 1.005335688591003418e+00 2.247542589902877808e-01 2.566058397293090820e+00
2.402998685836791992e+00 7.242110371589660645e-01 1.866384744644165039e+00 1.005335688591003418e+00 2.247542589902877808e-01 2.566058397293090820e+00
2.402998685836791992e+00 7.242110371589660645e-01 1.866384744644165039e+00 1.005335688591003418e+00 2.247542589902877808e-01 2.566058397293090820e+00
2.402998685836791992e+00 7.242110371589660645e-01 1.866384744644165039e+00 1.005335688591003418e+00 2.247542589902877808e-01 2.566058397293090820e+00
2.402998685836791992e+00 7.242110371589660645e-01 1.866384744644165039e+00 1.005335688591003418e+00 2.247542589902877808e-01 2.566058397293090820e+00
2.402998685836791992e+00 7.242110371589660645e-01 1.866384744644165039e+00 1.005335688591003418e+00 2.247542589902877808e-01 2.566058397293090820e+00
2.402998685836791992e+00 7.242110371589660645e-01 1.866384744644165039e+00 1.005335688591003418e+00 2.247542589902877808e-01 2.566058397293090820e+00
2.402998685836791992e+00 7.242110371589660645e-01 1.866384744644165039e+00 1.005335688591003418e+00 2.247542589902877808e-01 2.566058397293090820e+00
2.402998685836791992e+00 7.242110371589660645e-01 1.866384744644165039e+00 1.005335688591003418e+00 2.247542589902877808e-01 2.566058397293090820e+00
2.402998685836791992e+00 7.242110371589660645e-01 1.866384744644165039e+00 1.005335688591003418e+00 2.247542589902877808e-01 2.566058397293090820e+00
2.402998685836791992e+00 7.242110371589660645e-01 1.866384744644165039e+00 1.005335688591003418e+00 2.247542589902877808e-01 2.566058397293090820e+00
2.402998685836791992e+00 7.242110371589660645e-01 1.866384744644165039e+00 1.005335688591003418e+00 2.247542589902877808e-01 2.566058397293090820e+00
2.402998685836791992e+00 7.242110371589660645e-01 1.866384744644165039e+00 1.005335688591003418e+00 2.247542589902877808e-01 2.566058397293090820e+00
2.402998685836791992e+00 7.242110371589660645e-01 1.866384744644165039e+00 1.005335688591003418e+00 2.247542589902877808e-01 2.566058397293090820e+00
2.402998685836791992e+00 7.242110371589660645e-01 1.866384744644165039e+00 1.005335688591003418e+00 2.247542589902877808e-01 2.566058397293090820e+00
2.402998685836791992e+00 7.242110371589660645e-01 1.866384744644165039e+00 1.005335688591003418e+00 2.247542589902877808e-01 2.566058397293090820e+00
2.402998685836791992e+00 7.242110371589660645e-01 1.866384744644165039e+00 1.005335688591003418e+00 2.247542589902877808e-01 2.566058397293090820e+00
2.402998685836791992e+00 7.242110371589660645e-01 1.866384744644165039e+00 1.005335688591003418e+00 2.247542589902877808e-01 2.566058397293090820e+00
2.402998685836791992e+00 7.242110371589660645e-01 1.866384744644165039e+00 1.005335688591003418e+00 2.247542589902877808e-01 2.566058397293090820e+00
2.402998685836791992e+00 7.242110371589660645e-01 1.866384744644165039e+00 1.005335688591003418e+00 2.247542589902877808e-01 2.566058397293090820e+00
2.402998685836791992e+00 7.242110371589660645e-01 1.866384744644165039e+00 1.005335688591003418e+00 2.247542589902877808e-01 2.566058397293090820e+00
2.402998685836791992e+00 7.242110371589660645e-01 1.866384744644165039e+00 1.005335688591003418e+00 2.247542589902877808e-01 2.566058397293090820e+00
2.402998685836791992e+00 7.242110371589660645e-01 1.866384744644165039e+00 1.005335688591003418e+00 2.247542589902877808e-01 2.566058397293090820e+00
2.402998685836791992e+00 7.242110371589660645e-01 1.866384744644165039e+00 1.005335688591003418e+00 2.247542589902877808e-01 2.566058397293090820e+00
2.402998685836791992e+00 7.242110371589660645e-01 1.866384744644165039e+00 1.005335688591003418e+00 2.247542589902877808e-01 2.566058397293090820e+00
2.402998685836791992e+00 7.242110371589660645e-01 1.866384744644165039e+00 1.005335688591003418e+00 2.247542589902877808e-01 2.566058397293090820e+00
2.402998685836791992e+00 7.242110371589660645e-01 1.866384744644165039e+00 1.005335688591003418e+00 2.247542589902877808e-01 2.566058397293090820e+00
2.402998685836791992e+00 7.242110371589660645e-01 1.866384744644165039e+00 1.005335688591003418e+00 2.247542589902877808e-01 2.566058397293090820e+00
2.402998685836791992e+00 7.242110371589660645e-01 1.866384744644165039e+00 1.005335688591003418e+00 2.247542589902877808e-01 2.566058397293090820e+00
2.402998685836791992e+00 7.242110371589660645e-01 1.866384744644165039e+00 1.005335688591003418e+00 2.247542589902877808e-01 2.566058397293090820e+00
2.402998685836791992e+00 7.242110371589660645e-01 1.866384744644165039e+00 1.005335688591003418e+00 2.247542589902877808e-01 2.566058397293090820e+00
2.402998685836791992e+00 7.242110371589660645e-01 1.866384744644165039e+00 1.005335688591003418e+00 2.247542589902877808e-01 2.566058397293090820e+00
2.402998685836791992e+00 7.242110371589660645e-01 1.866384744644165039e+00 1.005335688591003418e+00 2.247542589902877808e-01 2.566058397293090820e+00
2.402998685836791992e+00 7.242110371589660645e-01 1.866384744644165039e+00 1.005335688591003418e+00 2.247542589902877808e-01 2.566058397293090820e+00
2.402998685836791992e+00 7.242110371589660645e-01 1.866384744644165039e+00 1.005335688591003418e+00 2.247542589902877808e-01 2.566058397293090820e+00
2.402998685836791992e+00 7.242110371589660645e-01 1.866384744644165039e+00 1.005335688591003418e+00 2.247542589902877808e-01 2.566058397293090820e+00
2.402998685836791992e+00 7.242110371589660645e-01 1.866384744644165039e+00 1.005335688591003418e+00 2.247542589902877808e-01 2.566058397293090820e+00
2.402998685836791992e+00 7.242110371589660645e-01 1.866384744644165039e+00 1.005335688591003418e+00 2.247542589902877808e-01 2.566058397293090820e+00
2.402998685836791992e+00 7.242110371589660645e-01 1.866384744644165039e+00 1.005335688591003418e+00 2.247542589902877808e-01 2.566058397293090820e+00
2.402998685836791992e+00 7.242110371589660645e-01 1.866384744644165039e+00 1.005335688591003418e+00 2.247542589902877808e-01 2.566058397293090820e+00
2.402998685836791992e+00 7.242110371589660645e-01 1.866384744644165039e+00 1.005335688591003418e+00 2.247542589902877808e-01 2.566058397293090820e+00
2.402998685836791992e+00 7.242110371589660645e-01 1.866384744644165039e+00 1.005335688591003418e+00 2.247542589902877808e-01 2.566058397293090820e+00
2.402998685836791992e+00 7.242110371589660645e-01 1.866384744644165039e+00 1.005335688591003418e+00 2.247542589902877808e-01 2.566058397293090820e+00
2.402998685836791992e+00 7.242110371589660645e-01 1.866384744644165039e+00 1.005335688591003418e+00 2.247542589902877808e-01 2.566058397293090820e+00
2.402998685836791992e+00 7.242110371589660645e-01 1.866384744644165039e+00 1.005335688591003418e+00 2.247542589902877808e-01 2.566058397293090820e+00
2.402998685836791992e+00 7.242110371589660645e-01 1.866384744644165039e+00 1.005335688591003418e+00 2.247542589902877808e-01 2.566058397293090820e+00
2.402998685836791992e+00 7.242110371589660645e-01 1.866384744644165039e+00 1.005335688591003418e+00 2.247542589902877808e-01 2.566058397293090820e+00
2.402998685836791992e+00 7.242110371589660645e-01 1.866384744644165039e+00 1.005335688591003418e+00 2.247542589902877808e-01 2.566058397293090820e+00
2.402998685836791992e+00 7.242110371589660645e-01 1.866384744644165039e+00 1.005335688591003418e+00 2.247542589902877808e-01 2.566058397293090820e+00
2.402998685836791992e+00 7.242110371589660645e-01 1.866384744644165039e+00 1.005335688591003418e+00 2.247542589902877808e-01 2.566058397293090820e+00
2.402998685836791992e+00 7.242110371589660645e-01 1.866384744644165039e+00 1.005335688591003418e+00 2.247542589902877808e-01 2.566058397293090820e+00
2.402998685836791992e+00 7.242110371589660645e-01 1.866384744644165039e+00 1.005335688591003418e+00 2.247542589902877808e-01 2.566058397293090820e+00
2.402998685836791992e+00 7.242110371589660645e-01 1.866384744644165039e+00 1.005335688591003418e+00 2.247542589902877808e-01 2.566058397293090820e+00
2.402998685836791992e+00 7.242110371589660645e-01 1.866384744644165039e+00 1.005335688591003418e+00 2.247542589902877808e-01 2.566058397293090820e+00
2.402998685836791992e+00 7.242110371589660645e-01 1.866384744644165039e+00 1.005335688591003418e+00 2.247542589902877808e-01 2.566058397293090820e+00
2.402998685836791992e+00 7.242110371589660645e-01 1.866384744644165039e+00 1.005335688591003418e+00 2.247542589902877808e-01 2.566058397293090820e+00
2.402998685836791992e+00 7.242110371589660645e-01 1.866384744644165039e+00 1.005335688591003418e+00 2.247542589902877808e-01 2.566058397293090820e+00
2.402998685836791992e+00 7.242110371589660645e-01 1.866384744644165039e+00 1.005335688591003418e+00 2.247542589902877808e-01 2.566058397293090820e+00
2.402998685836791992e+00 7.242110371589660645e-01 1.866384744644165039e+00 1.005335688591003418e+00 2.247542589902877808e-01 2.566058397293090820e+00
2.402998685836791992e+00 7.242110371589660645e-01 1.866384744644165039e+00 1.005335688591003418e+00 2.247542589902877808e-01 2.566058397293090820e+00
