0.000000000000000000e+00 0.000000000000000000e+00 0.000000000000000000e+00 0.000000000000000000e+00 0.000000000000000000e+00 0.000000000000000000e+00
0.000000000000000000e+00 0.000000000000000000e+00 0.000000000000000000e+00 0.000000000000000000e+00 0.000000000000000000e+00 0.000000000000000000e+00
0.000000000000000000e+00 0.000000000000000000e+00 0.000000000000000000e+00 0.000000000000000000e+00 0.000000000000000000e+00 0.000000000000000000e+00
0.000000000000000000e+00 0.000000000000000000e+00 0.000000000000000000e+00 0.000000000000000000e+00 0.000000000000000000e+00 0.000000000000000000e+00
0.000000000000000000e+00 0.000000000000000000e+00 0.000000000000000000e+00 0.000000000000000000e+00 0.000000000000000000e+00 0.000000000000000000e+00
0.000000000000000000e+00 0.000000000000000000e+00 0.000000000000000000e+00 0.000000000000000000e+00 0.000000000000000000e+00 0.000000000000000000e+00
0.000000000000000000e+00 0.000000000000000000e+00 0.000000000000000000e+00 0.000000000000000000e+00 0.000000000000000000e+00 0.000000000000000000e+00
0.000000000000000000e+00 0.000000000000000000e+00 0.000000000000000000e+00 0.000000000000000000e+00 0.000000000000000000e+00 0.000000000000000000e+00
0.000000000000000000e+00 0.000000000000000000e+00 0.000000000000000000e+00 0.000000000000000000e+00 0.000000000000000000e+00 0.000000000000000000e+00
0.000000000000000000e+00 0.000000000000000000e+00 0.000000000000000000e+00 0.000000000000000000e+00 0.000000000000000000e+00 0.000000000000000000e+00
0.000000000000000000e+00 0.000000000000000000e+00 0.000000000000000000e+00 0.000000000000000000e+00 0.000000000000000000e+00 0.000000000000000000e+00
0.000000000000000000e+00 0.000000000000000000e+00 0.000000000000000000e+00 0.000000000000000000e+00 0.000000000000000000e+00 0.000000000000000000e+00
0.000000000000000000e+00 0.000000000000000000e+00 0.000000000000000000e+00 0.000000000000000000e+00 0.000000000000000000e+00 0.000000000000000000e+00
0.000000000000000000e+00 0.000000000000000000e+00 0.000000000000000000e+00 0.000000000000000000e+00 0.000000000000000000e+00 0.000000000000000000e+00
0.000000000000000000e+00 0.000000000000000000e+00 0.000000000000000000e+00 0.000000000000000000e+00 0.000000000000000000e+00 0.000000000000000000e+00
0.000000000000000000e+00 0.000000000000000000e+00 0.000000000000000000e+00 0.000000000000000000e+00 0.000000000000000000e+00 0.000000000000000000e+00
0.000000000000000000e+00 0.000000000000000000e+00 0.000000000000000000e+00 0.000000000000000000e+00 0.000000000000000000e+00 0.000000000000000000e+00
0.000000000000000000e+00 0.000000000000000000e+00 0.000000000000000000e+00 0.000000000000000000e+00 0.000000000000000000e+00 0.000000000000000000e+00
0.000000000000000000e+00 0.000000000000000000e+00 0.000000000000000000e+00 0.000000000000000000e+00 0.000000000000000000e+00 0.000000000000000000e+00
0.000000000000000000e+00 0.000000000000000000e+00 0.000000000000000000e+00 0.000000000000000000e+00 0.000000000000000000e+00 0.000000000000000000e+00
0.000000000000000000e+00 0.000000000000000000e+00 0.000000000000000000e+00 0.000000000000000000e+00 0.000000000000000000e+00 0.000000000000000000e+00
0.000000000000000000e+00 0.000000000000000000e+00 0.000000000000000000e+00 0.000000000000000000e+00 0.000000000000000000e+00 0.000000000000000000e+00
0.000000000000000000e+00 0.000000000000000000e+00 0.000000000000000000e+00 0.000000000000000000e+00 0.000000000000000000e+00 0.000000000000000000e+00
0.000000000000000000e+00 0.000000000000000000e+00 0.000000000000000000e+00 0.000000000000000000e+00 0.000000000000000000e+00 0.000000000000000000e+00
0.000000000000000000e+00 0.000000000000000000e+00 0.000000000000000000e+00 0.000000000000000000e+00 0.000000000000000000e+00 0.000000000000000000e+00
0.000000000000000000e+00 0.000000000000000000e+00 0.000000000000000000e+00 0.000000000000000000e+00 0.000000000000000000e+00 0.000000000000000000e+00
0.000000000000000000e+00 0.000000000000000000e+00 0.000000000000000000e+00 0.000000000000000000e+00 0.000000000000000000e+00 0.000000000000000000e+00
0.000000000000000000e+00 0.000000000000000000e+00 0.000000000000000000e+00 0.000000000000000000e+00 0.000000000000000000e+00 0.000000000000000000e+00
0.000000000000000000e+00 0.000000000000000000e+00 0.000000000000000000e+00 0.000000000000000000e+00 0.000000000000000000e+00 0.000000000000000000e+00
0.000000000000000000e+00 0.000000000000000000e+00 0.000000000000000000e+00 0.000000000000000000e+00 0.000000000000000000e+00 0.000000000000000000e+00
0.000000000000000000e+00 0.000000000000000000e+00 0.000000000000000000e+00 0.000000000000000000e+00 0.000000000000000000e+00 0.000000000000000000e+00
0.000000000000000000e+00 0.000000000000000000e+00 0.000000000000000000e+00 0.000000000000000000e+00 0.000000000000000000e+00 0.000000000000000000e+00
0.000000000000000000e+00 0.000000000000000000e+00 0.000000000000000000e+00 0.000000000000000000e+00 0.000000000000000000e+00 0.000000000000000000e+00
0.000000000000000000e+00 0.000000000000000000e+00 0.000000000000000000e+00 0.000000000000000000e+00 0.000000000000000000e+00 0.000000000000000000e+00
0.000000000000000000e+00 0.000000000000000000e+00 0.000000000000000000e+00 0.000000000000000000e+00 0.000000000000000000e+00 0.000000000000000000e+00
0.000000000000000000e+00 0.000000000000000000e+00 0.000000000000000000e+00 0.000000000000000000e+00 0.000000000000000000e+00 0.000000000000000000e+00
0.000000000000000000e+00 0.000000000000000000e+00 0.000000000000000000e+00 0.000000000000000000e+00 0.000000000000000000e+00 0.000000000000000000e+00
0.000000000000000000e+00 0.000000000000000000e+00 0.000000000000000000e+00 0.000000000000000000e+00 0.000000000000000000e+00 0.000000000000000000e+00
0.000000000000000000e+00 0.000000000000000000e+00 0.000000000000000000e+00 0.000000000000000000e+00 0.000000000000000000e+00 0.000000000000000000e+00
0.000000000000000000e+00 0.000000000000000000e+00 0.000000000000000000e+00 0.000000000000000000e+00 0.000000000000000000e+00 0.000000000000000000e+00
0.000000000000000000e+00 0.000000000000000000e+00 0.000000000000000000e+00 0.000000000000000000e+00 0.000000000000000000e+00 0.000000000000000000e+00
0.000000000000000000e+00 0.000000000000000000e+00 0.000000000000000000e+00 0.000000000000000000e+00 0.000000000000000000e+00 0.000000000000000000e+00
0.000000000000000000e+00 0.000000000000000000e+00 0.000000000000000000e+00 0.000000000000000000e+00 0.000000000000000000e+00 0.000000000000000000e+00
0.000000000000000000e+00 0.000000000000000000e+00 0.000000000000000000e+00 0.000000000000000000e+00 0.000000000000000000e+00 0.000000000000000000e+00
0.000000000000000000e+00 0.000000000000000000e+00 0.000000000000000000e+00 0.000000000000000000e+00 0.000000000000000000e+00 0.000000000000000000e+00
0.000000000000000000e+00 0.000000000000000000e+00 0.000000000000000000e+00 0.000000000000000000e+00 0.000000000000000000e+00 0.000000000000000000e+00
0.000000000000000000e+00 0.000000000000000000e+00 0.000000000000000000e+00 0.000000000000000000e+00 0.000000000000000000e+00 0.000000000000000000e+00
0.000000000000000000e+00 0.000000000000000000e+00 0.000000000000000000e+00 0.000000000000000000e+00 0.000000000000000000e+00 0.000000000000000000e+00
0.000000000000000000e+00 0.000000000000000000e+00 0.000000000000000000e+00 0.000000000000000000e+00 0.000000000000000000e+00 0.000000000000000000e+00
0.000000000000000000e+00 0.000000000000000000e+00 0.000000000000000000e+00 0.000000000000000000e+00 0.000000000000000000e+00 0.000000000000000000e+00
0.000000000000000000e+00 0.000000000000000000e+00 0.000000000000000000e+00 0.000000000000000000e+00 0.000000000000000000e+00 0.000000000000000000e+00
0.000000000000000000e+00 0.000000000000000000e+00 0.000000000000000000e+00 0.000000000000000000e+00 0.000000000000000000e+00 0.000000000000000000e+00
0.000000000000000000e+00 0.000000000000000000e+00 0.000000000000000000e+00 0.000000000000000000e+00 0.000000000000000000e+00 0.000000000000000000e+00
0.000000000000000000e+00 0.000000000000000000e+00 0.000000000000000000e+00 0.000000000000000000e+00 0.000000000000000000e+00 0.000000000000000000e+00
0.000000000000000000e+00 0.000000000000000000e+00 0.000000000000000000e+00 0.000000000000000000e+00 0.000000000000000000e+00 0.000000000000000000e+00
0.000000000000000000e+00 0.000000000000000000e+00 0.000000000000000000e+00 0.000000000000000000e+00 0.000000000000000000e+00 0.000000000000000000e+00
0.000000000000000000e+00 0.000000000000000000e+00 0.000000000000000000e+00 0.000000000000000000e+00 0.000000000000000000e+00 0.000000000000000000e+00
0.000000000000000000e+00 0.000000000000000000e+00 0.000000000000000000e+00 0.000000000000000000e+00 0.000000000000000000e+00 0.000000000000000000e+00
0.000000000000000000e+00 0.000000000000000000e+00 0.000000000000000000e+00 0.000000000000000000e+00 0.000000000000000000e+00 0.000000000000000000e+00
0.000000000000000000e+00 0.000000000000000000e+00 0.000000000000000000e+00 0.000000000000000000e+00 0.000000000000000000e+00 0.000000000000000000e+00
0.000000000000000000e+00 0.000000000000000000e+00 0.000000000000000000e+00 0.000000000000000000e+00 0.000000000000000000e+00 0.000000000000000000e+00
0.000000000000000000e+00 0.000000000000000000e+00 0.000000000000000000e+00 0.000000000000000000e+00 0.000000000000000000e+00 0.000000000000000000e+00
0.000000000000000000e+00 0.000000000000000000e+00 0.000000000000000000e+00 0.000000000000000000e+00 0.000000000000000000e+00 0.000000000000000000e+00
0.000000000000000000e+00 0.000000000000000000e+00 0.000000000000000000e+00 0.000000000000000000e+00 0.000000000000000000e+00 0.000000000000000000e+00
0.000000000000000000e+00 0.000000000000000000e+00 0.000000000000000000e+00 0.000000000000000000e+00 0.000000000000000000e+00 0.000000000000000000e+00
0.000000000000000000e+00 0.000000000000000000e+00 0.000000000000000000e+00 0.000000000000000000e+00 0.000000000000000000e+00 0.000000000000000000e+00
0.000000000000000000e+00 0.000000000000000000e+00 0.000000000000000000e+00 0.000000000000000000e+00 0.000000000000000000e+00 0.000000000000000000e+00
0.000000000000000000e+00 0.000000000000000000e+00 0.000000000000000000e+00 0.000000000000000000e+00 0.000000000000000000e+00 0.000000000000000000e+00
0.000000000000000000e+00 0.000000000000000000e+00 0.000000000000000000e+00 0.000000000000000000e+00 0.000000000000000000e+00 0.000000000000000000e+00
0.000000000000000000e+00 0.000000000000000000e+00 0.000000000000000000e+00 0.000000000000000000e+00 0.000000000000000000e+00 0.000000000000000000e+00
0.000000000000000000e+00 0.000000000000000000e+00 0.000000000000000000e+00 0.000000000000000000e+00 0.000000000000000000e+00 0.000000000000000000e+00
0.000000000000000000e+00 0.000000000000000000e+00 0.000000000000000000e+00 0.000000000000000000e+00 0.000000000000000000e+00 0.000000000000000000e+00
0.000000000000000000e+00 0.000000000000000000e+00 0.000000000000000000e+00 0.000000000000000000e+00 0.000000000000000000e+00 0.000000000000000000e+00
0.000000000000000000e+00 0.000000000000000000e+00 0.000000000000000000e+00 0.000000000000000000e+00 0.000000000000000000e+00 0.000000000000000000e+00
0.000000000000000000e+00 0.000000000000000000e+00 0.000000000000000000e+00 0.000000000000000000e+00 0.000000000000000000e+00 0.000000000000000000e+00
0.000000000000000000e+00 0.000000000000000000e+00 0.000000000000000000e+00 0.000000000000000000e+00 0.000000000000000000e+00 0.000000000000000000e+00
0.000000000000000000e+00 0.000000000000000000e+00 0.000000000000000000e+00 0.000000000000000000e+00 0.000000000000000000e+00 0.000000000000000000e+00
0.000000000000000000e+00 0.000000000000000000e+00 0.000000000000000000e+00 0.000000000000000000e+00 0.000000000000000000e+00 0.000000000000000000e+00
0.000000000000000000e+00 0.000000000000000000e+00 0.000000000000000000e+00 0.000000000000000000e+00 0.000000000000000000e+00 0.000000000000000000e+00
0.000000000000000000e+00 0.000000000000000000e+00 0.000000000000000000e+00 0.000000000000000000e+00 0.000000000000000000e+00 0.000000000000000000e+00
0.000000000000000000e+00 0.000000000000000000e+00 0.000000000000000000e+00 0.000000000000000000e+00 0.000000000000000000e+00 0.000000000000000000e+00
0.000000000000000000e+00 0.000000000000000000e+00 0.000000000000000000e+00 0.000000000000000000e+00 0.000000000000000000e+00 0.000000000000000000e+00
0.000000000000000000e+00 0.000000000000000000e+00 0.000000000000000000e+00 0.000000000000000000e+00 0.000000000000000000e+00 0.000000000000000000e+00
0.000000000000000000e+00 0.000000000000000000e+00 0.000000000000000000e+00 0.000000000000000000e+00 0.000000000000000000e+00 0.000000000000000000e+00
0.000000000000000000e+00 0.000000000000000000e+00 0.000000000000000000e+00 0.000000000000000000e+00 0.000000000000000000e+00 0.000000000000000000e+00
0.000000000000000000e+00 0.000000000000000000e+00 0.000000000000000000e+00 0.000000000000000000e+00 0.000000000000000000e+00 0.000000000000000000e+00
0.000000000000000000e+00 0.000000000000000000e+00 0.000000000000000000e+00 0.000000000000000000e+00 0.000000000000000000e+00 0.000000000000000000e+00
0.000000000000000000e+00 0.000000000000000000e+00 0.000000000000000000e+00 0.000000000000000000e+00 0.000000000000000000e+00 0.000000000000000000e+00
0.000000000000000000e+00 0.000000000000000000e+00 0.000000000000000000e+00 0.000000000000000000e+00 0.000000000000000000e+00 0.000000000000000000e+00
0.000000000000000000e+00 0.000000000000000000e+00 0.000000000000000000e+00 0.000000000000000000e+00 0.000000000000000000e+00 0.000000000000000000e+00
0.000000000000000000e+00 0.000000000000000000e+00 0.000000000000000000e+00 0.000000000000000000e+00 0.000000000000000000e+00 0.000000000000000000e+00
0.000000000000000000e+00 0.000000000000000000e+00 0.000000000000000000e+00 0.000000000000000000e+00 0.000000000000000000e+00 0.000000000000000000e+00
0.000000000000000000e+00 0.000000000000000000e+00 0.000000000000000000e+00 0.000000000000000000e+00 0.000000000000000000e+00 0.000000000000000000e+00
0.000000000000000000e+00 0.000000000000000000e+00 0.000000000000000000e+00 0.000000000000000000e+00 0.000000000000000000e+00 0.000000000000000000e+00
0.000000000000000000e+00 0.000000000000000000e+00 0.000000000000000000e+00 0.000000000000000000e+00 0.000000000000000000e+00 0.000000000000000000e+00
0.000000000000000000e+00 0.000000000000000000e+00 0.000000000000000000e+00 0.000000000000000000e+00 0.000000000000000000e+00 0.000000000000000000e+00
0.000000000000000000e+00 0.000000000000000000e+00 0.000000000000000000e+00 0.000000000000000000e+00 0.000000000000000000e+00 0.000000000000000000e+00
0.000000000000000000e+00 0.000000000000000000e+00 0.000000000000000000e+00 0.000000000000000000e+00 0.000000000000000000e+00 0.000000000000000000e+00
0.000000000000000000e+00 0.000000000000000000e+00 0.000000000000000000e+00 0.000000000000000000e+00 0.000000000000000000e+00 0.000000000000000000e+00
0.000000000000000000e+00 0.000000000000000000e+00 0.000000000000000000e+00 0.000000000000000000e+00 0.000000000000000000e+00 0.000000000000000000e+00
0.000000000000000000e+00 0.000000000000000000e+00 0.000000000000000000e+00 0.000000000000000000e+00 0.000000000000000000e+00 0.000000000000000000e+00
5.501644685864448547e-02 8.894101530313491821e-02 8.394620567560195923e-02 5.864851176738739014e-02 1.952467486262321472e-02 3.516185656189918518e-02
1.100328937172889709e-01 1.778820306062698364e-01 1.678924113512039185e-01 1.172970235347747803e-01 3.904934972524642944e-02 7.032371312379837036e-02
1.650493443012237549e-01 2.668230533599853516e-01 2.518386244773864746e-01 1.759455353021621704e-01 5.857402458786964417e-02 1.054855659604072571e-01
2.200657874345779419e-01 3.557640612125396729e-01 3.357848227024078369e-01 2.345940470695495605e-01 7.809869945049285889e-02 1.406474262475967407e-01
2.750822305679321289e-01 4.447050690650939941e-01 4.197310507297515869e-01 2.932425439357757568e-01 9.762337803840637207e-02 1.758092790842056274e-01
3.300986886024475098e-01 5.336461067199707031e-01 5.036772489547729492e-01 3.518910706043243408e-01 1.171480491757392883e-01 2.109711319208145142e-01
3.851151168346405029e-01 6.225870847702026367e-01 5.876234769821166992e-01 4.105395674705505371e-01 1.366727203130722046e-01 2.461329847574234009e-01
4.401315748691558838e-01 7.115281224250793457e-01 6.715696454048156738e-01 4.691880941390991211e-01 1.561973989009857178e-01 2.812948524951934814e-01
4.951480329036712646e-01 8.004691004753112793e-01 7.555158734321594238e-01 5.278366208076477051e-01 1.757220774888992310e-01 3.164567053318023682e-01
5.501644611358642578e-01 8.894101381301879883e-01 8.394621014595031738e-01 5.864850878715515137e-01 1.952467560768127441e-01 3.516185581684112549e-01
6.051809191703796387e-01 9.783511757850646973e-01 9.234083294868469238e-01 6.451336145401000977e-01 2.147714197635650635e-01 3.867804110050201416e-01
6.601973772048950195e-01 1.067292213439941406e+00 1.007354497909545898e+00 7.037821412086486816e-01 2.342960983514785767e-01 4.219422638416290283e-01
7.152138352394104004e-01 1.156233191490173340e+00 1.091300725936889648e+00 7.624306678771972656e-01 2.538207769393920898e-01 4.571041166782379150e-01
7.702302336692810059e-01 1.245174169540405273e+00 1.175246953964233398e+00 8.210791349411010742e-01 2.733454406261444092e-01 4.922659695148468018e-01
8.252466917037963867e-01 1.334115147590637207e+00 1.259193181991577148e+00 8.797276616096496582e-01 2.928701341152191162e-01 5.274278521537780762e-01
8.802631497383117676e-01 1.423056244850158691e+00 1.343139290809631348e+00 9.383761882781982422e-01 3.123947978019714355e-01 5.625897049903869629e-01
9.352796077728271484e-01 1.511997222900390625e+00 1.427085518836975098e+00 9.970246553421020508e-01 3.319194912910461426e-01 5.977515578269958496e-01
9.902960658073425293e-01 1.600938200950622559e+00 1.511031746864318848e+00 1.055673241615295410e+00 3.514441549777984619e-01 6.329134106636047363e-01
1.045312523841857910e+00 1.689879298210144043e+00 1.594977974891662598e+00 1.114321708679199219e+00 3.709688186645507812e-01 6.680752635002136230e-01
1.100328922271728516e+00 1.778820276260375977e+00 1.678924202919006348e+00 1.172970175743103027e+00 3.904935121536254883e-01 7.032371163368225098e-01
1.155345439910888672e+00 1.867761254310607910e+00 1.762870430946350098e+00 1.231618762016296387e+00 4.100181758403778076e-01 7.383989691734313965e-01
1.210361838340759277e+00 1.956702351570129395e+00 1.846816658973693848e+00 1.290267229080200195e+00 4.295428395271301270e-01 7.735608220100402832e-01
1.265378236770629883e+00 2.045643329620361328e+00 1.930762767791748047e+00 1.348915696144104004e+00 4.490675330162048340e-01 8.087226748466491699e-01
1.320394754409790039e+00 2.134584426879882812e+00 2.014708995819091797e+00 1.407564282417297363e+00 4.685921967029571533e-01 8.438845276832580566e-01
1.375411152839660645e+00 2.223525285720825195e+00 2.098655223846435547e+00 1.466212749481201172e+00 4.881168901920318604e-01 8.790463805198669434e-01
1.430427670478820801e+00 2.312466382980346680e+00 2.182601451873779297e+00 1.524861335754394531e+00 5.076415538787841797e-01 9.142082333564758301e-01
1.485444068908691406e+00 2.401407480239868164e+00 2.266547679901123047e+00 1.583509802818298340e+00 5.271662473678588867e-01 9.493700861930847168e-01
1.540460467338562012e+00 2.490348339080810547e+00 2.350493907928466797e+00 1.642158269882202148e+00 5.466908812522888184e-01 9.845319390296936035e-01
1.595476984977722168e+00 2.579289436340332031e+00 2.434440135955810547e+00 1.700806856155395508e+00 5.662155747413635254e-01 1.019693851470947266e+00
1.650493383407592773e+00 2.668230295181274414e+00 2.518386363983154297e+00 1.759455323219299316e+00 5.857402682304382324e-01 1.054855704307556152e+00
1.676037311553955078e+00 2.657530307769775391e+00 2.491979598999023438e+00 1.794009089469909668e+00 6.400411725044250488e-01 1.042204737663269043e+00
1.701581120491027832e+00 2.646830081939697266e+00 2.465572834014892578e+00 1.828562855720520020e+00 6.943420171737670898e-01 1.029553771018981934e+00
1.727124929428100586e+00 2.636130094528198242e+00 2.439166307449340820e+00 1.863116741180419922e+00 7.486429214477539062e-01 1.016902923583984375e+00
1.752668857574462891e+00 2.625429868698120117e+00 2.412759542465209961e+00 1.897670507431030273e+00 8.029438257217407227e-01 1.004251956939697266e+00
1.778212666511535645e+00 2.614729881286621094e+00 2.386352777481079102e+00 1.932224273681640625e+00 8.572447299957275391e-01 9.916009902954101562e-01
1.803756475448608398e+00 2.604029655456542969e+00 2.359946250915527344e+00 1.966778039932250977e+00 9.115456342697143555e-01 9.789500832557678223e-01
1.829300403594970703e+00 2.593329668045043945e+00 2.333539485931396484e+00 2.001331806182861328e+00 9.658465385437011719e-01 9.662991166114807129e-01
1.854844212532043457e+00 2.582629442214965820e+00 2.307132720947265625e+00 2.035885572433471680e+00 1.020147442817687988e+00 9.536482095718383789e-01
1.880388021469116211e+00 2.571929454803466797e+00 2.280726194381713867e+00 2.070439338684082031e+00 1.074448347091674805e+00 9.409973025321960449e-01
1.905931949615478516e+00 2.561229228973388672e+00 2.254319429397583008e+00 2.104993104934692383e+00 1.128749251365661621e+00 9.283463358879089355e-01
1.931475758552551270e+00 2.550529241561889648e+00 2.227912664413452148e+00 2.139547109603881836e+00 1.183050036430358887e+00 9.156954288482666016e-01
1.957019686698913574e+00 2.539829015731811523e+00 2.201506137847900391e+00 2.174100875854492188e+00 1.237350940704345703e+00 9.030444622039794922e-01
1.982563495635986328e+00 2.529129028320312500e+00 2.175099372863769531e+00 2.208654642105102539e+00 1.291651844978332520e+00 8.903935551643371582e-01
2.008107423782348633e+00 2.518428802490234375e+00 2.148692607879638672e+00 2.243208408355712891e+00 1.345952749252319336e+00 8.777426481246948242e-01
2.033651113510131836e+00 2.507728815078735352e+00 2.122286081314086914e+00 2.277762174606323242e+00 1.400253653526306152e+00 8.650916814804077148e-01
2.059195041656494141e+00 2.497028589248657227e+00 2.095879316329956055e+00 2.312315940856933594e+00 1.454554557800292969e+00 8.524407744407653809e-01
2.084738969802856445e+00 2.486328601837158203e+00 2.069472551345825195e+00 2.346869707107543945e+00 1.508855462074279785e+00 8.397898077964782715e-01
2.110282659530639648e+00 2.475628376007080078e+00 2.043066024780273438e+00 2.381423473358154297e+00 1.563156366348266602e+00 8.271389007568359375e-01
2.135826587677001953e+00 2.464928388595581055e+00 2.016659259796142578e+00 2.415977239608764648e+00 1.617457270622253418e+00 8.144879937171936035e-01
2.161370515823364258e+00 2.454228162765502930e+00 1.990252614021301270e+00 2.450531005859375000e+00 1.671758174896240234e+00 8.018370270729064941e-01
2.186914205551147461e+00 2.443528175354003906e+00 1.963845968246459961e+00 2.485085010528564453e+00 1.726059079170227051e+00 7.891861200332641602e-01
2.212458133697509766e+00 2.432827949523925781e+00 1.937439203262329102e+00 2.519638776779174805e+00 1.780359983444213867e+00 7.765351533889770508e-01
2.238002061843872070e+00 2.422127723693847656e+00 1.911032557487487793e+00 2.554192543029785156e+00 1.834660768508911133e+00 7.638842463493347168e-01
2.263545751571655273e+00 2.411427736282348633e+00 1.884625911712646484e+00 2.588746309280395508e+00 1.888961672782897949e+00 7.512332797050476074e-01
2.289089679718017578e+00 2.400727510452270508e+00 1.858219146728515625e+00 2.623300075531005859e+00 1.943262577056884766e+00 7.385823726654052734e-01
2.314633607864379883e+00 2.390027523040771484e+00 1.831812500953674316e+00 2.657853841781616211e+00 1.997563481330871582e+00 7.259314656257629395e-01
2.340177297592163086e+00 2.379327297210693359e+00 1.805405855178833008e+00 2.692407608032226562e+00 2.051864385604858398e+00 7.132804989814758301e-01
2.365721225738525391e+00 2.368627309799194336e+00 1.778999090194702148e+00 2.726961374282836914e+00 2.106165409088134766e+00 7.006295919418334961e-01
2.391265153884887695e+00 2.357927083969116211e+00 1.752592444419860840e+00 2.761515140533447266e+00 2.160466194152832031e+00 6.879786252975463867e-01
2.416809082031250000e+00 2.347227096557617188e+00 1.726185798645019531e+00 2.796068906784057617e+00 2.214766979217529297e+00 6.753277182579040527e-01
2.416809082031250000e+00 2.347227096557617188e+00 1.726185798645019531e+00 2.796068906784057617e+00 2.214766979217529297e+00 6.753277182579040527e-01
2.416809082031250000e+00 2.347227096557617188e+00 1.726185798645019531e+00 2.796068906784057617e+00 2.214766979217529297e+00 6.753277182579040527e-01
2.416809082031250000e+00 2.347227096557617188e+00 1.726185798645019531e+00 2.796068906784057617e+00 2.214766979217529297e+00 6.753277182579040527e-01
2.416809082031250000e+00 2.347227096557617188e+00 1.726185798645019531e+00 2.796068906784057617e+00 2.214766979217529297e+00 6.753277182579040527e-01
2.416809082031250000e+00 2.347227096557617188e+00 1.726185798645019531e+00 2.796068906784057617e+00 2.214766979217529297e+00 6.753277182579040527e-01
2.416809082031250000e+00 2.347227096557617188e+00 1.726185798645019531e+00 2.796068906784057617e+00 2.214766979217529297e+00 6.753277182579040527e-01
2.416809082031250000e+00 2.347227096557617188e+00 1.726185798645019531e+00 2.796068906784057617e+00 2.214766979217529297e+00 6.753277182579040527e-01
2.416809082031250000e+00 2.347227096557617188e+00 1.726185798645019531e+00 2.796068906784057617e+00 2.214766979217529297e+00 6.753277182579040527e-01
2.416809082031250000e+00 2.347227096557617188e+00 1.726185798645019531e+00 2.796068906784057617e+00 2.214766979217529297e+00 6.753277182579040527e-01
2.416809082031250000e+00 2.347227096557617188e+00 1.726185798645019531e+00 2.796068906784057617e+00 2.214766979217529297e+00 6.753277182579040527e-01
2.416809082031250000e+00 2.347227096557617188e+00 1.726185798645019531e+00 2.796068906784057617e+00 2.214766979217529297e+00 6.753277182579040527e-01
2.416809082031250000e+00 2.347227096557617188e+00 1.726185798645019531e+00 2.796068906784057617e+00 2.214766979217529297e+00 6.753277182579040527e-01
2.416809082031250000e+00 2.347227096557617188e+00 1.726185798645019531e+00 2.796068906784057617e+00 2.214766979217529297e+00 6.753277182579040527e-01
2.416809082031250000e+00 2.347227096557617188e+00 1.726185798645019531e+00 2.796068906784057617e+00 2.214766979217529297e+00 6.753277182579040527e-01
2.416809082031250000e+00 2.347227096557617188e+00 1.726185798645019531e+00 2.796068906784057617e+00 2.214766979217529297e+00 6.753277182579040527e-01
2.416809082031250000e+00 2.347227096557617188e+00 1.726185798645019531e+00 2.796068906784057617e+00 2.214766979217529297e+00 6.753277182579040527e-01
2.416809082031250000e+00 2.347227096557617188e+00 1.726185798645019531e+00 2.796068906784057617e+00 2.214766979217529297e+00 6.753277182579040527e-01
2.416809082031250000e+00 2.347227096557617188e+00 1.726185798645019531e+00 2.796068906784057617e+00 2.214766979217529297e+00 6.753277182579040527e-01
2.416809082031250000e+00 2.347227096557617188e+00 1.726185798645019531e+00 2.796068906784057617e+00 2.214766979217529297e+00 6.753277182579040527e-01
2.416809082031250000e+00 2.347227096557617188e+00 1.726185798645019531e+00 2.796068906784057617e+00 2.214766979217529297e+00 6.753277182579040527e-01
2.416809082031250000e+00 2.347227096557617188e+00 1.726185798645019531e+00 2.796068906784057617e+00 2.214766979217529297e+00 6.753277182579040527e-01
2.416809082031250000e+00 2.347227096557617188e+00 1.726185798645019531e+00 2.796068906784057617e+00 2.214766979217529297e+00 6.753277182579040527e-01
2.416809082031250000e+00 2.347227096557617188e+00 1.726185798645019531e+00 2.796068906784057617e+00 2.214766979217529297e+00 6.753277182579040527e-01
2.416809082031250000e+00 2.347227096557617188e+00 1.726185798645019531e+00 2.796068906784057617e+00 2.214766979217529297e+00 6.753277182579040527e-01
2.416809082031250000e+00 2.347227096557617188e+00 1.726185798645019531e+00 2.796068906784057617e+00 2.214766979217529297e+00 6.753277182579040527e-01
2.416809082031250000e+00 2.347227096557617188e+00 1.726185798645019531e+00 2.796068906784057617e+00 2.214766979217529297e+00 6.753277182579040527e-01
2.416809082031250000e+00 2.347227096557617188e+00 1.726185798645019531e+00 2.796068906784057617e+00 2.214766979217529297e+00 6.753277182579040527e-01
2.416809082031250000e+00 2.347227096557617188e+00 1.726185798645019531e+00 2.796068906784057617e+00 2.214766979217529297e+00 6.753277182579040527e-01
2.416809082031250000e+00 2.347227096557617188e+00 1.726185798645019531e+00 2.796068906784057617e+00 2.214766979217529297e+00 6.753277182579040527e-01
2.416809082031250000e+00 2.347227096557617188e+00 1.726185798645019531e+00 2.796068906784057617e+00 2.214766979217529297e+00 6.753277182579040527e-01
2.416809082031250000e+00 2.347227096557617188e+00 1.726185798645019531e+00 2.796068906784057617e+00 2.214766979217529297e+00 6.753277182579040527e-01
2.416809082031250000e+00 2.347227096557617188e+00 1.726185798645019531e+00 2.796068906784057617e+00 2.214766979217529297e+00 6.753277182579040527e-01
2.416809082031250000e+00 2.347227096557617188e+00 1.726185798645019531e+00 2.796068906784057617e+00 2.214766979217529297e+00 6.753277182579040527e-01
2.416809082031250000e+00 2.347227096557617188e+00 1.726185798645019531e+00 2.796068906784057617e+00 2.214766979217529297e+00 6.753277182579040527e-01
2.416809082031250000e+00 2.347227096557617188e+00 1.726185798645019531e+00 2.796068906784057617e+00 2.214766979217529297e+00 6.753277182579040527e-01
2.416809082031250000e+00 2.347227096557617188e+00 1.726185798645019531e+00 2.796068906784057617e+00 2.214766979217529297e+00 6.753277182579040527e-01
2.416809082031250000e+00 2.347227096557617188e+00 1.726185798645019531e+00 2.796068906784057617e+00 2.214766979217529297e+00 6.753277182579040527e-01
2.416809082031250000e+00 2.347227096557617188e+00 1.726185798645019531e+00 2.796068906784057617e+00 2.214766979217529297e+00 6.753277182579040527e-01
2.416809082031250000e+00 2.347227096557617188e+00 1.726185798645019531e+00 2.796068906784057617e+00 2.214766979217529297e+00 6.753277182579040527e-01
2.416809082031250000e+00 2.347227096557617188e+00 1.726185798645019531e+00 2.796068906784057617e+00 2.214766979217529297e+00 6.753277182579040527e-01
2.416809082031250000e+00 2.347227096557617188e+00 1.726185798645019531e+00 2.796068906784057617e+00 2.214766979217529297e+00 6.753277182579040527e-01
2.416809082031250000e+00 2.347227096557617188e+00 1.726185798645019531e+00 2.796068906784057617e+00 2.214766979217529297e+00 6.753277182579040527e-01
2.416809082031250000e+00 2.347227096557617188e+00 1.726185798645019531e+00 2.796068906784057617e+00 2.214766979217529297e+00 6.753277182579040527e-01
2.416809082031250000e+00 2.347227096557617188e+00 1.726185798645019531e+00 2.796068906784057617e+00 2.214766979217529297e+00 6.753277182579040527e-01
2.416809082031250000e+00 2.347227096557617188e+00 1.726185798645019531e+00 2.796068906784057617e+00 2.214766979217529297e+00 6.753277182579040527e-01
2.416809082031250000e+00 2.347227096557617188e+00 1.726185798645019531e+00 2.796068906784057617e+00 2.214766979217529297e+00 6.753277182579040527e-01
2.416809082031250000e+00 2.347227096557617188e+00 1.726185798645019531e+00 2.796068906784057617e+00 2.214766979217529297e+00 6.753277182579040527e-01
2.416809082031250000e+00 2.347227096557617188e+00 1.726185798645019531e+00 2.796068906784057617e+00 2.214766979217529297e+00 6.753277182579040527e-01
2.416809082031250000e+00 2.347227096557617188e+00 1.726185798645019531e+00 2.796068906784057617e+00 2.214766979217529297e+00 6.753277182579040527e-01
2.416809082031250000e+00 2.347227096557617188e+00 1.726185798645019531e+00 2.796068906784057617e+00 2.214766979217529297e+00 6.753277182579040527e-01
2.416809082031250000e+00 2.347227096557617188e+00 1.726185798645019531e+00 2.796068906784057617e+00 2.214766979217529297e+00 6.753277182579040527e-01
2.416809082031250000e+00 2.347227096557617188e+00 1.726185798645019531e+00 2.796068906784057617e+00 2.214766979217529297e+00 6.753277182579040527e-01
2.416809082031250000e+00 2.347227096557617188e+00 1.726185798645019531e+00 2.796068906784057617e+00 2.214766979217529297e+00 6.753277182579040527e-01
2.416809082031250000e+00 2.347227096557617188e+00 1.726185798645019531e+00 2.796068906784057617e+00 2.214766979217529297e+00 6.753277182579040527e-01
2.416809082031250000e+00 2.347227096557617188e+00 1.726185798645019531e+00 2.796068906784057617e+00 2.214766979217529297e+00 6.753277182579040527e-01
2.416809082031250000e+00 2.347227096557617188e+00 1.726185798645019531e+00 2.796068906784057617e+00 2.214766979217529297e+00 6.753277182579040527e-01
2.416809082031250000e+00 2.347227096557617188e+00 1.726185798645019531e+00 2.796068906784057617e+00 2.214766979217529297e+00 6.753277182579040527e-01
2.416809082031250000e+00 2.347227096557617188e+00 1.726185798645019531e+00 2.796068906784057617e+00 2.214766979217529297e+00 6.753277182579040527e-01
2.416809082031250000e+00 2.347227096557617188e+00 1.726185798645019531e+00 2.796068906784057617e+00 2.214766979217529297e+00 6.753277182579040527e-01
2.416809082031250000e+00 2.347227096557617188e+00 1.726185798645019531e+00 2.796068906784057617e+00 2.214766979217529297e+00 6.753277182579040527e-01
2.416809082031250000e+00 2.347227096557617188e+00 1.726185798645019531e+00 2.796068906784057617e+00 2.214766979217529297e+00 6.753277182579040527e-01
2.416809082031250000e+00 2.347227096557617188e+00 1.726185798645019531e+00 2.796068906784057617e+00 2.214766979217529297e+00 6.753277182579040527e-01
2.416809082031250000e+00 2.347227096557617188e+00 1.726185798645019531e+00 2.796068906784057617e+00 2.214766979217529297e+00 6.753277182579040527e-01
2.416809082031250000e+00 2.347227096557617188e+00 1.726185798645019531e+00 2.796068906784057617e+00 2.214766979217529297e+00 6.753277182579040527e-01
2.416809082031250000e+00 2.347227096557617188e+00 1.726185798645019531e+00 2.796068906784057617e+00 2.214766979217529297e+00 6.753277182579040527e-01
2.416809082031250000e+00 2.347227096557617188e+00 1.726185798645019531e+00 2.796068906784057617e+00 2.214766979217529297e+00 6.753277182579040527e-01
2.416809082031250000e+00 2.347227096557617188e+00 1.726185798645019531e+00 2.796068906784057617e+00 2.214766979217529297e+00 6.753277182579040527e-01
2.416809082031250000e+00 2.347227096557617188e+00 1.726185798645019531e+00 2.796068906784057617e+00 2.214766979217529297e+00 6.753277182579040527e-01
2.416809082031250000e+00 2.347227096557617188e+00 1.726185798645019531e+00 2.796068906784057617e+00 2.214766979217529297e+00 6.753277182579040527e-01
2.416809082031250000e+00 2.347227096557617188e+00 1.726185798645019531e+00 2.796068906784057617e+00 2.214766979217529297e+00 6.753277182579040527e-01
2.416809082031250000e+00 2.347227096557617188e+00 1.726185798645019531e+00 2.796068906784057617e+00 2.214766979217529297e+00 6.753277182579040527e-01
2.416809082031250000e+00 2.347227096557617188e+00 1.726185798645019531e+00 2.796068906784057617e+00 2.214766979217529297e+00 6.753277182579040527e-01
2.416809082031250000e+00 2.347227096557617188e+00 1.726185798645019531e+00 2.796068906784057617e+00 2.214766979217529297e+00 6.753277182579040527e-01
2.416809082031250000e+00 2.347227096557617188e+00 1.726185798645019531e+00 2.796068906784057617e+00 2.214766979217529297e+00 6.753277182579040527e-01
2.416809082031250000e+00 2.347227096557617188e+00 1.726185798645019531e+00 2.796068906784057617e+00 2.214766979217529297e+00 6.753277182579040527e-01
2.416809082031250000e+00 2.347227096557617188e+00 1.726185798645019531e+00 2.796068906784057617e+00 2.214766979217529297e+00 6.753277182579040527e-01
2.416809082031250000e+00 2.347227096557617188e+00 1.726185798645019531e+00 2.796068906784057617e+00 2.214766979217529297e+00 6.753277182579040527e-01
2.416809082031250000e+00 2.347227096557617188e+00 1.726185798645019531e+00 2.796068906784057617e+00 2.214766979217529297e+00 6.753277182579040527e-01
2.416809082031250000e+00 2.347227096557617188e+00 1.726185798645019531e+00 2.796068906784057617e+00 2.214766979217529297e+00 6.753277182579040527e-01
2.416809082031250000e+00 2.347227096557617188e+00 1.726185798645019531e+00 2.796068906784057617e+00 2.214766979217529297e+00 6.753277182579040527e-01
2.416809082031250000e+00 2.347227096557617188e+00 1.726185798645019531e+00 2.796068906784057617e+00 2.214766979217529297e+00 6.753277182579040527e-01
2.416809082031250000e+00 2.347227096557617188e+00 1.726185798645019531e+00 2.796068906784057617e+00 2.214766979217529297e+00 6.753277182579040527e-01
2.416809082031250000e+00 2.347227096557617188e+00 1.726185798645019531e+00 2.796068906784057617e+00 2.214766979217529297e+00 6.753277182579040527e-01
2.416809082031250000e+00 2.347227096557617188e+00 1.726185798645019531e+00 2.796068906784057617e+00 2.214766979217529297e+00 6.753277182579040527e-01
2.416809082031250000e+00 2.347227096557617188e+00 1.726185798645019531e+00 2.796068906784057617e+00 2.214766979217529297e+00 6.753277182579040527e-01
2.416809082031250000e+00 2.347227096557617188e+00 1.726185798645019531e+00 2.796068906784057617e+00 2.214766979217529297e+00 6.753277182579040527e-01
2.416809082031250000e+00 2.347227096557617188e+00 1.726185798645019531e+00 2.796068906784057617e+00 2.214766979217529297e+00 6.753277182579040527e-01
2.416809082031250000e+00 2.347227096557617188e+00 1.726185798645019531e+00 2.796068906784057617e+00 2.214766979217529297e+00 6.753277182579040527e-01
2.416809082031250000e+00 2.347227096557617188e+00 1.726185798645019531e+00 2.796068906784057617e+00 2.214766979217529297e+00 6.753277182579040527e-01
2.416809082031250000e+00 2.347227096557617188e+00 1.726185798645019531e+00 2.796068906784057617e+00 2.214766979217529297e+00 6.753277182579040527e-01
