0.000000000000000000e+00 0.000000000000000000e+00 0.000000000000000000e+00 0.000000000000000000e+00 0.000000000000000000e+00 0.000000000000000000e+00
0.000000000000000000e+00 0.000000000000000000e+00 0.000000000000000000e+00 0.000000000000000000e+00 0.000000000000000000e+00 0.000000000000000000e+00
0.000000000000000000e+00 0.000000000000000000e+00 0.000000000000000000e+00 0.000000000000000000e+00 0.000000000000000000e+00 0.000000000000000000e+00
0.000000000000000000e+00 0.000000000000000000e+00 0.000000000000000000e+00 0.000000000000000000e+00 0.000000000000000000e+00 0.000000000000000000e+00
0.000000000000000000e+00 0.000000000000000000e+00 0.000000000000000000e+00 0.000000000000000000e+00 0.000000000000000000e+00 0.000000000000000000e+00
0.000000000000000000e+00 0.000000000000000000e+00 0.000000000000000000e+00 0.000000000000000000e+00 0.000000000000000000e+00 0.000000000000000000e+00
0.000000000000000000e+00 0.000000000000000000e+00 0.000000000000000000e+00 0.000000000000000000e+00 0.000000000000000000e+00 0.000000000000000000e+00
0.000000000000000000e+00 0.000000000000000000e+00 0.000000000000000000e+00 0.000000000000000000e+00 0.000000000000000000e+00 0.000000000000000000e+00
0.000000000000000000e+00 0.000000000000000000e+00 0.000000000000000000e+00 0.000000000000000000e+00 0.000000000000000000e+00 0.000000000000000000e+00
0.000000000000000000e+00 0.000000000000000000e+00 0.000000000000000000e+00 0.000000000000000000e+00 0.000000000000000000e+00 0.000000000000000000e+00
0.000000000000000000e+00 0.000000000000000000e+00 0.000000000000000000e+00 0.000000000000000000e+00 0.000000000000000000e+00 0.000000000000000000e+00
0.000000000000000000e+00 0.000000000000000000e+00 0.000000000000000000e+00 0.000000000000000000e+00 0.000000000000000000e+00 0.000000000000000000e+00
0.000000000000000000e+00 0.000000000000000000e+00 0.000000000000000000e+00 0.000000000000000000e+00 0.000000000000000000e+00 0.000000000000000000e+00
0.000000000000000000e+00 0.000000000000000000e+00 0.000000000000000000e+00 0.000000000000000000e+00 0.000000000000000000e+00 0.000000000000000000e+00
0.000000000000000000e+00 0.000000000000000000e+00 0.000000000000000000e+00 0.000000000000000000e+00 0.000000000000000000e+00 0.000000000000000000e+00
0.000000000000000000e+00 0.000000000000000000e+00 0.000000000000000000e+00 0.000000000000000000e+00 0.000000000000000000e+00 0.000000000000000000e+00
0.000000000000000000e+00 0.000000000000000000e+00 0.000000000000000000e+00 0.000000000000000000e+00 0.000000000000000000e+00 0.000000000000000000e+00
0.000000000000000000e+00 0.000000000000000000e+00 0.000000000000000000e+00 0.000000000000000000e+00 0.000000000000000000e+00 0.000000000000000000e+00
0.000000000000000000e+00 0.000000000000000000e+00 0.000000000000000000e+00 0.000000000000000000e+00 0.000000000000000000e+00 0.000000000000000000e+00
0.000000000000000000e+00 0.000000000000000000e+00 0.000000000000000000e+00 0.000000000000000000e+00 0.000000000000000000e+00 0.000000000000000000e+00
0.000000000000000000e+00 0.000000000000000000e+00 0.000000000000000000e+00 0.000000000000000000e+00 0.000000000000000000e+00 0.000000000000000000e+00
0.000000000000000000e+00 0.000000000000000000e+00 0.000000000000000000e+00 0.000000000000000000e+00 0.000000000000000000e+00 0.000000000000000000e+00
0.000000000000000000e+00 0.000000000000000000e+00 0.000000000000000000e+00 0.000000000000000000e+00 0.000000000000000000e+00 0.000000000000000000e+00
0.000000000000000000e+00 0.000000000000000000e+00 0.000000000000000000e+00 0.000000000000000000e+00 0.000000000000000000e+00 0.000000000000000000e+00
0.000000000000000000e+00 0.000000000000000000e+00 0.000000000000000000e+00 0.000000000000000000e+00 0.000000000000000000e+00 0.000000000000000000e+00
0.000000000000000000e+00 0.000000000000000000e+00 0.000000000000000000e+00 0.000000000000000000e+00 0.000000000000000000e+00 0.000000000000000000e+00
0.000000000000000000e+00 0.000000000000000000e+00 0.000000000000000000e+00 0.000000000000000000e+00 0.000000000000000000e+00 0.000000000000000000e+00
0.000000000000000000e+00 0.000000000000000000e+00 0.000000000000000000e+00 0.000000000000000000e+00 0.000000000000000000e+00 0.000000000000000000e+00
0.000000000000000000e+00 0.000000000000000000e+00 0.000000000000000000e+00 0.000000000000000000e+00 0.000000000000000000e+00 0.000000000000000000e+00
0.000000000000000000e+00 0.000000000000000000e+00 0.000000000000000000e+00 0.000000000000000000e+00 0.000000000000000000e+00 0.000000000000000000e+00
0.000000000000000000e+00 0.000000000000000000e+00 0.000000000000000000e+00 0.000000000000000000e+00 0.000000000000000000e+00 0.000000000000000000e+00
0.000000000000000000e+00 0.000000000000000000e+00 0.000000000000000000e+00 0.000000000000000000e+00 0.000000000000000000e+00 0.000000000000000000e+00
0.000000000000000000e+00 0.000000000000000000e+00 0.000000000000000000e+00 0.000000000000000000e+00 0.000000000000000000e+00 0.000000000000000000e+00
0.000000000000000000e+00 0.000000000000000000e+00 0.000000000000000000e+00 0.000000000000000000e+00 0.000000000000000000e+00 0.000000000000000000e+00
0.000000000000000000e+00 0.000000000000000000e+00 0.000000000000000000e+00 0.000000000000000000e+00 0.000000000000000000e+00 0.000000000000000000e+00
0.000000000000000000e+00 0.000000000000000000e+00 0.000000000000000000e+00 0.000000000000000000e+00 0.000000000000000000e+00 0.000000000000000000e+00
0.000000000000000000e+00 0.000000000000000000e+00 0.000000000000000000e+00 0.000000000000000000e+00 0.000000000000000000e+00 0.000000000000000000e+00
0.000000000000000000e+00 0.000000000000000000e+00 0.000000000000000000e+00 0.000000000000000000e+00 0.000000000000000000e+00 0.000000000000000000e+00
0.000000000000000000e+00 0.000000000000000000e+00 0.000000000000000000e+00 0.000000000000000000e+00 0.000000000000000000e+00 0.000000000000000000e+00
0.000000000000000000e+00 0.000000000000000000e+00 0.000000000000000000e+00 0.000000000000000000e+00 0.000000000000000000e+00 0.000000000000000000e+00
0.000000000000000000e+00 0.000000000000000000e+00 0.000000000000000000e+00 0.000000000000000000e+00 0.000000000000000000e+00 0.000000000000000000e+00
0.000000000000000000e+00 0.000000000000000000e+00 0.000000000000000000e+00 0.000000000000000000e+00 0.000000000000000000e+00 0.000000000000000000e+00
0.000000000000000000e+00 0.000000000000000000e+00 0.000000000000000000e+00 0.000000000000000000e+00 0.000000000000000000e+00 0.000000000000000000e+00
0.000000000000000000e+00 0.000000000000000000e+00 0.000000000000000000e+00 0.000000000000000000e+00 0.000000000000000000e+00 0.000000000000000000e+00
0.000000000000000000e+00 0.000000000000000000e+00 0.000000000000000000e+00 0.000000000000000000e+00 0.000000000000000000e+00 0.000000000000000000e+00
0.000000000000000000e+00 0.000000000000000000e+00 0.000000000000000000e+00 0.000000000000000000e+00 0.000000000000000000e+00 0.000000000000000000e+00
0.000000000000000000e+00 0.000000000000000000e+00 0.000000000000000000e+00 0.000000000000000000e+00 0.000000000000000000e+00 0.000000000000000000e+00
0.000000000000000000e+00 0.000000000000000000e+00 0.000000000000000000e+00 0.000000000000000000e+00 0.000000000000000000e+00 0.000000000000000000e+00
0.000000000000000000e+00 0.000000000000000000e+00 0.000000000000000000e+00 0.000000000000000000e+00 0.000000000000000000e+00 0.000000000000000000e+00
0.000000000000000000e+00 0.000000000000000000e+00 0.000000000000000000e+00 0.000000000000000000e+00 0.000000000000000000e+00 0.000000000000000000e+00
0.000000000000000000e+00 0.000000000000000000e+00 0.000000000000000000e+00 0.000000000000000000e+00 0.000000000000000000e+00 0.000000000000000000e+00
0.000000000000000000e+00 0.000000000000000000e+00 0.000000000000000000e+00 0.000000000000000000e+00 0.000000000000000000e+00 0.000000000000000000e+00
0.000000000000000000e+00 0.000000000000000000e+00 0.000000000000000000e+00 0.000000000000000000e+00 0.000000000000000000e+00 0.000000000000000000e+00
0.000000000000000000e+00 0.000000000000000000e+00 0.000000000000000000e+00 0.000000000000000000e+00 0.000000000000000000e+00 0.000000000000000000e+00
0.000000000000000000e+00 0.000000000000000000e+00 0.000000000000000000e+00 0.000000000000000000e+00 0.000000000000000000e+00 0.000000000000000000e+00
0.000000000000000000e+00 0.000000000000000000e+00 0.000000000000000000e+00 0.000000000000000000e+00 0.000000000000000000e+00 0.000000000000000000e+00
0.000000000000000000e+00 0.000000000000000000e+00 0.000000000000000000e+00 0.000000000000000000e+00 0.000000000000000000e+00 0.000000000000000000e+00
0.000000000000000000e+00 0.000000000000000000e+00 0.000000000000000000e+00 0.000000000000000000e+00 0.000000000000000000e+00 0.000000000000000000e+00
0.000000000000000000e+00 0.000000000000000000e+00 0.000000000000000000e+00 0.000000000000000000e+00 0.000000000000000000e+00 0.000000000000000000e+00
0.000000000000000000e+00 0.000000000000000000e+00 0.000000000000000000e+00 0.000000000000000000e+00 0.000000000000000000e+00 0.000000000000000000e+00
0.000000000000000000e+00 0.000000000000000000e+00 0.000000000000000000e+00 0.000000000000000000e+00 0.000000000000000000e+00 0.000000000000000000e+00
0.000000000000000000e+00 0.000000000000000000e+00 0.000000000000000000e+00 0.000000000000000000e+00 0.000000000000000000e+00 0.000000000000000000e+00
0.000000000000000000e+00 0.000000000000000000e+00 0.000000000000000000e+00 0.000000000000000000e+00 0.000000000000000000e+00 0.000000000000000000e+00
0.000000000000000000e+00 0.000000000000000000e+00 0.000000000000000000e+00 0.000000000000000000e+00 0.000000000000000000e+00 0.000000000000000000e+00
0.000000000000000000e+00 0.000000000000000000e+00 0.000000000000000000e+00 0.000000000000000000e+00 0.000000000000000000e+00 0.000000000000000000e+00
0.000000000000000000e+00 0.000000000000000000e+00 0.000000000000000000e+00 0.000000000000000000e+00 0.000000000000000000e+00 0.000000000000000000e+00
0.000000000000000000e+00 0.000000000000000000e+00 0.000000000000000000e+00 0.000000000000000000e+00 0.000000000000000000e+00 0.000000000000000000e+00
0.000000000000000000e+00 0.000000000000000000e+00 0.000000000000000000e+00 0.000000000000000000e+00 0.000000000000000000e+00 0.000000000000000000e+00
0.000000000000000000e+00 0.000000000000000000e+00 0.000000000000000000e+00 0.000000000000000000e+00 0.000000000000000000e+00 0.000000000000000000e+00
0.000000000000000000e+00 0.000000000000000000e+00 0.000000000000000000e+00 0.000000000000000000e+00 0.000000000000000000e+00 0.000000000000000000e+00
0.000000000000000000e+00 0.000000000000000000e+00 0.000000000000000000e+00 0.000000000000000000e+00 0.000000000000000000e+00 0.000000000000000000e+00
0.000000000000000000e+00 0.000000000000000000e+00 0.000000000000000000e+00 0.000000000000000000e+00 0.000000000000000000e+00 0.000000000000000000e+00
0.000000000000000000e+00 0.000000000000000000e+00 0.000000000000000000e+00 0.000000000000000000e+00 0.000000000000000000e+00 0.000000000000000000e+00
0.000000000000000000e+00 0.000000000000000000e+00 0.000000000000000000e+00 0.000000000000000000e+00 0.000000000000000000e+00 0.000000000000000000e+00
0.000000000000000000e+00 0.000000000000000000e+00 0.000000000000000000e+00 0.000000000000000000e+00 0.000000000000000000e+00 0.000000000000000000e+00
0.000000000000000000e+00 0.000000000000000000e+00 0.000000000000000000e+00 0.000000000000000000e+00 0.000000000000000000e+00 0.000000000000000000e+00
0.000000000000000000e+00 0.000000000000000000e+00 0.000000000000000000e+00 0.000000000000000000e+00 0.000000000000000000e+00 0.000000000000000000e+00
0.000000000000000000e+00 0.000000000000000000e+00 0.000000000000000000e+00 0.000000000000000000e+00 0.000000000000000000e+00 0.000000000000000000e+00
0.000000000000000000e+00 0.000000000000000000e+00 0.000000000000000000e+00 0.000000000000000000e+00 0.000000000000000000e+00 0.000000000000000000e+00
0.000000000000000000e+00 0.000000000000000000e+00 0.000000000000000000e+00 0.000000000000000000e+00 0.000000000000000000e+00 0.000000000000000000e+00
0.000000000000000000e+00 0.000000000000000000e+00 0.000000000000000000e+00 0.000000000000000000e+00 0.000000000000000000e+00 0.000000000000000000e+00
0.000000000000000000e+00 0.000000000000000000e+00 0.000000000000000000e+00 0.000000000000000000e+00 0.000000000000000000e+00 0.000000000000000000e+00
0.000000000000000000e+00 0.000000000000000000e+00 0.000000000000000000e+00 0.000000000000000000e+00 0.000000000000000000e+00 0.000000000000000000e+00
0.000000000000000000e+00 0.000000000000000000e+00 0.000000000000000000e+00 0.000000000000000000e+00 0.000000000000000000e+00 0.000000000000000000e+00
0.000000000000000000e+00 0.000000000000000000e+00 0.000000000000000000e+00 0.000000000000000000e+00 0.000000000000000000e+00 0.000000000000000000e+00
0.000000000000000000e+00 0.000000000000000000e+00 0.000000000000000000e+00 0.000000000000000000e+00 0.000000000000000000e+00 0.000000000000000000e+00
0.000000000000000000e+00 0.000000000000000000e+00 0.000000000000000000e+00 0.000000000000000000e+00 0.000000000000000000e+00 0.000000000000000000e+00
0.000000000000000000e+00 0.000000000000000000e+00 0.000000000000000000e+00 0.000000000000000000e+00 0.000000000000000000e+00 0.000000000000000000e+00
0.000000000000000000e+00 0.000000000000000000e+00 0.000000000000000000e+00 0.000000000000000000e+00 0.000000000000000000e+00 0.000000000000000000e+00
0.000000000000000000e+00 0.000000000000000000e+00 0.000000000000000000e+00 0.000000000000000000e+00 0.000000000000000000e+00 0.000000000000000000e+00
0.000000000000000000e+00 0.000000000000000000e+00 0.000000000000000000e+00 0.000000000000000000e+00 0.000000000000000000e+00 0.000000000000000000e+00
0.000000000000000000e+00 0.000000000000000000e+00 0.000000000000000000e+00 0.000000000000000000e+00 0.000000000000000000e+00 0.000000000000000000e+00
0.000000000000000000e+00 0.000000000000000000e+00 0.000000000000000000e+00 0.000000000000000000e+00 0.000000000000000000e+00 0.000000000000000000e+00
0.000000000000000000e+00 0.000000000000000000e+00 0.000000000000000000e+00 0.000000000000000000e+00 0.000000000000000000e+00 0.000000000000000000e+00
0.000000000000000000e+00 0.000000000000000000e+00 0.000000000000000000e+00 0.000000000000000000e+00 0.000000000000000000e+00 0.000000000000000000e+00
0.000000000000000000e+00 0.000000000000000000e+00 0.000000000000000000e+00 0.000000000000000000e+00 0.000000000000000000e+00 0.000000000000000000e+00
0.000000000000000000e+00 0.000000000000000000e+00 0.000000000000000000e+00 0.000000000000000000e+00 0.000000000000000000e+00 0.000000000000000000e+00
0.000000000000000000e+00 0.000000000000000000e+00 0.000000000000000000e+00 0.000000000000000000e+00 0.000000000000000000e+00 0.000000000000000000e+00
0.000000000000000000e+00 0.000000000000000000e+00 0.000000000000000000e+00 0.000000000000000000e+00 0.000000000000000000e+00 0.000000000000000000e+00
0.000000000000000000e+00 0.000000000000000000e+00 0.000000000000000000e+00 0.000000000000000000e+00 0.000000000000000000e+00 0.000000000000000000e+00
0.000000000000000000e+00 0.000000000000000000e+00 0.000000000000000000e+00 0.000000000000000000e+00 0.000000000000000000e+00 0.000000000000000000e+00
9.420375525951385498e-02 8.697419613599777222e-02 8.337509632110595703e-02 8.830381184816360474e-02 3.746414184570312500e-02 2.107204124331474304e-02
1.884075105190277100e-01 1.739483922719955444e-01 1.667501926422119141e-01 1.766076236963272095e-01 7.492828369140625000e-02 4.214408248662948608e-02
2.826112508773803711e-01 2.609225809574127197e-01 2.501252889633178711e-01 2.649114429950714111e-01 1.123924255371093750e-01 6.321612745523452759e-02
3.768150210380554199e-01 3.478967845439910889e-01 3.335003852844238281e-01 3.532152473926544189e-01 1.498565673828125000e-01 8.428816497325897217e-02
4.710187613964080811e-01 4.348709881305694580e-01 4.168754816055297852e-01 4.415190517902374268e-01 1.873207092285156250e-01 1.053602099418640137e-01
5.652225017547607422e-01 5.218451619148254395e-01 5.002505779266357422e-01 5.298228859901428223e-01 2.247848510742187500e-01 1.264322549104690552e-01
6.594262719154357910e-01 6.088193655014038086e-01 5.836256742477416992e-01 6.181266903877258301e-01 2.622489929199218750e-01 1.475042849779129028e-01
7.536300420761108398e-01 6.957935690879821777e-01 6.670007705688476562e-01 7.064304947853088379e-01 2.997131347656250000e-01 1.685763299465179443e-01
8.478337526321411133e-01 7.827677726745605469e-01 7.503758668899536133e-01 7.947342991828918457e-01 3.371772766113281250e-01 1.896483749151229858e-01
9.420375227928161621e-01 8.697419762611389160e-01 8.337509632110595703e-01 8.830381035804748535e-01 3.746414184570312500e-01 2.107204198837280273e-01
1.036241292953491211e+00 9.567161798477172852e-01 9.171260595321655273e-01 9.713419675827026367e-01 4.121055603027343750e-01 2.317924648523330688e-01
1.130445003509521484e+00 1.043690323829650879e+00 1.000501155853271484e+00 1.059645771980285645e+00 4.495697021484375000e-01 2.528645098209381104e-01
1.224648833274841309e+00 1.130664587020874023e+00 1.083876252174377441e+00 1.147949576377868652e+00 4.870338439941406250e-01 2.739365398883819580e-01
1.318852543830871582e+00 1.217638731002807617e+00 1.167251348495483398e+00 1.236253380775451660e+00 5.244979858398437500e-01 2.950085699558258057e-01
1.413056254386901855e+00 1.304612994194030762e+00 1.250626444816589355e+00 1.324557185173034668e+00 5.619621276855468750e-01 3.160806298255920410e-01
1.507260084152221680e+00 1.391587138175964355e+00 1.334001541137695312e+00 1.412860989570617676e+00 5.994262695312500000e-01 3.371526598930358887e-01
1.601463794708251953e+00 1.478561401367187500e+00 1.417376637458801270e+00 1.501164793968200684e+00 6.368904113769531250e-01 3.582247197628021240e-01
1.695667505264282227e+00 1.565535545349121094e+00 1.500751733779907227e+00 1.589468598365783691e+00 6.743545532226562500e-01 3.792967498302459717e-01
1.789871335029602051e+00 1.652509808540344238e+00 1.584126830101013184e+00 1.677772402763366699e+00 7.118186950683593750e-01 4.003687798976898193e-01
1.884075045585632324e+00 1.739483952522277832e+00 1.667501926422119141e+00 1.766076207160949707e+00 7.492828369140625000e-01 4.214408397674560547e-01
1.978278875350952148e+00 1.826458215713500977e+00 1.750877022743225098e+00 1.854380011558532715e+00 7.867469787597656250e-01 4.425128698348999023e-01
2.072482585906982422e+00 1.913432359695434570e+00 1.834252119064331055e+00 1.942683935165405273e+00 8.242111206054687500e-01 4.635849297046661377e-01
2.166686296463012695e+00 2.000406503677368164e+00 1.917627215385437012e+00 2.030987739562988281e+00 8.616752624511718750e-01 4.846569597721099854e-01
2.260890007019042969e+00 2.087380647659301758e+00 2.001002311706542969e+00 2.119291543960571289e+00 8.991394042968750000e-01 5.057290196418762207e-01
2.355093717575073242e+00 2.174355030059814453e+00 2.084377527236938477e+00 2.207595348358154297e+00 9.366035461425781250e-01 5.268010497093200684e-01
2.449297666549682617e+00 2.261329174041748047e+00 2.167752504348754883e+00 2.295899152755737305e+00 9.740676879882812500e-01 5.478730797767639160e-01
2.543501377105712891e+00 2.348303318023681641e+00 2.251127719879150391e+00 2.384202957153320312e+00 1.011531829833984375e+00 5.689451098442077637e-01
2.637705087661743164e+00 2.435277462005615234e+00 2.334502696990966797e+00 2.472506761550903320e+00 1.048995971679687500e+00 5.900171399116516113e-01
2.731908798217773438e+00 2.522251844406127930e+00 2.417877912521362305e+00 2.560810565948486328e+00 1.086460113525390625e+00 6.110892295837402344e-01
2.826112508773803711e+00 2.609225988388061523e+00 2.501252889633178711e+00 2.649114370346069336e+00 1.123924255371093750e+00 6.321612596511840820e-01
2.819564104080200195e+00 2.543466091156005859e+00 2.477525234222412109e+00 2.634023904800415039e+00 1.107910513877868652e+00 7.071067690849304199e-01
2.813015699386596680e+00 2.477706193923950195e+00 2.453797578811645508e+00 2.618933439254760742e+00 1.091896772384643555e+00 7.820522189140319824e-01
2.806467056274414062e+00 2.411946535110473633e+00 2.430069923400878906e+00 2.603842735290527344e+00 1.075883150100708008e+00 8.569977283477783203e-01
2.799918651580810547e+00 2.346186637878417969e+00 2.406342267990112305e+00 2.588752269744873047e+00 1.059869408607482910e+00 9.319432377815246582e-01
2.793370246887207031e+00 2.280426740646362305e+00 2.382614612579345703e+00 2.573661804199218750e+00 1.043855667114257812e+00 1.006888747215270996e+00
2.786821603775024414e+00 2.214666843414306641e+00 2.358886957168579102e+00 2.558571338653564453e+00 1.027842044830322266e+00 1.081834197044372559e+00
2.780273199081420898e+00 2.148906946182250977e+00 2.335159301757812500e+00 2.543480873107910156e+00 1.011828303337097168e+00 1.156779766082763672e+00
2.773724555969238281e+00 2.083147287368774414e+00 2.311431646347045898e+00 2.528390407562255859e+00 9.958145618438720703e-01 1.231725215911865234e+00
2.767176151275634766e+00 2.017387390136718750e+00 2.287703990936279297e+00 2.513299703598022461e+00 9.798008799552917480e-01 1.306670784950256348e+00
2.760627746582031250e+00 1.951627492904663086e+00 2.263976335525512695e+00 2.498209238052368164e+00 9.637871384620666504e-01 1.381616234779357910e+00
2.754079103469848633e+00 1.885867595672607422e+00 2.240248680114746094e+00 2.483118772506713867e+00 9.477734565734863281e-01 1.456561684608459473e+00
2.747530698776245117e+00 1.820107817649841309e+00 2.216520786285400391e+00 2.468028306961059570e+00 9.317597746849060059e-01 1.531507253646850586e+00
2.740982294082641602e+00 1.754347920417785645e+00 2.192793130874633789e+00 2.452937841415405273e+00 9.157460331916809082e-01 1.606452703475952148e+00
2.734433650970458984e+00 1.688588142395019531e+00 2.169065475463867188e+00 2.437847137451171875e+00 8.997323513031005859e-01 1.681398272514343262e+00
2.727885246276855469e+00 1.622828245162963867e+00 2.145337820053100586e+00 2.422756671905517578e+00 8.837186098098754883e-01 1.756343722343444824e+00
2.721336841583251953e+00 1.557068467140197754e+00 2.121610164642333984e+00 2.407666206359863281e+00 8.677049279212951660e-01 1.831289172172546387e+00
2.714788198471069336e+00 1.491308569908142090e+00 2.097882509231567383e+00 2.392575740814208984e+00 8.516912460327148438e-01 1.906234741210937500e+00
2.708239793777465820e+00 1.425548672676086426e+00 2.074154853820800781e+00 2.377485275268554688e+00 8.356775045394897461e-01 1.981180191040039062e+00
2.701691150665283203e+00 1.359788894653320312e+00 2.050427198410034180e+00 2.362394809722900391e+00 8.196638226509094238e-01 2.056125640869140625e+00
2.695142745971679688e+00 1.294028997421264648e+00 2.026699542999267578e+00 2.347304105758666992e+00 8.036500811576843262e-01 2.131071329116821289e+00
2.688594341278076172e+00 1.228269219398498535e+00 2.002971887588500977e+00 2.332213640213012695e+00 7.876363992691040039e-01 2.206016778945922852e+00
2.682045698165893555e+00 1.162509322166442871e+00 1.979244232177734375e+00 2.317123174667358398e+00 7.716227173805236816e-01 2.280962228775024414e+00
2.675497293472290039e+00 1.096749544143676758e+00 1.955516576766967773e+00 2.302032709121704102e+00 7.556089758872985840e-01 2.355907678604125977e+00
2.668948888778686523e+00 1.030989646911621094e+00 1.931788921356201172e+00 2.286942243576049805e+00 7.395952939987182617e-01 2.430853128433227539e+00
2.662400245666503906e+00 9.652298092842102051e-01 1.908061265945434570e+00 2.271851539611816406e+00 7.235815525054931641e-01 2.505798816680908203e+00
2.655851840972900391e+00 8.994699716567993164e-01 1.884333610534667969e+00 2.256761074066162109e+00 7.075678706169128418e-01 2.580744266510009766e+00
2.649303436279296875e+00 8.337101340293884277e-01 1.860605955123901367e+00 2.241670608520507812e+00 6.915541291236877441e-01 2.655689716339111328e+00
2.642754793167114258e+00 7.679502367973327637e-01 1.836878180503845215e+00 2.226580142974853516e+00 6.755404472351074219e-01 2.730635166168212891e+00
2.636206388473510742e+00 7.021903991699218750e-01 1.813150525093078613e+00 2.211489677429199219e+00 6.595267653465270996e-01 2.805580615997314453e+00
2.629657745361328125e+00 6.364305615425109863e-01 1.789422869682312012e+00 2.196399211883544922e+00 6.435130238533020020e-01 2.880526304244995117e+00
2.605628967285156250e+00 6.227039694786071777e-01 1.740854263305664062e+00 2.221087455749511719e+00 7.005747556686401367e-01 2.840763568878173828e+00
2.581600189208984375e+00 6.089773774147033691e-01 1.692285537719726562e+00 2.245775699615478516e+00 7.576364278793334961e-01 2.801001071929931641e+00
2.557571411132812500e+00 5.952507257461547852e-01 1.643716931343078613e+00 2.270464181900024414e+00 8.146981000900268555e-01 2.761238336563110352e+00
2.533542633056640625e+00 5.815241336822509766e-01 1.595148205757141113e+00 2.295152425765991211e+00 8.717597723007202148e-01 2.721475601196289062e+00
2.509513854980468750e+00 5.677975416183471680e-01 1.546579599380493164e+00 2.319840908050537109e+00 9.288215041160583496e-01 2.681713104248046875e+00
2.485485076904296875e+00 5.540709495544433594e-01 1.498010993003845215e+00 2.344529151916503906e+00 9.858831763267517090e-01 2.641950368881225586e+00
2.461456298828125000e+00 5.403443574905395508e-01 1.449442267417907715e+00 2.369217634201049805e+00 1.042944908142089844e+00 2.602187871932983398e+00
2.437427520751953125e+00 5.266177058219909668e-01 1.400873661041259766e+00 2.393905878067016602e+00 1.100006580352783203e+00 2.562425136566162109e+00
2.413398742675781250e+00 5.128911137580871582e-01 1.352304935455322266e+00 2.418594121932983398e+00 1.157068252563476562e+00 2.522662639617919922e+00
2.389369964599609375e+00 4.991645216941833496e-01 1.303736329078674316e+00 2.443282604217529297e+00 1.214129924774169922e+00 2.482899904251098633e+00
2.365341186523437500e+00 4.854379296302795410e-01 1.255167603492736816e+00 2.467970848083496094e+00 1.271191596984863281e+00 2.443137407302856445e+00
2.341312408447265625e+00 4.717113077640533447e-01 1.206598997116088867e+00 2.492659330368041992e+00 1.328253269195556641e+00 2.403374671936035156e+00
2.317283630371093750e+00 4.579847157001495361e-01 1.158030271530151367e+00 2.517347574234008789e+00 1.385315060615539551e+00 2.363612174987792969e+00
2.293254852294921875e+00 4.442580938339233398e-01 1.109461665153503418e+00 2.542036056518554688e+00 1.442376732826232910e+00 2.323849439620971680e+00
2.269226074218750000e+00 4.305315017700195312e-01 1.060892939567565918e+00 2.566724300384521484e+00 1.499438405036926270e+00 2.284086942672729492e+00
2.245197296142578125e+00 4.168048799037933350e-01 1.012324333190917969e+00 2.591412544250488281e+00 1.556500077247619629e+00 2.244324207305908203e+00
2.221168518066406250e+00 4.030782878398895264e-01 9.637556672096252441e-01 2.616101026535034180e+00 1.613561749458312988e+00 2.204561710357666016e+00
2.197139739990234375e+00 3.893516659736633301e-01 9.151870012283325195e-01 2.640789270401000977e+00 1.670623421669006348e+00 2.164798974990844727e+00
2.173110961914062500e+00 3.756250739097595215e-01 8.666183352470397949e-01 2.665477752685546875e+00 1.727685093879699707e+00 2.125036478042602539e+00
2.149082183837890625e+00 3.618984818458557129e-01 8.180496692657470703e-01 2.690165996551513672e+00 1.784746885299682617e+00 2.085273742675781250e+00
2.125053405761718750e+00 3.481718599796295166e-01 7.694810032844543457e-01 2.714854478836059570e+00 1.841808557510375977e+00 2.045511245727539062e+00
2.101024627685546875e+00 3.344452679157257080e-01 7.209123969078063965e-01 2.739542722702026367e+00 1.898870229721069336e+00 2.005748510360717773e+00
2.076995849609375000e+00 3.207186460494995117e-01 6.723437309265136719e-01 2.764231204986572266e+00 1.955931901931762695e+00 1.965985894203186035e+00
2.052967071533203125e+00 3.069920539855957031e-01 6.237750649452209473e-01 2.788919448852539062e+00 2.012993574142456055e+00 1.926223278045654297e+00
2.028938293457031250e+00 2.932654321193695068e-01 5.752063989639282227e-01 2.813607692718505859e+00 2.070055246353149414e+00 1.886460661888122559e+00
2.004909515380859375e+00 2.795388400554656982e-01 5.266377329826354980e-01 2.838296175003051758e+00 2.127116918563842773e+00 1.846698045730590820e+00
1.980880618095397949e+00 2.658122479915618896e-01 4.780690670013427734e-01 2.862984418869018555e+00 2.184178590774536133e+00 1.806935429573059082e+00
1.956851840019226074e+00 2.520856261253356934e-01 4.295004010200500488e-01 2.887672901153564453e+00 2.241240262985229492e+00 1.767172813415527344e+00
1.932823061943054199e+00 2.383590191602706909e-01 3.809317350387573242e-01 2.912361145019531250e+00 2.298301935195922852e+00 1.727410197257995605e+00
1.908794283866882324e+00 2.246324270963668823e-01 3.323630690574645996e-01 2.937049627304077148e+00 2.355363845825195312e+00 1.687647581100463867e+00
1.899749398231506348e+00 3.066161572933197021e-01 3.274242579936981201e-01 2.841049194335937500e+00 2.367643594741821289e+00 1.717449545860290527e+00
1.890704512596130371e+00 3.885998725891113281e-01 3.224854469299316406e-01 2.745048761367797852e+00 2.379923582077026367e+00 1.747251629829406738e+00
1.881659507751464844e+00 4.705835878849029541e-01 3.175466358661651611e-01 2.649048566818237305e+00 2.392203569412231445e+00 1.777053594589233398e+00
1.872614622116088867e+00 5.525673031806945801e-01 3.126078248023986816e-01 2.553048133850097656e+00 2.404483318328857422e+00 1.806855559349060059e+00
1.863569736480712891e+00 6.345510482788085938e-01 3.076690137386322021e-01 2.457047939300537109e+00 2.416763305664062500e+00 1.836657524108886719e+00
1.854524850845336914e+00 7.165347933769226074e-01 3.027302026748657227e-01 2.361047506332397461e+00 2.429043292999267578e+00 1.866459608078002930e+00
1.845479965209960938e+00 7.985184788703918457e-01 2.977913916110992432e-01 2.265047311782836914e+00 2.441323041915893555e+00 1.896261572837829590e+00
1.836434960365295410e+00 8.805022239685058594e-01 2.928525805473327637e-01 2.169046878814697266e+00 2.453603029251098633e+00 1.926063537597656250e+00
1.827390074729919434e+00 9.624859690666198730e-01 2.879137694835662842e-01 2.073046445846557617e+00 2.465883016586303711e+00 1.955865502357482910e+00
1.818345189094543457e+00 1.044469714164733887e+00 2.829749584197998047e-01 1.977046251296997070e+00 2.478162765502929688e+00 1.985667586326599121e+00
1.809300303459167480e+00 1.126453399658203125e+00 2.780361473560333252e-01 1.881045937538146973e+00 2.490442752838134766e+00 2.015469551086425781e+00
1.800255298614501953e+00 1.208437085151672363e+00 2.730973362922668457e-01 1.785045623779296875e+00 2.502722740173339844e+00 2.045271635055541992e+00
1.791210412979125977e+00 1.290420889854431152e+00 2.681585252285003662e-01 1.689045190811157227e+00 2.515002727508544922e+00 2.075073480606079102e+00
1.782165527343750000e+00 1.372404575347900391e+00 2.632197141647338867e-01 1.593044877052307129e+00 2.527282476425170898e+00 2.104875564575195312e+00
1.773120641708374023e+00 1.454388260841369629e+00 2.582809031009674072e-01 1.497044563293457031e+00 2.539562463760375977e+00 2.134677410125732422e+00
1.764075756072998047e+00 1.536372065544128418e+00 2.533420920372009277e-01 1.401044249534606934e+00 2.551842451095581055e+00 2.164479494094848633e+00
1.755030751228332520e+00 1.618355751037597656e+00 2.484032660722732544e-01 1.305043935775756836e+00 2.564122200012207031e+00 2.194281578063964844e+00
1.745985865592956543e+00 1.700339436531066895e+00 2.434644550085067749e-01 1.209043622016906738e+00 2.576402187347412109e+00 2.224083423614501953e+00
1.736940979957580566e+00 1.782323241233825684e+00 2.385256439447402954e-01 1.113043308258056641e+00 2.588682174682617188e+00 2.253885507583618164e+00
1.727896094322204590e+00 1.864306926727294922e+00 2.335868328809738159e-01 1.017042875289916992e+00 2.600961923599243164e+00 2.283687591552734375e+00
1.718851208686828613e+00 1.946290612220764160e+00 2.286480069160461426e-01 9.210426211357116699e-01 2.613241910934448242e+00 2.313489437103271484e+00
1.709806203842163086e+00 2.028274297714233398e+00 2.237091958522796631e-01 8.250422477722167969e-01 2.625521898269653320e+00 2.343291521072387695e+00
1.700761318206787109e+00 2.110258102416992188e+00 2.187703847885131836e-01 7.290419340133666992e-01 2.637801647186279297e+00 2.373093605041503906e+00
1.691716432571411133e+00 2.192241907119750977e+00 2.138315737247467041e-01 6.330416202545166016e-01 2.650081634521484375e+00 2.402895450592041016e+00
1.682671546936035156e+00 2.274225473403930664e+00 2.088927626609802246e-01 5.370412468910217285e-01 2.662361621856689453e+00 2.432697534561157227e+00
1.673626661300659180e+00 2.356209278106689453e+00 2.039539515972137451e-01 4.410409331321716309e-01 2.674641609191894531e+00 2.462499380111694336e+00
1.664581656455993652e+00 2.438193082809448242e+00 1.990151405334472656e-01 3.450406193733215332e-01 2.686921358108520508e+00 2.492301464080810547e+00
1.655536770820617676e+00 2.520176649093627930e+00 1.940763294696807861e-01 2.490402907133102417e-01 2.699201345443725586e+00 2.522103548049926758e+00
1.646491885185241699e+00 2.602160453796386719e+00 1.891375035047531128e-01 1.530399620532989502e-01 2.711481332778930664e+00 2.551905393600463867e+00
1.637446999549865723e+00 2.684144258499145508e+00 1.841986924409866333e-01 5.703962594270706177e-02 2.723761081695556641e+00 2.581707477569580078e+00
1.584837913513183594e+00 2.673604726791381836e+00 2.347084432840347290e-01 1.044323220849037170e-01 2.732961654663085938e+00 2.551999807357788086e+00
1.532228946685791016e+00 2.663065433502197266e+00 2.852181792259216309e-01 1.518250256776809692e-01 2.742161989212036133e+00 2.522291898727416992e+00
1.479619860649108887e+00 2.652525901794433594e+00 3.357279300689697266e-01 1.992177218198776245e-01 2.751362323760986328e+00 2.492584228515625000e+00
1.427010774612426758e+00 2.641986608505249023e+00 3.862376809120178223e-01 2.466104179620742798e-01 2.760562658309936523e+00 2.462876319885253906e+00
1.374401807785034180e+00 2.631447315216064453e+00 4.367474317550659180e-01 2.940031290054321289e-01 2.769762992858886719e+00 2.433168649673461914e+00
1.321792721748352051e+00 2.620907783508300781e+00 4.872571825981140137e-01 3.413958251476287842e-01 2.778963565826416016e+00 2.403460979461669922e+00
1.269183754920959473e+00 2.610368490219116211e+00 5.377669334411621094e-01 3.887885212898254395e-01 2.788163900375366211e+00 2.373753070831298828e+00
1.216574668884277344e+00 2.599828958511352539e+00 5.882766842842102051e-01 4.361812174320220947e-01 2.797364234924316406e+00 2.344045400619506836e+00
1.163965582847595215e+00 2.589289665222167969e+00 6.387864351272583008e-01 4.835739135742187500e-01 2.806564569473266602e+00 2.314337730407714844e+00
1.111356616020202637e+00 2.578750133514404297e+00 6.892961859703063965e-01 5.309666395187377930e-01 2.815764904022216797e+00 2.284629821777343750e+00
1.058747529983520508e+00 2.568210840225219727e+00 7.398059368133544922e-01 5.783593058586120605e-01 2.824965476989746094e+00 2.254922151565551758e+00
1.006138563156127930e+00 2.557671546936035156e+00 7.903156876564025879e-01 6.257520318031311035e-01 2.834165811538696289e+00 2.225214481353759766e+00
9.535294771194458008e-01 2.547132015228271484e+00 8.408253788948059082e-01 6.731446981430053711e-01 2.843366146087646484e+00 2.195506572723388672e+00
9.009204506874084473e-01 2.536592721939086914e+00 8.913351297378540039e-01 7.205374240875244141e-01 2.852566480636596680e+00 2.165798902511596680e+00
8.483114242553710938e-01 2.526053190231323242e+00 9.418448805809020996e-01 7.679300904273986816e-01 2.861766815185546875e+00 2.136090993881225586e+00
7.957023978233337402e-01 2.515513896942138672e+00 9.923546314239501953e-01 8.153228163719177246e-01 2.870967388153076172e+00 2.106383323669433594e+00
7.430933117866516113e-01 2.504974365234375000e+00 1.042864441871643066e+00 8.627154827117919922e-01 2.880167722702026367e+00 2.076675653457641602e+00
6.904842853546142578e-01 2.494435071945190430e+00 1.093374133110046387e+00 9.101082086563110352e-01 2.889368057250976562e+00 2.046967744827270508e+00
6.378752589225769043e-01 2.483895778656005859e+00 1.143883943557739258e+00 9.575009346008300781e-01 2.898568391799926758e+00 2.017260074615478516e+00
5.852662324905395508e-01 2.473356246948242188e+00 1.194393634796142578e+00 1.004893660545349121e+00 2.907768726348876953e+00 1.987552285194396973e+00
5.326572060585021973e-01 2.462816953659057617e+00 1.244903326034545898e+00 1.052286267280578613e+00 2.916969060897827148e+00 1.957844614982604980e+00
4.800481498241424561e-01 2.452277421951293945e+00 1.295413136482238770e+00 1.099678993225097656e+00 2.926169633865356445e+00 1.928136825561523438e+00
4.274391233921051025e-01 2.441738128662109375e+00 1.345922827720642090e+00 1.147071719169616699e+00 2.935369968414306641e+00 1.898429036140441895e+00
3.748300671577453613e-01 2.431198596954345703e+00 1.396432638168334961e+00 1.194464445114135742e+00 2.944570302963256836e+00 1.868721246719360352e+00
3.222210407257080078e-01 2.420659303665161133e+00 1.446942329406738281e+00 1.241857051849365234e+00 2.953770637512207031e+00 1.839013576507568359e+00
2.696120142936706543e-01 2.410120010375976562e+00 1.497452139854431152e+00 1.289249777793884277e+00 2.962970972061157227e+00 1.809305787086486816e+00
2.170029729604721069e-01 2.399580478668212891e+00 1.547961831092834473e+00 1.336642503738403320e+00 2.972171545028686523e+00 1.779597997665405273e+00
1.643939316272735596e-01 2.389041185379028320e+00 1.598471641540527344e+00 1.384035229682922363e+00 2.981371879577636719e+00 1.749890208244323730e+00
1.117848977446556091e-01 2.378501653671264648e+00 1.648981332778930664e+00 1.431427955627441406e+00 2.990572214126586914e+00 1.720182538032531738e+00
5.917586013674736023e-02 2.367962360382080078e+00 1.699491143226623535e+00 1.478820562362670898e+00 2.999772548675537109e+00 1.690474748611450195e+00
5.917586013674736023e-02 2.367962360382080078e+00 1.699491143226623535e+00 1.478820562362670898e+00 2.999772548675537109e+00 1.690474748611450195e+00
5.917586013674736023e-02 2.367962360382080078e+00 1.699491143226623535e+00 1.478820562362670898e+00 2.999772548675537109e+00 1.690474748611450195e+00
5.917586013674736023e-02 2.367962360382080078e+00 1.699491143226623535e+00 1.478820562362670898e+00 2.999772548675537109e+00 1.690474748611450195e+00
5.917586013674736023e-02 2.367962360382080078e+00 1.699491143226623535e+00 1.478820562362670898e+00 2.999772548675537109e+00 1.690474748611450195e+00
5.917586013674736023e-02 2.367962360382080078e+00 1.699491143226623535e+00 1.478820562362670898e+00 2.999772548675537109e+00 1.690474748611450195e+00
5.917586013674736023e-02 2.367962360382080078e+00 1.699491143226623535e+00 1.478820562362670898e+00 2.999772548675537109e+00 1.690474748611450195e+00
5.917586013674736023e-02 2.367962360382080078e+00 1.699491143226623535e+00 1.478820562362670898e+00 2.999772548675537109e+00 1.690474748611450195e+00
5.917586013674736023e-02 2.367962360382080078e+00 1.699491143226623535e+00 1.478820562362670898e+00 2.999772548675537109e+00 1.690474748611450195e+00
5.917586013674736023e-02 2.367962360382080078e+00 1.699491143226623535e+00 1.478820562362670898e+00 2.999772548675537109e+00 1.690474748611450195e+00
5.917586013674736023e-02 2.367962360382080078e+00 1.699491143226623535e+00 1.478820562362670898e+00 2.999772548675537109e+00 1.690474748611450195e+00
5.917586013674736023e-02 2.367962360382080078e+00 1.699491143226623535e+00 1.478820562362670898e+00 2.999772548675537109e+00 1.690474748611450195e+00
5.917586013674736023e-02 2.367962360382080078e+00 1.699491143226623535e+00 1.478820562362670898e+00 2.999772548675537109e+00 1.690474748611450195e+00
5.917586013674736023e-02 2.367962360382080078e+00 1.699491143226623535e+00 1.478820562362670898e+00 2.999772548675537109e+00 1.690474748611450195e+00
5.917586013674736023e-02 2.367962360382080078e+00 1.699491143226623535e+00 1.478820562362670898e+00 2.999772548675537109e+00 1.690474748611450195e+00
5.917586013674736023e-02 2.367962360382080078e+00 1.699491143226623535e+00 1.478820562362670898e+00 2.999772548675537109e+00 1.690474748611450195e+00
5.917586013674736023e-02 2.367962360382080078e+00 1.699491143226623535e+00 1.478820562362670898e+00 2.999772548675537109e+00 1.690474748611450195e+00
5.917586013674736023e-02 2.367962360382080078e+00 1.699491143226623535e+00 1.478820562362670898e+00 2.999772548675537109e+00 1.690474748611450195e+00
5.917586013674736023e-02 2.367962360382080078e+00 1.699491143226623535e+00 1.478820562362670898e+00 2.999772548675537109e+00 1.690474748611450195e+00
5.917586013674736023e-02 2.367962360382080078e+00 1.699491143226623535e+00 1.478820562362670898e+00 2.999772548675537109e+00 1.690474748611450195e+00
5.917586013674736023e-02 2.367962360382080078e+00 1.699491143226623535e+00 1.478820562362670898e+00 2.999772548675537109e+00 1.690474748611450195e+00
5.917586013674736023e-02 2.367962360382080078e+00 1.699491143226623535e+00 1.478820562362670898e+00 2.999772548675537109e+00 1.690474748611450195e+00
5.917586013674736023e-02 2.367962360382080078e+00 1.699491143226623535e+00 1.478820562362670898e+00 2.999772548675537109e+00 1.690474748611450195e+00
5.917586013674736023e-02 2.367962360382080078e+00 1.699491143226623535e+00 1.478820562362670898e+00 2.999772548675537109e+00 1.690474748611450195e+00
5.917586013674736023e-02 2.367962360382080078e+00 1.699491143226623535e+00 1.478820562362670898e+00 2.999772548675537109e+00 1.690474748611450195e+00
5.917586013674736023e-02 2.367962360382080078e+00 1.699491143226623535e+00 1.478820562362670898e+00 2.999772548675537109e+00 1.690474748611450195e+00
5.917586013674736023e-02 2.367962360382080078e+00 1.699491143226623535e+00 1.478820562362670898e+00 2.999772548675537109e+00 1.690474748611450195e+00
5.917586013674736023e-02 2.367962360382080078e+00 1.699491143226623535e+00 1.478820562362670898e+00 2.999772548675537109e+00 1.690474748611450195e+00
5.917586013674736023e-02 2.367962360382080078e+00 1.699491143226623535e+00 1.478820562362670898e+00 2.999772548675537109e+00 1.690474748611450195e+00
5.917586013674736023e-02 2.367962360382080078e+00 1.699491143226623535e+00 1.478820562362670898e+00 2.999772548675537109e+00 1.690474748611450195e+00
5.917586013674736023e-02 2.367962360382080078e+00 1.699491143226623535e+00 1.478820562362670898e+00 2.999772548675537109e+00 1.690474748611450195e+00
5.917586013674736023e-02 2.367962360382080078e+00 1.699491143226623535e+00 1.478820562362670898e+00 2.999772548675537109e+00 1.690474748611450195e+00
5.917586013674736023e-02 2.367962360382080078e+00 1.699491143226623535e+00 1.478820562362670898e+00 2.999772548675537109e+00 1.690474748611450195e+00
5.917586013674736023e-02 2.367962360382080078e+00 1.699491143226623535e+00 1.478820562362670898e+00 2.999772548675537109e+00 1.690474748611450195e+00
5.917586013674736023e-02 2.367962360382080078e+00 1.699491143226623535e+00 1.478820562362670898e+00 2.999772548675537109e+00 1.690474748611450195e+00
5.917586013674736023e-02 2.367962360382080078e+00 1.699491143226623535e+00 1.478820562362670898e+00 2.999772548675537109e+00 1.690474748611450195e+00
5.917586013674736023e-02 2.367962360382080078e+00 1.699491143226623535e+00 1.478820562362670898e+00 2.999772548675537109e+00 1.690474748611450195e+00
5.917586013674736023e-02 2.367962360382080078e+00 1.699491143226623535e+00 1.478820562362670898e+00 2.999772548675537109e+00 1.690474748611450195e+00
5.917586013674736023e-02 2.367962360382080078e+00 1.699491143226623535e+00 1.478820562362670898e+00 2.999772548675537109e+00 1.690474748611450195e+00
5.917586013674736023e-02 2.367962360382080078e+00 1.699491143226623535e+00 1.478820562362670898e+00 2.999772548675537109e+00 1.690474748611450195e+00
5.917586013674736023e-02 2.367962360382080078e+00 1.699491143226623535e+00 1.478820562362670898e+00 2.999772548675537109e+00 1.690474748611450195e+00
5.917586013674736023e-02 2.367962360382080078e+00 1.699491143226623535e+00 1.478820562362670898e+00 2.999772548675537109e+00 1.690474748611450195e+00
5.917586013674736023e-02 2.367962360382080078e+00 1.699491143226623535e+00 1.478820562362670898e+00 2.999772548675537109e+00 1.690474748611450195e+00
5.917586013674736023e-02 2.367962360382080078e+00 1.699491143226623535e+00 1.478820562362670898e+00 2.999772548675537109e+00 1.690474748611450195e+00
5.917586013674736023e-02 2.367962360382080078e+00 1.699491143226623535e+00 1.478820562362670898e+00 2.999772548675537109e+00 1.690474748611450195e+00
5.917586013674736023e-02 2.367962360382080078e+00 1.699491143226623535e+00 1.478820562362670898e+00 2.999772548675537109e+00 1.690474748611450195e+00
5.917586013674736023e-02 2.367962360382080078e+00 1.699491143226623535e+00 1.478820562362670898e+00 2.999772548675537109e+00 1.690474748611450195e+00
5.917586013674736023e-02 2.367962360382080078e+00 1.699491143226623535e+00 1.478820562362670898e+00 2.999772548675537109e+00 1.690474748611450195e+00
5.917586013674736023e-02 2.367962360382080078e+00 1.699491143226623535e+00 1.478820562362670898e+00 2.999772548675537109e+00 1.690474748611450195e+00
5.917586013674736023e-02 2.367962360382080078e+00 1.699491143226623535e+00 1.478820562362670898e+00 2.999772548675537109e+00 1.690474748611450195e+00
5.917586013674736023e-02 2.367962360382080078e+00 1.699491143226623535e+00 1.478820562362670898e+00 2.999772548675537109e+00 1.690474748611450195e+00
5.917586013674736023e-02 2.367962360382080078e+00 1.699491143226623535e+00 1.478820562362670898e+00 2.999772548675537109e+00 1.690474748611450195e+00
5.917586013674736023e-02 2.367962360382080078e+00 1.699491143226623535e+00 1.478820562362670898e+00 2.999772548675537109e+00 1.690474748611450195e+00
5.917586013674736023e-02 2.367962360382080078e+00 1.699491143226623535e+00 1.478820562362670898e+00 2.999772548675537109e+00 1.690474748611450195e+00
5.917586013674736023e-02 2.367962360382080078e+00 1.699491143226623535e+00 1.478820562362670898e+00 2.999772548675537109e+00 1.690474748611450195e+00
5.917586013674736023e-02 2.367962360382080078e+00 1.699491143226623535e+00 1.478820562362670898e+00 2.999772548675537109e+00 1.690474748611450195e+00
5.917586013674736023e-02 2.367962360382080078e+00 1.699491143226623535e+00 1.478820562362670898e+00 2.999772548675537109e+00 1.690474748611450195e+00
5.917586013674736023e-02 2.367962360382080078e+00 1.699491143226623535e+00 1.478820562362670898e+00 2.999772548675537109e+00 1.690474748611450195e+00
5.917586013674736023e-02 2.367962360382080078e+00 1.699491143226623535e+00 1.478820562362670898e+00 2.999772548675537109e+00 1.690474748611450195e+00
5.917586013674736023e-02 2.367962360382080078e+00 1.699491143226623535e+00 1.478820562362670898e+00 2.999772548675537109e+00 1.690474748611450195e+00
5.917586013674736023e-02 2.367962360382080078e+00 1.699491143226623535e+00 1.478820562362670898e+00 2.999772548675537109e+00 1.690474748611450195e+00
