0.000000000000000000e+00 0.000000000000000000e+00 0.000000000000000000e+00 0.000000000000000000e+00 0.000000000000000000e+00 0.000000000000000000e+00
0.000000000000000000e+00 0.000000000000000000e+00 0.000000000000000000e+00 0.000000000000000000e+00 0.000000000000000000e+00 0.000000000000000000e+00
0.000000000000000000e+00 0.000000000000000000e+00 0.000000000000000000e+00 0.000000000000000000e+00 0.000000000000000000e+00 0.000000000000000000e+00
0.000000000000000000e+00 0.000000000000000000e+00 0.000000000000000000e+00 0.000000000000000000e+00 0.000000000000000000e+00 0.000000000000000000e+00
0.000000000000000000e+00 0.000000000000000000e+00 0.000000000000000000e+00 0.000000000000000000e+00 0.000000000000000000e+00 0.000000000000000000e+00
0.000000000000000000e+00 0.000000000000000000e+00 0.000000000000000000e+00 0.000000000000000000e+00 0.000000000000000000e+00 0.000000000000000000e+00
0.000000000000000000e+00 0.000000000000000000e+00 0.000000000000000000e+00 0.000000000000000000e+00 0.000000000000000000e+00 0.000000000000000000e+00
0.000000000000000000e+00 0.000000000000000000e+00 0.000000000000000000e+00 0.000000000000000000e+00 0.000000000000000000e+00 0.000000000000000000e+00
0.000000000000000000e+00 0.000000000000000000e+00 0.000000000000000000e+00 0.000000000000000000e+00 0.000000000000000000e+00 0.000000000000000000e+00
0.000000000000000000e+00 0.000000000000000000e+00 0.000000000000000000e+00 0.000000000000000000e+00 0.000000000000000000e+00 0.000000000000000000e+00
0.000000000000000000e+00 0.000000000000000000e+00 0.000000000000000000e+00 0.000000000000000000e+00 0.000000000000000000e+00 0.000000000000000000e+00
0.000000000000000000e+00 0.000000000000000000e+00 0.000000000000000000e+00 0.000000000000000000e+00 0.000000000000000000e+00 0.000000000000000000e+00
0.000000000000000000e+00 0.000000000000000000e+00 0.000000000000000000e+00 0.000000000000000000e+00 0.000000000000000000e+00 0.000000000000000000e+00
0.000000000000000000e+00 0.000000000000000000e+00 0.000000000000000000e+00 0.000000000000000000e+00 0.000000000000000000e+00 0.000000000000000000e+00
0.000000000000000000e+00 0.000000000000000000e+00 0.000000000000000000e+00 0.000000000000000000e+00 0.000000000000000000e+00 0.000000000000000000e+00
0.000000000000000000e+00 0.000000000000000000e+00 0.000000000000000000e+00 0.000000000000000000e+00 0.000000000000000000e+00 0.000000000000000000e+00
0.000000000000000000e+00 0.000000000000000000e+00 0.000000000000000000e+00 0.000000000000000000e+00 0.000000000000000000e+00 0.000000000000000000e+00
0.000000000000000000e+00 0.000000000000000000e+00 0.000000000000000000e+00 0.000000000000000000e+00 0.000000000000000000e+00 0.000000000000000000e+00
0.000000000000000000e+00 0.000000000000000000e+00 0.000000000000000000e+00 0.000000000000000000e+00 0.000000000000000000e+00 0.000000000000000000e+00
0.000000000000000000e+00 0.000000000000000000e+00 0.000000000000000000e+00 0.000000000000000000e+00 0.000000000000000000e+00 0.000000000000000000e+00
0.000000000000000000e+00 0.000000000000000000e+00 0.000000000000000000e+00 0.000000000000000000e+00 0.000000000000000000e+00 0.000000000000000000e+00
0.000000000000000000e+00 0.000000000000000000e+00 0.000000000000000000e+00 0.000000000000000000e+00 0.000000000000000000e+00 0.000000000000000000e+00
0.000000000000000000e+00 0.000000000000000000e+00 0.000000000000000000e+00 0.000000000000000000e+00 0.000000000000000000e+00 0.000000000000000000e+00
0.000000000000000000e+00 0.000000000000000000e+00 0.000000000000000000e+00 0.000000000000000000e+00 0.000000000000000000e+00 0.000000000000000000e+00
0.000000000000000000e+00 0.000000000000000000e+00 0.000000000000000000e+00 0.000000000000000000e+00 0.000000000000000000e+00 0.000000000000000000e+00
0.000000000000000000e+00 0.000000000000000000e+00 0.000000000000000000e+00 0.000000000000000000e+00 0.000000000000000000e+00 0.000000000000000000e+00
0.000000000000000000e+00 0.000000000000000000e+00 0.000000000000000000e+00 0.000000000000000000e+00 0.000000000000000000e+00 0.000000000000000000e+00
0.000000000000000000e+00 0.000000000000000000e+00 0.000000000000000000e+00 0.000000000000000000e+00 0.000000000000000000e+00 0.000000000000000000e+00
0.000000000000000000e+00 0.000000000000000000e+00 0.000000000000000000e+00 0.000000000000000000e+00 0.000000000000000000e+00 0.000000000000000000e+00
0.000000000000000000e+00 0.000000000000000000e+00 0.000000000000000000e+00 0.000000000000000000e+00 0.000000000000000000e+00 0.000000000000000000e+00
0.000000000000000000e+00 0.000000000000000000e+00 0.000000000000000000e+00 0.000000000000000000e+00 0.000000000000000000e+00 0.000000000000000000e+00
0.000000000000000000e+00 0.000000000000000000e+00 0.000000000000000000e+00 0.000000000000000000e+00 0.000000000000000000e+00 0.000000000000000000e+00
0.000000000000000000e+00 0.000000000000000000e+00 0.000000000000000000e+00 0.000000000000000000e+00 0.000000000000000000e+00 0.000000000000000000e+00
0.000000000000000000e+00 0.000000000000000000e+00 0.000000000000000000e+00 0.000000000000000000e+00 0.000000000000000000e+00 0.000000000000000000e+00
0.000000000000000000e+00 0.000000000000000000e+00 0.000000000000000000e+00 0.000000000000000000e+00 0.000000000000000000e+00 0.000000000000000000e+00
0.000000000000000000e+00 0.000000000000000000e+00 0.000000000000000000e+00 0.000000000000000000e+00 0.000000000000000000e+00 0.000000000000000000e+00
0.000000000000000000e+00 0.000000000000000000e+00 0.000000000000000000e+00 0.000000000000000000e+00 0.000000000000000000e+00 0.000000000000000000e+00
0.000000000000000000e+00 0.000000000000000000e+00 0.000000000000000000e+00 0.000000000000000000e+00 0.000000000000000000e+00 0.000000000000000000e+00
0.000000000000000000e+00 0.000000000000000000e+00 0.000000000000000000e+00 0.000000000000000000e+00 0.000000000000000000e+00 0.000000000000000000e+00
0.000000000000000000e+00 0.000000000000000000e+00 0.000000000000000000e+00 0.000000000000000000e+00 0.000000000000000000e+00 0.000000000000000000e+00
0.000000000000000000e+00 0.000000000000000000e+00 0.000000000000000000e+00 0.000000000000000000e+00 0.000000000000000000e+00 0.000000000000000000e+00
0.000000000000000000e+00 0.000000000000000000e+00 0.000000000000000000e+00 0.000000000000000000e+00 0.000000000000000000e+00 0.000000000000000000e+00
0.000000000000000000e+00 0.000000000000000000e+00 0.000000000000000000e+00 0.000000000000000000e+00 0.000000000000000000e+00 0.000000000000000000e+00
0.000000000000000000e+00 0.000000000000000000e+00 0.000000000000000000e+00 0.000000000000000000e+00 0.000000000000000000e+00 0.000000000000000000e+00
0.000000000000000000e+00 0.000000000000000000e+00 0.000000000000000000e+00 0.000000000000000000e+00 0.000000000000000000e+00 0.000000000000000000e+00
0.000000000000000000e+00 0.000000000000000000e+00 0.000000000000000000e+00 0.000000000000000000e+00 0.000000000000000000e+00 0.000000000000000000e+00
0.000000000000000000e+00 0.000000000000000000e+00 0.000000000000000000e+00 0.000000000000000000e+00 0.000000000000000000e+00 0.000000000000000000e+00
0.000000000000000000e+00 0.000000000000000000e+00 0.000000000000000000e+00 0.000000000000000000e+00 0.000000000000000000e+00 0.000000000000000000e+00
0.000000000000000000e+00 0.000000000000000000e+00 0.000000000000000000e+00 0.000000000000000000e+00 0.000000000000000000e+00 0.000000000000000000e+00
0.000000000000000000e+00 0.000000000000000000e+00 0.000000000000000000e+00 0.000000000000000000e+00 0.000000000000000000e+00 0.000000000000000000e+00
0.000000000000000000e+00 0.000000000000000000e+00 0.000000000000000000e+00 0.000000000000000000e+00 0.000000000000000000e+00 0.000000000000000000e+00
0.000000000000000000e+00 0.000000000000000000e+00 0.000000000000000000e+00 0.000000000000000000e+00 0.000000000000000000e+00 0.000000000000000000e+00
0.000000000000000000e+00 0.000000000000000000e+00 0.000000000000000000e+00 0.000000000000000000e+00 0.000000000000000000e+00 0.000000000000000000e+00
0.000000000000000000e+00 0.000000000000000000e+00 0.000000000000000000e+00 0.000000000000000000e+00 0.000000000000000000e+00 0.000000000000000000e+00
0.000000000000000000e+00 0.000000000000000000e+00 0.000000000000000000e+00 0.000000000000000000e+00 0.000000000000000000e+00 0.000000000000000000e+00
0.000000000000000000e+00 0.000000000000000000e+00 0.000000000000000000e+00 0.000000000000000000e+00 0.000000000000000000e+00 0.000000000000000000e+00
0.000000000000000000e+00 0.000000000000000000e+00 0.000000000000000000e+00 0.000000000000000000e+00 0.000000000000000000e+00 0.000000000000000000e+00
0.000000000000000000e+00 0.000000000000000000e+00 0.000000000000000000e+00 0.000000000000000000e+00 0.000000000000000000e+00 0.000000000000000000e+00
0.000000000000000000e+00 0.000000000000000000e+00 0.000000000000000000e+00 0.000000000000000000e+00 0.000000000000000000e+00 0.000000000000000000e+00
0.000000000000000000e+00 0.000000000000000000e+00 0.000000000000000000e+00 0.000000000000000000e+00 0.000000000000000000e+00 0.000000000000000000e+00
0.000000000000000000e+00 0.000000000000000000e+00 0.000000000000000000e+00 0.000000000000000000e+00 0.000000000000000000e+00 0.000000000000000000e+00
0.000000000000000000e+00 0.000000000000000000e+00 0.000000000000000000e+00 0.000000000000000000e+00 0.000000000000000000e+00 0.000000000000000000e+00
0.000000000000000000e+00 0.000000000000000000e+00 0.000000000000000000e+00 0.000000000000000000e+00 0.000000000000000000e+00 0.000000000000000000e+00
0.000000000000000000e+00 0.000000000000000000e+00 0.000000000000000000e+00 0.000000000000000000e+00 0.000000000000000000e+00 0.000000000000000000e+00
0.000000000000000000e+00 0.000000000000000000e+00 0.000000000000000000e+00 0.000000000000000000e+00 0.000000000000000000e+00 0.000000000000000000e+00
0.000000000000000000e+00 0.000000000000000000e+00 0.000000000000000000e+00 0.000000000000000000e+00 0.000000000000000000e+00 0.000000000000000000e+00
0.000000000000000000e+00 0.000000000000000000e+00 0.000000000000000000e+00 0.000000000000000000e+00 0.000000000000000000e+00 0.000000000000000000e+00
0.000000000000000000e+00 0.000000000000000000e+00 0.000000000000000000e+00 0.000000000000000000e+00 0.000000000000000000e+00 0.000000000000000000e+00
0.000000000000000000e+00 0.000000000000000000e+00 0.000000000000000000e+00 0.000000000000000000e+00 0.000000000000000000e+00 0.000000000000000000e+00
0.000000000000000000e+00 0.000000000000000000e+00 0.000000000000000000e+00 0.000000000000000000e+00 0.000000000000000000e+00 0.000000000000000000e+00
0.000000000000000000e+00 0.000000000000000000e+00 0.000000000000000000e+00 0.000000000000000000e+00 0.000000000000000000e+00 0.000000000000000000e+00
0.000000000000000000e+00 0.000000000000000000e+00 0.000000000000000000e+00 0.000000000000000000e+00 0.000000000000000000e+00 0.000000000000000000e+00
0.000000000000000000e+00 0.000000000000000000e+00 0.000000000000000000e+00 0.000000000000000000e+00 0.000000000000000000e+00 0.000000000000000000e+00
0.000000000000000000e+00 0.000000000000000000e+00 0.000000000000000000e+00 0.000000000000000000e+00 0.000000000000000000e+00 0.000000000000000000e+00
0.000000000000000000e+00 0.000000000000000000e+00 0.000000000000000000e+00 0.000000000000000000e+00 0.000000000000000000e+00 0.000000000000000000e+00
0.000000000000000000e+00 0.000000000000000000e+00 0.000000000000000000e+00 0.000000000000000000e+00 0.000000000000000000e+00 0.000000000000000000e+00
0.000000000000000000e+00 0.000000000000000000e+00 0.000000000000000000e+00 0.000000000000000000e+00 0.000000000000000000e+00 0.000000000000000000e+00
0.000000000000000000e+00 0.000000000000000000e+00 0.000000000000000000e+00 0.000000000000000000e+00 0.000000000000000000e+00 0.000000000000000000e+00
0.000000000000000000e+00 0.000000000000000000e+00 0.000000000000000000e+00 0.000000000000000000e+00 0.000000000000000000e+00 0.000000000000000000e+00
0.000000000000000000e+00 0.000000000000000000e+00 0.000000000000000000e+00 0.000000000000000000e+00 0.000000000000000000e+00 0.000000000000000000e+00
0.000000000000000000e+00 0.000000000000000000e+00 0.000000000000000000e+00 0.000000000000000000e+00 0.000000000000000000e+00 0.000000000000000000e+00
0.000000000000000000e+00 0.000000000000000000e+00 0.000000000000000000e+00 0.000000000000000000e+00 0.000000000000000000e+00 0.000000000000000000e+00
0.000000000000000000e+00 0.000000000000000000e+00 0.000000000000000000e+00 0.000000000000000000e+00 0.000000000000000000e+00 0.000000000000000000e+00
0.000000000000000000e+00 0.000000000000000000e+00 0.000000000000000000e+00 0.000000000000000000e+00 0.000000000000000000e+00 0.000000000000000000e+00
0.000000000000000000e+00 0.000000000000000000e+00 0.000000000000000000e+00 0.000000000000000000e+00 0.000000000000000000e+00 0.000000000000000000e+00
0.000000000000000000e+00 0.000000000000000000e+00 0.000000000000000000e+00 0.000000000000000000e+00 0.000000000000000000e+00 0.000000000000000000e+00
0.000000000000000000e+00 0.000000000000000000e+00 0.000000000000000000e+00 0.000000000000000000e+00 0.000000000000000000e+00 0.000000000000000000e+00
0.000000000000000000e+00 0.000000000000000000e+00 0.000000000000000000e+00 0.000000000000000000e+00 0.000000000000000000e+00 0.000000000000000000e+00
0.000000000000000000e+00 0.000000000000000000e+00 0.000000000000000000e+00 0.000000000000000000e+00 0.000000000000000000e+00 0.000000000000000000e+00
0.000000000000000000e+00 0.000000000000000000e+00 0.000000000000000000e+00 0.000000000000000000e+00 0.000000000000000000e+00 0.000000000000000000e+00
0.000000000000000000e+00 0.000000000000000000e+00 0.000000000000000000e+00 0.000000000000000000e+00 0.000000000000000000e+00 0.000000000000000000e+00
0.000000000000000000e+00 0.000000000000000000e+00 0.000000000000000000e+00 0.000000000000000000e+00 0.000000000000000000e+00 0.000000000000000000e+00
0.000000000000000000e+00 0.000000000000000000e+00 0.000000000000000000e+00 0.000000000000000000e+00 0.000000000000000000e+00 0.000000000000000000e+00
0.000000000000000000e+00 0.000000000000000000e+00 0.000000000000000000e+00 0.000000000000000000e+00 0.000000000000000000e+00 0.000000000000000000e+00
0.000000000000000000e+00 0.000000000000000000e+00 0.000000000000000000e+00 0.000000000000000000e+00 0.000000000000000000e+00 0.000000000000000000e+00
0.000000000000000000e+00 0.000000000000000000e+00 0.000000000000000000e+00 0.000000000000000000e+00 0.000000000000000000e+00 0.000000000000000000e+00
0.000000000000000000e+00 0.000000000000000000e+00 0.000000000000000000e+00 0.000000000000000000e+00 0.000000000000000000e+00 0.000000000000000000e+00
0.000000000000000000e+00 0.000000000000000000e+00 0.000000000000000000e+00 0.000000000000000000e+00 0.000000000000000000e+00 0.000000000000000000e+00
0.000000000000000000e+00 0.000000000000000000e+00 0.000000000000000000e+00 0.000000000000000000e+00 0.000000000000000000e+00 0.000000000000000000e+00
0.000000000000000000e+00 0.000000000000000000e+00 0.000000000000000000e+00 0.000000000000000000e+00 0.000000000000000000e+00 0.000000000000000000e+00
0.000000000000000000e+00 0.000000000000000000e+00 0.000000000000000000e+00 0.000000000000000000e+00 0.000000000000000000e+00 0.000000000000000000e+00
9.020033478736877441e-02 5.400421842932701111e-02 1.084904000163078308e-01 6.596987694501876831e-02 4.780653864145278931e-02 1.970810117200016975e-03
1.804006695747375488e-01 1.080084368586540222e-01 2.169808000326156616e-01 1.319397538900375366e-01 9.561307728290557861e-02 3.941620234400033951e-03
2.706010043621063232e-01 1.620126515626907349e-01 3.254712224006652832e-01 1.979096233844757080e-01 1.434196233749389648e-01 5.912430584430694580e-03
3.608013391494750977e-01 2.160168737173080444e-01 4.339616000652313232e-01 2.638795077800750732e-01 1.912261545658111572e-01 7.883240468800067902e-03
4.510016739368438721e-01 2.700210809707641602e-01 5.424520373344421387e-01 3.298493623733520508e-01 2.390327006578445435e-01 9.854051284492015839e-03
5.412020087242126465e-01 3.240253031253814697e-01 6.509424448013305664e-01 3.958192467689514160e-01 2.868392467498779297e-01 1.182486116886138916e-02
6.314023137092590332e-01 3.780295252799987793e-01 7.594328522682189941e-01 4.617891311645507812e-01 3.346457779407501221e-01 1.379567105323076248e-02
7.216026782989501953e-01 4.320337474346160889e-01 8.679232001304626465e-01 5.277590155601501465e-01 3.824523091316223145e-01 1.576648093760013580e-02
8.118029832839965820e-01 4.860379695892333984e-01 9.764136075973510742e-01 5.937288403511047363e-01 4.302588701248168945e-01 1.773729175329208374e-02
9.020033478736877441e-01 5.400421619415283203e-01 1.084904074668884277e+00 6.596987247467041016e-01 4.780654013156890869e-01 1.970810256898403168e-02
9.922036528587341309e-01 5.940464138984680176e-01 1.193394422531127930e+00 7.256686091423034668e-01 5.258719325065612793e-01 2.167891152203083038e-02
1.082404017448425293e+00 6.480506062507629395e-01 1.301884889602661133e+00 7.916384935379028320e-01 5.736784934997558594e-01 2.364972233772277832e-02
1.172604322433471680e+00 7.020547986030578613e-01 1.410375237464904785e+00 8.576083779335021973e-01 6.214849948883056641e-01 2.562053129076957703e-02
1.262804627418518066e+00 7.560590505599975586e-01 1.518865704536437988e+00 9.235782623291015625e-01 6.692915558815002441e-01 2.759134210646152496e-02
1.353005051612854004e+00 8.100632429122924805e-01 1.627356052398681641e+00 9.895480871200561523e-01 7.170981168746948242e-01 2.956215292215347290e-02
1.443205356597900391e+00 8.640674948692321777e-01 1.735846400260925293e+00 1.055518031120300293e+00 7.649046182632446289e-01 3.153296187520027161e-02
1.533405661582946777e+00 9.180716872215270996e-01 1.844336867332458496e+00 1.121487855911254883e+00 8.127111792564392090e-01 3.350377455353736877e-02
1.623605966567993164e+00 9.720759391784667969e-01 1.952827215194702148e+00 1.187457680702209473e+00 8.605177402496337891e-01 3.547458350658416748e-02
1.713806271553039551e+00 1.026080131530761719e+00 2.061317682266235352e+00 1.253427624702453613e+00 9.083242416381835938e-01 3.744539245963096619e-02
1.804006695747375488e+00 1.080084323883056641e+00 2.169808149337768555e+00 1.319397449493408203e+00 9.561308026313781738e-01 3.941620513796806335e-02
1.894207000732421875e+00 1.134088516235351562e+00 2.278298377990722656e+00 1.385367393493652344e+00 1.003937363624572754e+00 4.138701409101486206e-02
1.817368626594543457e+00 1.197555541992187500e+00 2.227796792984008789e+00 1.346446037292480469e+00 9.904958009719848633e-01 1.035707667469978333e-01
1.740530133247375488e+00 1.261022567749023438e+00 2.177294969558715820e+00 1.307524800300598145e+00 9.770542979240417480e-01 1.657545119524002075e-01
1.663691759109497070e+00 1.324489593505859375e+00 2.126793146133422852e+00 1.268603563308715820e+00 9.636127352714538574e-01 2.279382646083831787e-01
1.586853384971618652e+00 1.387956619262695312e+00 2.076291322708129883e+00 1.229682326316833496e+00 9.501712322235107422e-01 2.901220321655273438e-01
1.510015010833740234e+00 1.451423645019531250e+00 2.025789499282836914e+00 1.190761089324951172e+00 9.367296695709228516e-01 3.523057699203491211e-01
1.433176517486572266e+00 1.514890670776367188e+00 1.975287675857543945e+00 1.151839733123779297e+00 9.232881665229797363e-01 4.144895374774932861e-01
1.356338143348693848e+00 1.578357696533203125e+00 1.924785852432250977e+00 1.112918496131896973e+00 9.098466038703918457e-01 4.766732752323150635e-01
1.279499769210815430e+00 1.641824603080749512e+00 1.874284029006958008e+00 1.073997259140014648e+00 8.964051008224487305e-01 5.388570427894592285e-01
1.202661275863647461e+00 1.705291628837585449e+00 1.823782324790954590e+00 1.035076022148132324e+00 8.829635977745056152e-01 6.010407805442810059e-01
1.125822901725769043e+00 1.768758654594421387e+00 1.773280501365661621e+00 9.961547255516052246e-01 8.695220351219177246e-01 6.632245182991027832e-01
1.048984527587890625e+00 1.832225680351257324e+00 1.722778677940368652e+00 9.572334289550781250e-01 8.560805320739746094e-01 7.254083156585693359e-01
9.721460938453674316e-01 1.895692706108093262e+00 1.672276854515075684e+00 9.183121919631958008e-01 8.426389694213867188e-01 7.875920534133911133e-01
8.953077197074890137e-01 1.959159731864929199e+00 1.621775031089782715e+00 8.793908953666687012e-01 8.291974663734436035e-01 8.497757911682128906e-01
8.184692859649658203e-01 2.022626638412475586e+00 1.571273207664489746e+00 8.404696583747863770e-01 8.157559037208557129e-01 9.119595289230346680e-01
7.416309118270874023e-01 2.086093664169311523e+00 1.520771503448486328e+00 8.015483617782592773e-01 8.023144006729125977e-01 9.741433262825012207e-01
6.647924780845642090e-01 2.149560689926147461e+00 1.470269680023193359e+00 7.626271247863769531e-01 7.888728380203247070e-01 1.036327004432678223e+00
5.879540443420410156e-01 2.213027715682983398e+00 1.419767856597900391e+00 7.237058877944946289e-01 7.754313349723815918e-01 1.098510861396789551e+00
5.111156702041625977e-01 2.276494741439819336e+00 1.369266033172607422e+00 6.847845911979675293e-01 7.619898319244384766e-01 1.160694599151611328e+00
4.342772662639617920e-01 2.339961767196655273e+00 1.318764209747314453e+00 6.458633542060852051e-01 7.485482692718505859e-01 1.222878336906433105e+00
3.574388623237609863e-01 2.403428792953491211e+00 1.268262505531311035e+00 6.069420576095581055e-01 7.351067662239074707e-01 1.285062074661254883e+00
2.806004285812377930e-01 2.466895818710327148e+00 1.217760682106018066e+00 5.680208206176757812e-01 7.216652035713195801e-01 1.347245812416076660e+00
2.867951095104217529e-01 2.350114107131958008e+00 1.308916449546813965e+00 5.856968164443969727e-01 6.861964464187622070e-01 1.407016992568969727e+00
2.929897904396057129e-01 2.233332395553588867e+00 1.400072097778320312e+00 6.033728718757629395e-01 6.507276296615600586e-01 1.466788053512573242e+00
2.991844713687896729e-01 2.116550683975219727e+00 1.491227865219116211e+00 6.210489273071289062e-01 6.152588725090026855e-01 1.526559233665466309e+00
3.053791522979736328e-01 1.999769091606140137e+00 1.582383632659912109e+00 6.387249231338500977e-01 5.797900557518005371e-01 1.586330294609069824e+00
3.115738332271575928e-01 1.882987499237060547e+00 1.673539400100708008e+00 6.564009785652160645e-01 5.443212389945983887e-01 1.646101474761962891e+00
3.177684843540191650e-01 1.766205787658691406e+00 1.764695167541503906e+00 6.740769743919372559e-01 5.088524818420410156e-01 1.705872535705566406e+00
3.239631652832031250e-01 1.649424076080322266e+00 1.855850815773010254e+00 6.917530298233032227e-01 4.733836948871612549e-01 1.765643715858459473e+00
3.301578462123870850e-01 1.532642483711242676e+00 1.947006583213806152e+00 7.094290852546691895e-01 4.379149079322814941e-01 1.825414896011352539e+00
3.363525271415710449e-01 1.415860772132873535e+00 2.038162231445312500e+00 7.271050810813903809e-01 4.024460911750793457e-01 1.885185956954956055e+00
3.425472080707550049e-01 1.299079060554504395e+00 2.129317998886108398e+00 7.447811365127563477e-01 3.669773042201995850e-01 1.944957137107849121e+00
3.487418591976165771e-01 1.182297468185424805e+00 2.220473766326904297e+00 7.624571919441223145e-01 3.315085172653198242e-01 2.004728317260742188e+00
3.549365401268005371e-01 1.065515756607055664e+00 2.311629533767700195e+00 7.801331877708435059e-01 2.960397303104400635e-01 2.064499378204345703e+00
3.611312210559844971e-01 9.487341046333312988e-01 2.402785301208496094e+00 7.978092432022094727e-01 2.605709433555603027e-01 2.124270439147949219e+00
3.673259019851684570e-01 8.319523930549621582e-01 2.493941068649291992e+00 8.154852390289306641e-01 2.251021564006805420e-01 2.184041738510131836e+00
3.735205829143524170e-01 7.151707410812377930e-01 2.585096836090087891e+00 8.331612944602966309e-01 1.896333694458007812e-01 2.243812799453735352e+00
3.797152638435363770e-01 5.983890891075134277e-01 2.676252603530883789e+00 8.508373498916625977e-01 1.541645675897598267e-01 2.303583860397338867e+00
3.859099149703979492e-01 4.816074073314666748e-01 2.767408370971679688e+00 8.685133457183837891e-01 1.186957806348800659e-01 2.363354921340942383e+00
3.921045958995819092e-01 3.648257255554199219e-01 2.858563899993896484e+00 8.861894011497497559e-01 8.322699368000030518e-02 2.423126220703125000e+00
3.921045958995819092e-01 3.648257255554199219e-01 2.858563899993896484e+00 8.861894011497497559e-01 8.322699368000030518e-02 2.423126220703125000e+00
3.921045958995819092e-01 3.648257255554199219e-01 2.858563899993896484e+00 8.861894011497497559e-01 8.322699368000030518e-02 2.423126220703125000e+00
3.921045958995819092e-01 3.648257255554199219e-01 2.858563899993896484e+00 8.861894011497497559e-01 8.322699368000030518e-02 2.423126220703125000e+00
3.921045958995819092e-01 3.648257255554199219e-01 2.858563899993896484e+00 8.861894011497497559e-01 8.322699368000030518e-02 2.423126220703125000e+00
3.921045958995819092e-01 3.648257255554199219e-01 2.858563899993896484e+00 8.861894011497497559e-01 8.322699368000030518e-02 2.423126220703125000e+00
3.921045958995819092e-01 3.648257255554199219e-01 2.858563899993896484e+00 8.861894011497497559e-01 8.322699368000030518e-02 2.423126220703125000e+00
3.921045958995819092e-01 3.648257255554199219e-01 2.858563899993896484e+00 8.861894011497497559e-01 8.322699368000030518e-02 2.423126220703125000e+00
3.921045958995819092e-01 3.648257255554199219e-01 2.858563899993896484e+00 8.861894011497497559e-01 8.322699368000030518e-02 2.423126220703125000e+00
3.921045958995819092e-01 3.648257255554199219e-01 2.858563899993896484e+00 8.861894011497497559e-01 8.322699368000030518e-02 2.423126220703125000e+00
3.921045958995819092e-01 3.648257255554199219e-01 2.858563899993896484e+00 8.861894011497497559e-01 8.322699368000030518e-02 2.423126220703125000e+00
3.921045958995819092e-01 3.648257255554199219e-01 2.858563899993896484e+00 8.861894011497497559e-01 8.322699368000030518e-02 2.423126220703125000e+00
3.921045958995819092e-01 3.648257255554199219e-01 2.858563899993896484e+00 8.861894011497497559e-01 8.322699368000030518e-02 2.423126220703125000e+00
3.921045958995819092e-01 3.648257255554199219e-01 2.858563899993896484e+00 8.861894011497497559e-01 8.322699368000030518e-02 2.423126220703125000e+00
3.921045958995819092e-01 3.648257255554199219e-01 2.858563899993896484e+00 8.861894011497497559e-01 8.322699368000030518e-02 2.423126220703125000e+00
3.921045958995819092e-01 3.648257255554199219e-01 2.858563899993896484e+00 8.861894011497497559e-01 8.322699368000030518e-02 2.423126220703125000e+00
3.921045958995819092e-01 3.648257255554199219e-01 2.858563899993896484e+00 8.861894011497497559e-01 8.322699368000030518e-02 2.423126220703125000e+00
3.921045958995819092e-01 3.648257255554199219e-01 2.858563899993896484e+00 8.861894011497497559e-01 8.322699368000030518e-02 2.423126220703125000e+00
3.921045958995819092e-01 3.648257255554199219e-01 2.858563899993896484e+00 8.861894011497497559e-01 8.322699368000030518e-02 2.423126220703125000e+00
3.921045958995819092e-01 3.648257255554199219e-01 2.858563899993896484e+00 8.861894011497497559e-01 8.322699368000030518e-02 2.423126220703125000e+00
3.921045958995819092e-01 3.648257255554199219e-01 2.858563899993896484e+00 8.861894011497497559e-01 8.322699368000030518e-02 2.423126220703125000e+00
3.921045958995819092e-01 3.648257255554199219e-01 2.858563899993896484e+00 8.861894011497497559e-01 8.322699368000030518e-02 2.423126220703125000e+00
3.921045958995819092e-01 3.648257255554199219e-01 2.858563899993896484e+00 8.861894011497497559e-01 8.322699368000030518e-02 2.423126220703125000e+00
3.921045958995819092e-01 3.648257255554199219e-01 2.858563899993896484e+00 8.861894011497497559e-01 8.322699368000030518e-02 2.423126220703125000e+00
3.921045958995819092e-01 3.648257255554199219e-01 2.858563899993896484e+00 8.861894011497497559e-01 8.322699368000030518e-02 2.423126220703125000e+00
3.921045958995819092e-01 3.648257255554199219e-01 2.858563899993896484e+00 8.861894011497497559e-01 8.322699368000030518e-02 2.423126220703125000e+00
3.921045958995819092e-01 3.648257255554199219e-01 2.858563899993896484e+00 8.861894011497497559e-01 8.322699368000030518e-02 2.423126220703125000e+00
3.921045958995819092e-01 3.648257255554199219e-01 2.858563899993896484e+00 8.861894011497497559e-01 8.322699368000030518e-02 2.423126220703125000e+00
3.921045958995819092e-01 3.648257255554199219e-01 2.858563899993896484e+00 8.861894011497497559e-01 8.322699368000030518e-02 2.423126220703125000e+00
3.921045958995819092e-01 3.648257255554199219e-01 2.858563899993896484e+00 8.861894011497497559e-01 8.322699368000030518e-02 2.423126220703125000e+00
3.921045958995819092e-01 3.648257255554199219e-01 2.858563899993896484e+00 8.861894011497497559e-01 8.322699368000030518e-02 2.423126220703125000e+00
3.921045958995819092e-01 3.648257255554199219e-01 2.858563899993896484e+00 8.861894011497497559e-01 8.322699368000030518e-02 2.423126220703125000e+00
3.921045958995819092e-01 3.648257255554199219e-01 2.858563899993896484e+00 8.861894011497497559e-01 8.322699368000030518e-02 2.423126220703125000e+00
3.921045958995819092e-01 3.648257255554199219e-01 2.858563899993896484e+00 8.861894011497497559e-01 8.322699368000030518e-02 2.423126220703125000e+00
3.921045958995819092e-01 3.648257255554199219e-01 2.858563899993896484e+00 8.861894011497497559e-01 8.322699368000030518e-02 2.423126220703125000e+00
3.921045958995819092e-01 3.648257255554199219e-01 2.858563899993896484e+00 8.861894011497497559e-01 8.322699368000030518e-02 2.423126220703125000e+00
3.921045958995819092e-01 3.648257255554199219e-01 2.858563899993896484e+00 8.861894011497497559e-01 8.322699368000030518e-02 2.423126220703125000e+00
3.921045958995819092e-01 3.648257255554199219e-01 2.858563899993896484e+00 8.861894011497497559e-01 8.322699368000030518e-02 2.423126220703125000e+00
3.921045958995819092e-01 3.648257255554199219e-01 2.858563899993896484e+00 8.861894011497497559e-01 8.322699368000030518e-02 2.423126220703125000e+00
3.921045958995819092e-01 3.648257255554199219e-01 2.858563899993896484e+00 8.861894011497497559e-01 8.322699368000030518e-02 2.423126220703125000e+00
3.921045958995819092e-01 3.648257255554199219e-01 2.858563899993896484e+00 8.861894011497497559e-01 8.322699368000030518e-02 2.423126220703125000e+00
3.921045958995819092e-01 3.648257255554199219e-01 2.858563899993896484e+00 8.861894011497497559e-01 8.322699368000030518e-02 2.423126220703125000e+00
3.921045958995819092e-01 3.648257255554199219e-01 2.858563899993896484e+00 8.861894011497497559e-01 8.322699368000030518e-02 2.423126220703125000e+00
3.921045958995819092e-01 3.648257255554199219e-01 2.858563899993896484e+00 8.861894011497497559e-01 8.322699368000030518e-02 2.423126220703125000e+00
3.921045958995819092e-01 3.648257255554199219e-01 2.858563899993896484e+00 8.861894011497497559e-01 8.322699368000030518e-02 2.423126220703125000e+00
3.921045958995819092e-01 3.648257255554199219e-01 2.858563899993896484e+00 8.861894011497497559e-01 8.322699368000030518e-02 2.423126220703125000e+00
3.921045958995819092e-01 3.648257255554199219e-01 2.858563899993896484e+00 8.861894011497497559e-01 8.322699368000030518e-02 2.423126220703125000e+00
3.921045958995819092e-01 3.648257255554199219e-01 2.858563899993896484e+00 8.861894011497497559e-01 8.322699368000030518e-02 2.423126220703125000e+00
3.921045958995819092e-01 3.648257255554199219e-01 2.858563899993896484e+00 8.861894011497497559e-01 8.322699368000030518e-02 2.423126220703125000e+00
3.921045958995819092e-01 3.648257255554199219e-01 2.858563899993896484e+00 8.861894011497497559e-01 8.322699368000030518e-02 2.423126220703125000e+00
3.921045958995819092e-01 3.648257255554199219e-01 2.858563899993896484e+00 8.861894011497497559e-01 8.322699368000030518e-02 2.423126220703125000e+00
3.921045958995819092e-01 3.648257255554199219e-01 2.858563899993896484e+00 8.861894011497497559e-01 8.322699368000030518e-02 2.423126220703125000e+00
3.921045958995819092e-01 3.648257255554199219e-01 2.858563899993896484e+00 8.861894011497497559e-01 8.322699368000030518e-02 2.423126220703125000e+00
3.921045958995819092e-01 3.648257255554199219e-01 2.858563899993896484e+00 8.861894011497497559e-01 8.322699368000030518e-02 2.423126220703125000e+00
3.921045958995819092e-01 3.648257255554199219e-01 2.858563899993896484e+00 8.861894011497497559e-01 8.322699368000030518e-02 2.423126220703125000e+00
3.921045958995819092e-01 3.648257255554199219e-01 2.858563899993896484e+00 8.861894011497497559e-01 8.322699368000030518e-02 2.423126220703125000e+00
3.921045958995819092e-01 3.648257255554199219e-01 2.858563899993896484e+00 8.861894011497497559e-01 8.322699368000030518e-02 2.423126220703125000e+00
3.921045958995819092e-01 3.648257255554199219e-01 2.858563899993896484e+00 8.861894011497497559e-01 8.322699368000030518e-02 2.423126220703125000e+00
3.921045958995819092e-01 3.648257255554199219e-01 2.858563899993896484e+00 8.861894011497497559e-01 8.322699368000030518e-02 2.423126220703125000e+00
3.921045958995819092e-01 3.648257255554199219e-01 2.858563899993896484e+00 8.861894011497497559e-01 8.322699368000030518e-02 2.423126220703125000e+00
3.921045958995819092e-01 3.648257255554199219e-01 2.858563899993896484e+00 8.861894011497497559e-01 8.322699368000030518e-02 2.423126220703125000e+00
3.921045958995819092e-01 3.648257255554199219e-01 2.858563899993896484e+00 8.861894011497497559e-01 8.322699368000030518e-02 2.423126220703125000e+00
3.921045958995819092e-01 3.648257255554199219e-01 2.858563899993896484e+00 8.861894011497497559e-01 8.322699368000030518e-02 2.423126220703125000e+00
3.921045958995819092e-01 3.648257255554199219e-01 2.858563899993896484e+00 8.861894011497497559e-01 8.322699368000030518e-02 2.423126220703125000e+00
3.921045958995819092e-01 3.648257255554199219e-01 2.858563899993896484e+00 8.861894011497497559e-01 8.322699368000030518e-02 2.423126220703125000e+00
3.921045958995819092e-01 3.648257255554199219e-01 2.858563899993896484e+00 8.861894011497497559e-01 8.322699368000030518e-02 2.423126220703125000e+00
3.921045958995819092e-01 3.648257255554199219e-01 2.858563899993896484e+00 8.861894011497497559e-01 8.322699368000030518e-02 2.423126220703125000e+00
3.921045958995819092e-01 3.648257255554199219e-01 2.858563899993896484e+00 8.861894011497497559e-01 8.322699368000030518e-02 2.423126220703125000e+00
3.921045958995819092e-01 3.648257255554199219e-01 2.858563899993896484e+00 8.861894011497497559e-01 8.322699368000030518e-02 2.423126220703125000e+00
3.921045958995819092e-01 3.648257255554199219e-01 2.858563899993896484e+00 8.861894011497497559e-01 8.322699368000030518e-02 2.423126220703125000e+00
3.921045958995819092e-01 3.648257255554199219e-01 2.858563899993896484e+00 8.861894011497497559e-01 8.322699368000030518e-02 2.423126220703125000e+00
3.921045958995819092e-01 3.648257255554199219e-01 2.858563899993896484e+00 8.861894011497497559e-01 8.322699368000030518e-02 2.423126220703125000e+00
3.921045958995819092e-01 3.648257255554199219e-01 2.858563899993896484e+00 8.861894011497497559e-01 8.322699368000030518e-02 2.423126220703125000e+00
3.921045958995819092e-01 3.648257255554199219e-01 2.858563899993896484e+00 8.861894011497497559e-01 8.322699368000030518e-02 2.423126220703125000e+00
3.921045958995819092e-01 3.648257255554199219e-01 2.858563899993896484e+00 8.861894011497497559e-01 8.322699368000030518e-02 2.423126220703125000e+00
3.921045958995819092e-01 3.648257255554199219e-01 2.858563899993896484e+00 8.861894011497497559e-01 8.322699368000030518e-02 2.423126220703125000e+00
3.921045958995819092e-01 3.648257255554199219e-01 2.858563899993896484e+00 8.861894011497497559e-01 8.322699368000030518e-02 2.423126220703125000e+00
3.921045958995819092e-01 3.648257255554199219e-01 2.858563899993896484e+00 8.861894011497497559e-01 8.322699368000030518e-02 2.423126220703125000e+00
3.921045958995819092e-01 3.648257255554199219e-01 2.858563899993896484e+00 8.861894011497497559e-01 8.322699368000030518e-02 2.423126220703125000e+00
3.921045958995819092e-01 3.648257255554199219e-01 2.858563899993896484e+00 8.861894011497497559e-01 8.322699368000030518e-02 2.423126220703125000e+00
3.921045958995819092e-01 3.648257255554199219e-01 2.858563899993896484e+00 8.861894011497497559e-01 8.322699368000030518e-02 2.423126220703125000e+00
3.921045958995819092e-01 3.648257255554199219e-01 2.858563899993896484e+00 8.861894011497497559e-01 8.322699368000030518e-02 2.423126220703125000e+00
3.921045958995819092e-01 3.648257255554199219e-01 2.858563899993896484e+00 8.861894011497497559e-01 8.322699368000030518e-02 2.423126220703125000e+00
3.921045958995819092e-01 3.648257255554199219e-01 2.858563899993896484e+00 8.861894011497497559e-01 8.322699368000030518e-02 2.423126220703125000e+00
3.921045958995819092e-01 3.648257255554199219e-01 2.858563899993896484e+00 8.861894011497497559e-01 8.322699368000030518e-02 2.423126220703125000e+00
3.921045958995819092e-01 3.648257255554199219e-01 2.858563899993896484e+00 8.861894011497497559e-01 8.322699368000030518e-02 2.423126220703125000e+00
3.921045958995819092e-01 3.648257255554199219e-01 2.858563899993896484e+00 8.861894011497497559e-01 8.322699368000030518e-02 2.423126220703125000e+00
3.921045958995819092e-01 3.648257255554199219e-01 2.858563899993896484e+00 8.861894011497497559e-01 8.322699368000030518e-02 2.423126220703125000e+00
3.921045958995819092e-01 3.648257255554199219e-01 2.858563899993896484e+00 8.861894011497497559e-01 8.322699368000030518e-02 2.423126220703125000e+00
3.921045958995819092e-01 3.648257255554199219e-01 2.858563899993896484e+00 8.861894011497497559e-01 8.322699368000030518e-02 2.423126220703125000e+00
3.921045958995819092e-01 3.648257255554199219e-01 2.858563899993896484e+00 8.861894011497497559e-01 8.322699368000030518e-02 2.423126220703125000e+00
