0.000000000000000000e+00 0.000000000000000000e+00 0.000000000000000000e+00 0.000000000000000000e+00 0.000000000000000000e+00 0.000000000000000000e+00
0.000000000000000000e+00 0.000000000000000000e+00 0.000000000000000000e+00 0.000000000000000000e+00 0.000000000000000000e+00 0.000000000000000000e+00
0.000000000000000000e+00 0.000000000000000000e+00 0.000000000000000000e+00 0.000000000000000000e+00 0.000000000000000000e+00 0.000000000000000000e+00
0.000000000000000000e+00 0.000000000000000000e+00 0.000000000000000000e+00 0.000000000000000000e+00 0.000000000000000000e+00 0.000000000000000000e+00
0.000000000000000000e+00 0.000000000000000000e+00 0.000000000000000000e+00 0.000000000000000000e+00 0.000000000000000000e+00 0.000000000000000000e+00
0.000000000000000000e+00 0.000000000000000000e+00 0.000000000000000000e+00 0.000000000000000000e+00 0.000000000000000000e+00 0.000000000000000000e+00
0.000000000000000000e+00 0.000000000000000000e+00 0.000000000000000000e+00 0.000000000000000000e+00 0.000000000000000000e+00 0.000000000000000000e+00
0.000000000000000000e+00 0.000000000000000000e+00 0.000000000000000000e+00 0.000000000000000000e+00 0.000000000000000000e+00 0.000000000000000000e+00
0.000000000000000000e+00 0.000000000000000000e+00 0.000000000000000000e+00 0.000000000000000000e+00 0.000000000000000000e+00 0.000000000000000000e+00
0.000000000000000000e+00 0.000000000000000000e+00 0.000000000000000000e+00 0.000000000000000000e+00 0.000000000000000000e+00 0.000000000000000000e+00
0.000000000000000000e+00 0.000000000000000000e+00 0.000000000000000000e+00 0.000000000000000000e+00 0.000000000000000000e+00 0.000000000000000000e+00
0.000000000000000000e+00 0.000000000000000000e+00 0.000000000000000000e+00 0.000000000000000000e+00 0.000000000000000000e+00 0.000000000000000000e+00
0.000000000000000000e+00 0.000000000000000000e+00 0.000000000000000000e+00 0.000000000000000000e+00 0.000000000000000000e+00 0.000000000000000000e+00
0.000000000000000000e+00 0.000000000000000000e+00 0.000000000000000000e+00 0.000000000000000000e+00 0.000000000000000000e+00 0.000000000000000000e+00
0.000000000000000000e+00 0.000000000000000000e+00 0.000000000000000000e+00 0.000000000000000000e+00 0.000000000000000000e+00 0.000000000000000000e+00
0.000000000000000000e+00 0.000000000000000000e+00 0.000000000000000000e+00 0.000000000000000000e+00 0.000000000000000000e+00 0.000000000000000000e+00
0.000000000000000000e+00 0.000000000000000000e+00 0.000000000000000000e+00 0.000000000000000000e+00 0.000000000000000000e+00 0.000000000000000000e+00
0.000000000000000000e+00 0.000000000000000000e+00 0.000000000000000000e+00 0.000000000000000000e+00 0.000000000000000000e+00 0.000000000000000000e+00
0.000000000000000000e+00 0.000000000000000000e+00 0.000000000000000000e+00 0.000000000000000000e+00 0.000000000000000000e+00 0.000000000000000000e+00
0.000000000000000000e+00 0.000000000000000000e+00 0.000000000000000000e+00 0.000000000000000000e+00 0.000000000000000000e+00 0.000000000000000000e+00
0.000000000000000000e+00 0.000000000000000000e+00 0.000000000000000000e+00 0.000000000000000000e+00 0.000000000000000000e+00 0.000000000000000000e+00
0.000000000000000000e+00 0.000000000000000000e+00 0.000000000000000000e+00 0.000000000000000000e+00 0.000000000000000000e+00 0.000000000000000000e+00
0.000000000000000000e+00 0.000000000000000000e+00 0.000000000000000000e+00 0.000000000000000000e+00 0.000000000000000000e+00 0.000000000000000000e+00
0.000000000000000000e+00 0.000000000000000000e+00 0.000000000000000000e+00 0.000000000000000000e+00 0.000000000000000000e+00 0.000000000000000000e+00
0.000000000000000000e+00 0.000000000000000000e+00 0.000000000000000000e+00 0.000000000000000000e+00 0.000000000000000000e+00 0.000000000000000000e+00
0.000000000000000000e+00 0.000000000000000000e+00 0.000000000000000000e+00 0.000000000000000000e+00 0.000000000000000000e+00 0.000000000000000000e+00
0.000000000000000000e+00 0.000000000000000000e+00 0.000000000000000000e+00 0.000000000000000000e+00 0.000000000000000000e+00 0.000000000000000000e+00
0.000000000000000000e+00 0.000000000000000000e+00 0.000000000000000000e+00 0.000000000000000000e+00 0.000000000000000000e+00 0.000000000000000000e+00
0.000000000000000000e+00 0.000000000000000000e+00 0.000000000000000000e+00 0.000000000000000000e+00 0.000000000000000000e+00 0.000000000000000000e+00
0.000000000000000000e+00 0.000000000000000000e+00 0.000000000000000000e+00 0.000000000000000000e+00 0.000000000000000000e+00 0.000000000000000000e+00
0.000000000000000000e+00 0.000000000000000000e+00 0.000000000000000000e+00 0.000000000000000000e+00 0.000000000000000000e+00 0.000000000000000000e+00
0.000000000000000000e+00 0.000000000000000000e+00 0.000000000000000000e+00 0.000000000000000000e+00 0.000000000000000000e+00 0.000000000000000000e+00
0.000000000000000000e+00 0.000000000000000000e+00 0.000000000000000000e+00 0.000000000000000000e+00 0.000000000000000000e+00 0.000000000000000000e+00
0.000000000000000000e+00 0.000000000000000000e+00 0.000000000000000000e+00 0.000000000000000000e+00 0.000000000000000000e+00 0.000000000000000000e+00
0.000000000000000000e+00 0.000000000000000000e+00 0.000000000000000000e+00 0.000000000000000000e+00 0.000000000000000000e+00 0.000000000000000000e+00
0.000000000000000000e+00 0.000000000000000000e+00 0.000000000000000000e+00 0.000000000000000000e+00 0.000000000000000000e+00 0.000000000000000000e+00
0.000000000000000000e+00 0.000000000000000000e+00 0.000000000000000000e+00 0.000000000000000000e+00 0.000000000000000000e+00 0.000000000000000000e+00
0.000000000000000000e+00 0.000000000000000000e+00 0.000000000000000000e+00 0.000000000000000000e+00 0.000000000000000000e+00 0.000000000000000000e+00
0.000000000000000000e+00 0.000000000000000000e+00 0.000000000000000000e+00 0.000000000000000000e+00 0.000000000000000000e+00 0.000000000000000000e+00
0.000000000000000000e+00 0.000000000000000000e+00 0.000000000000000000e+00 0.000000000000000000e+00 0.000000000000000000e+00 0.000000000000000000e+00
0.000000000000000000e+00 0.000000000000000000e+00 0.000000000000000000e+00 0.000000000000000000e+00 0.000000000000000000e+00 0.000000000000000000e+00
0.000000000000000000e+00 0.000000000000000000e+00 0.000000000000000000e+00 0.000000000000000000e+00 0.000000000000000000e+00 0.000000000000000000e+00
0.000000000000000000e+00 0.000000000000000000e+00 0.000000000000000000e+00 0.000000000000000000e+00 0.000000000000000000e+00 0.000000000000000000e+00
0.000000000000000000e+00 0.000000000000000000e+00 0.000000000000000000e+00 0.000000000000000000e+00 0.000000000000000000e+00 0.000000000000000000e+00
0.000000000000000000e+00 0.000000000000000000e+00 0.000000000000000000e+00 0.000000000000000000e+00 0.000000000000000000e+00 0.000000000000000000e+00
0.000000000000000000e+00 0.000000000000000000e+00 0.000000000000000000e+00 0.000000000000000000e+00 0.000000000000000000e+00 0.000000000000000000e+00
0.000000000000000000e+00 0.000000000000000000e+00 0.000000000000000000e+00 0.000000000000000000e+00 0.000000000000000000e+00 0.000000000000000000e+00
0.000000000000000000e+00 0.000000000000000000e+00 0.000000000000000000e+00 0.000000000000000000e+00 0.000000000000000000e+00 0.000000000000000000e+00
0.000000000000000000e+00 0.000000000000000000e+00 0.000000000000000000e+00 0.000000000000000000e+00 0.000000000000000000e+00 0.000000000000000000e+00
0.000000000000000000e+00 0.000000000000000000e+00 0.000000000000000000e+00 0.000000000000000000e+00 0.000000000000000000e+00 0.000000000000000000e+00
0.000000000000000000e+00 0.000000000000000000e+00 0.000000000000000000e+00 0.000000000000000000e+00 0.000000000000000000e+00 0.000000000000000000e+00
0.000000000000000000e+00 0.000000000000000000e+00 0.000000000000000000e+00 0.000000000000000000e+00 0.000000000000000000e+00 0.000000000000000000e+00
0.000000000000000000e+00 0.000000000000000000e+00 0.000000000000000000e+00 0.000000000000000000e+00 0.000000000000000000e+00 0.000000000000000000e+00
0.000000000000000000e+00 0.000000000000000000e+00 0.000000000000000000e+00 0.000000000000000000e+00 0.000000000000000000e+00 0.000000000000000000e+00
0.000000000000000000e+00 0.000000000000000000e+00 0.000000000000000000e+00 0.000000000000000000e+00 0.000000000000000000e+00 0.000000000000000000e+00
0.000000000000000000e+00 0.000000000000000000e+00 0.000000000000000000e+00 0.000000000000000000e+00 0.000000000000000000e+00 0.000000000000000000e+00
0.000000000000000000e+00 0.000000000000000000e+00 0.000000000000000000e+00 0.000000000000000000e+00 0.000000000000000000e+00 0.000000000000000000e+00
0.000000000000000000e+00 0.000000000000000000e+00 0.000000000000000000e+00 0.000000000000000000e+00 0.000000000000000000e+00 0.000000000000000000e+00
0.000000000000000000e+00 0.000000000000000000e+00 0.000000000000000000e+00 0.000000000000000000e+00 0.000000000000000000e+00 0.000000000000000000e+00
0.000000000000000000e+00 0.000000000000000000e+00 0.000000000000000000e+00 0.000000000000000000e+00 0.000000000000000000e+00 0.000000000000000000e+00
0.000000000000000000e+00 0.000000000000000000e+00 0.000000000000000000e+00 0.000000000000000000e+00 0.000000000000000000e+00 0.000000000000000000e+00
0.000000000000000000e+00 0.000000000000000000e+00 0.000000000000000000e+00 0.000000000000000000e+00 0.000000000000000000e+00 0.000000000000000000e+00
0.000000000000000000e+00 0.000000000000000000e+00 0.000000000000000000e+00 0.000000000000000000e+00 0.000000000000000000e+00 0.000000000000000000e+00
0.000000000000000000e+00 0.000000000000000000e+00 0.000000000000000000e+00 0.000000000000000000e+00 0.000000000000000000e+00 0.000000000000000000e+00
0.000000000000000000e+00 0.000000000000000000e+00 0.000000000000000000e+00 0.000000000000000000e+00 0.000000000000000000e+00 0.000000000000000000e+00
0.000000000000000000e+00 0.000000000000000000e+00 0.000000000000000000e+00 0.000000000000000000e+00 0.000000000000000000e+00 0.000000000000000000e+00
0.000000000000000000e+00 0.000000000000000000e+00 0.000000000000000000e+00 0.000000000000000000e+00 0.000000000000000000e+00 0.000000000000000000e+00
0.000000000000000000e+00 0.000000000000000000e+00 0.000000000000000000e+00 0.000000000000000000e+00 0.000000000000000000e+00 0.000000000000000000e+00
0.000000000000000000e+00 0.000000000000000000e+00 0.000000000000000000e+00 0.000000000000000000e+00 0.000000000000000000e+00 0.000000000000000000e+00
0.000000000000000000e+00 0.000000000000000000e+00 0.000000000000000000e+00 0.000000000000000000e+00 0.000000000000000000e+00 0.000000000000000000e+00
0.000000000000000000e+00 0.000000000000000000e+00 0.000000000000000000e+00 0.000000000000000000e+00 0.000000000000000000e+00 0.000000000000000000e+00
0.000000000000000000e+00 0.000000000000000000e+00 0.000000000000000000e+00 0.000000000000000000e+00 0.000000000000000000e+00 0.000000000000000000e+00
0.000000000000000000e+00 0.000000000000000000e+00 0.000000000000000000e+00 0.000000000000000000e+00 0.000000000000000000e+00 0.000000000000000000e+00
0.000000000000000000e+00 0.000000000000000000e+00 0.000000000000000000e+00 0.000000000000000000e+00 0.000000000000000000e+00 0.000000000000000000e+00
0.000000000000000000e+00 0.000000000000000000e+00 0.000000000000000000e+00 0.000000000000000000e+00 0.000000000000000000e+00 0.000000000000000000e+00
0.000000000000000000e+00 0.000000000000000000e+00 0.000000000000000000e+00 0.000000000000000000e+00 0.000000000000000000e+00 0.000000000000000000e+00
0.000000000000000000e+00 0.000000000000000000e+00 0.000000000000000000e+00 0.000000000000000000e+00 0.000000000000000000e+00 0.000000000000000000e+00
0.000000000000000000e+00 0.000000000000000000e+00 0.000000000000000000e+00 0.000000000000000000e+00 0.000000000000000000e+00 0.000000000000000000e+00
0.000000000000000000e+00 0.000000000000000000e+00 0.000000000000000000e+00 0.000000000000000000e+00 0.000000000000000000e+00 0.000000000000000000e+00
0.000000000000000000e+00 0.000000000000000000e+00 0.000000000000000000e+00 0.000000000000000000e+00 0.000000000000000000e+00 0.000000000000000000e+00
0.000000000000000000e+00 0.000000000000000000e+00 0.000000000000000000e+00 0.000000000000000000e+00 0.000000000000000000e+00 0.000000000000000000e+00
0.000000000000000000e+00 0.000000000000000000e+00 0.000000000000000000e+00 0.000000000000000000e+00 0.000000000000000000e+00 0.000000000000000000e+00
0.000000000000000000e+00 0.000000000000000000e+00 0.000000000000000000e+00 0.000000000000000000e+00 0.000000000000000000e+00 0.000000000000000000e+00
0.000000000000000000e+00 0.000000000000000000e+00 0.000000000000000000e+00 0.000000000000000000e+00 0.000000000000000000e+00 0.000000000000000000e+00
0.000000000000000000e+00 0.000000000000000000e+00 0.000000000000000000e+00 0.000000000000000000e+00 0.000000000000000000e+00 0.000000000000000000e+00
0.000000000000000000e+00 0.000000000000000000e+00 0.000000000000000000e+00 0.000000000000000000e+00 0.000000000000000000e+00 0.000000000000000000e+00
0.000000000000000000e+00 0.000000000000000000e+00 0.000000000000000000e+00 0.000000000000000000e+00 0.000000000000000000e+00 0.000000000000000000e+00
0.000000000000000000e+00 0.000000000000000000e+00 0.000000000000000000e+00 0.000000000000000000e+00 0.000000000000000000e+00 0.000000000000000000e+00
0.000000000000000000e+00 0.000000000000000000e+00 0.000000000000000000e+00 0.000000000000000000e+00 0.000000000000000000e+00 0.000000000000000000e+00
0.000000000000000000e+00 0.000000000000000000e+00 0.000000000000000000e+00 0.000000000000000000e+00 0.000000000000000000e+00 0.000000000000000000e+00
0.000000000000000000e+00 0.000000000000000000e+00 0.000000000000000000e+00 0.000000000000000000e+00 0.000000000000000000e+00 0.000000000000000000e+00
0.000000000000000000e+00 0.000000000000000000e+00 0.000000000000000000e+00 0.000000000000000000e+00 0.000000000000000000e+00 0.000000000000000000e+00
0.000000000000000000e+00 0.000000000000000000e+00 0.000000000000000000e+00 0.000000000000000000e+00 0.000000000000000000e+00 0.000000000000000000e+00
0.000000000000000000e+00 0.000000000000000000e+00 0.000000000000000000e+00 0.000000000000000000e+00 0.000000000000000000e+00 0.000000000000000000e+00
0.000000000000000000e+00 0.000000000000000000e+00 0.000000000000000000e+00 0.000000000000000000e+00 0.000000000000000000e+00 0.000000000000000000e+00
0.000000000000000000e+00 0.000000000000000000e+00 0.000000000000000000e+00 0.000000000000000000e+00 0.000000000000000000e+00 0.000000000000000000e+00
0.000000000000000000e+00 0.000000000000000000e+00 0.000000000000000000e+00 0.000000000000000000e+00 0.000000000000000000e+00 0.000000000000000000e+00
0.000000000000000000e+00 0.000000000000000000e+00 0.000000000000000000e+00 0.000000000000000000e+00 0.000000000000000000e+00 0.000000000000000000e+00
0.000000000000000000e+00 0.000000000000000000e+00 0.000000000000000000e+00 0.000000000000000000e+00 0.000000000000000000e+00 0.000000000000000000e+00
0.000000000000000000e+00 0.000000000000000000e+00 0.000000000000000000e+00 0.000000000000000000e+00 0.000000000000000000e+00 0.000000000000000000e+00
0.000000000000000000e+00 0.000000000000000000e+00 0.000000000000000000e+00 0.000000000000000000e+00 0.000000000000000000e+00 0.000000000000000000e+00
2.481982298195362091e-02 9.021994471549987793e-02 5.869017448276281357e-03 2.115924609825015068e-03 3.386762738227844238e-02 3.718689829111099243e-02
4.963964596390724182e-02 1.804398894309997559e-01 1.173803489655256271e-02 4.231849219650030136e-03 6.773525476455688477e-02 7.437379658222198486e-02
7.445947080850601196e-02 2.706598341464996338e-01 1.760705187916755676e-02 6.347773596644401550e-03 1.016028746962547302e-01 1.115606948733329773e-01
9.927929192781448364e-02 3.608797788619995117e-01 2.347606979310512543e-02 8.463698439300060272e-03 1.354705095291137695e-01 1.487475931644439697e-01
1.240991130471229553e-01 4.510997235774993896e-01 2.934508770704269409e-02 1.057962235063314438e-02 1.693381220102310181e-01 1.859344989061355591e-01
1.489189416170120239e-01 5.413196682929992676e-01 3.521410375833511353e-02 1.269554719328880310e-02 2.032057493925094604e-01 2.231213897466659546e-01
1.737387627363204956e-01 6.315396428108215332e-01 4.108312353491783142e-02 1.481147203594446182e-02 2.370733767747879028e-01 2.603082954883575439e-01
1.985585838556289673e-01 7.217595577239990234e-01 4.695213958621025085e-02 1.692739687860012054e-02 2.709410190582275391e-01 2.974951863288879395e-01
2.233784049749374390e-01 8.119795322418212891e-01 5.282115936279296875e-02 1.904332078993320465e-02 3.048086166381835938e-01 3.346821069717407227e-01
2.481982260942459106e-01 9.021994471549987793e-01 5.869017541408538818e-02 2.115924470126628876e-02 3.386762440204620361e-01 3.718689978122711182e-01
2.730180621147155762e-01 9.924194216728210449e-01 6.455919146537780762e-02 2.327517047524452209e-02 3.725438714027404785e-01 4.090558886528015137e-01
2.978378832340240479e-01 1.082639336585998535e+00 7.042820751667022705e-02 2.539109438657760620e-02 4.064114987850189209e-01 4.462427794933319092e-01
3.226577043533325195e-01 1.172859311103820801e+00 7.629723101854324341e-02 2.750701829791069031e-02 4.402791261672973633e-01 4.834297001361846924e-01
3.474775254726409912e-01 1.263079285621643066e+00 8.216624706983566284e-02 2.962294407188892365e-02 4.741467535495758057e-01 5.206165909767150879e-01
3.722973465919494629e-01 1.353299140930175781e+00 8.803526312112808228e-02 3.173886612057685852e-02 5.080143809318542480e-01 5.578035116195678711e-01
3.971171677112579346e-01 1.443519115447998047e+00 9.390427917242050171e-02 3.385479375720024109e-02 5.418820381164550781e-01 5.949903726577758789e-01
4.219369888305664062e-01 1.533739089965820312e+00 9.977329522371292114e-02 3.597071766853332520e-02 5.757496356964111328e-01 6.321772933006286621e-01
4.467568099498748779e-01 1.623959064483642578e+00 1.056423187255859375e-01 3.808664157986640930e-02 6.096172332763671875e-01 6.693642139434814453e-01
4.715766310691833496e-01 1.714179039001464844e+00 1.115113347768783569e-01 4.020256549119949341e-02 6.434848904609680176e-01 7.065510749816894531e-01
4.963964521884918213e-01 1.804398894309997559e+00 1.173803508281707764e-01 4.231848940253257751e-02 6.773524880409240723e-01 7.437379956245422363e-01
5.212162733078002930e-01 1.894618868827819824e+00 1.232493668794631958e-01 4.443441331386566162e-02 7.112201452255249023e-01 7.809248566627502441e-01
5.460361242294311523e-01 1.984838843345642090e+00 1.291183829307556152e-01 4.655034095048904419e-02 7.450877428054809570e-01 8.181117773056030273e-01
5.708559155464172363e-01 2.075058698654174805e+00 1.349873989820480347e-01 4.866626486182212830e-02 7.789553999900817871e-01 8.552986979484558105e-01
5.956757664680480957e-01 2.165278673171997070e+00 1.408564150333404541e-01 5.078218877315521240e-02 8.128229975700378418e-01 8.924855589866638184e-01
6.204955577850341797e-01 2.255498647689819336e+00 1.467254310846328735e-01 5.289811268448829651e-02 8.466906547546386719e-01 9.296724796295166016e-01
6.453154087066650391e-01 2.345718622207641602e+00 1.525944620370864868e-01 5.501403659582138062e-02 8.805582523345947266e-01 9.668594002723693848e-01
6.701352000236511230e-01 2.435938596725463867e+00 1.584634780883789062e-01 5.712996050715446472e-02 9.144259095191955566e-01 1.004046320915222168e+00
6.949550509452819824e-01 2.526158571243286133e+00 1.643324941396713257e-01 5.924588814377784729e-02 9.482935070991516113e-01 1.041233181953430176e+00
7.197748422622680664e-01 2.616378545761108398e+00 1.702015101909637451e-01 6.136181205511093140e-02 9.821611642837524414e-01 1.078420042991638184e+00
7.445946931838989258e-01 2.706598281860351562e+00 1.760705262422561646e-01 6.347773224115371704e-02 1.016028761863708496e+00 1.115607023239135742e+00
7.414545416831970215e-01 2.678990125656127930e+00 2.324374765157699585e-01 6.424809992313385010e-02 1.042073845863342285e+00 1.175517559051513672e+00
7.383143901824951172e-01 2.651381969451904297e+00 2.888044118881225586e-01 6.501846760511398315e-02 1.068118810653686523e+00 1.235428094863891602e+00
7.351741790771484375e-01 2.623773574829101562e+00 3.451713621616363525e-01 6.578882783651351929e-02 1.094163775444030762e+00 1.295338630676269531e+00
7.320340275764465332e-01 2.596165418624877930e+00 4.015383124351501465e-01 6.655919551849365234e-02 1.120208859443664551e+00 1.355249285697937012e+00
7.288938760757446289e-01 2.568557262420654297e+00 4.579052627086639404e-01 6.732956320047378540e-02 1.146253824234008789e+00 1.415159821510314941e+00
7.257537245750427246e-01 2.540948867797851562e+00 5.142722129821777344e-01 6.809992343187332153e-02 1.172298908233642578e+00 1.475070357322692871e+00
7.226135730743408203e-01 2.513340711593627930e+00 5.706391334533691406e-01 6.887029111385345459e-02 1.198343873023986816e+00 1.534980893135070801e+00
7.194734215736389160e-01 2.485732555389404297e+00 6.270061135292053223e-01 6.964065879583358765e-02 1.224388957023620605e+00 1.594891548156738281e+00
7.163332700729370117e-01 2.458124160766601562e+00 6.833730340003967285e-01 7.041101902723312378e-02 1.250433921813964844e+00 1.654802083969116211e+00
7.131930589675903320e-01 2.430516004562377930e+00 7.397400140762329102e-01 7.118138670921325684e-02 1.276478886604309082e+00 1.714712619781494141e+00
7.100529074668884277e-01 2.402907848358154297e+00 7.961069345474243164e-01 7.195175439119338989e-02 1.302523970603942871e+00 1.774623155593872070e+00
7.069127559661865234e-01 2.375299453735351562e+00 8.524738550186157227e-01 7.272211462259292603e-02 1.328568935394287109e+00 1.834533810615539551e+00
7.037726044654846191e-01 2.347691297531127930e+00 9.088408350944519043e-01 7.349248230457305908e-02 1.354614019393920898e+00 1.894444346427917480e+00
7.006324529647827148e-01 2.320083141326904297e+00 9.652077555656433105e-01 7.426284998655319214e-02 1.380658984184265137e+00 1.954354882240295410e+00
6.974923014640808105e-01 2.292474985122680664e+00 1.021574735641479492e+00 7.503321021795272827e-02 1.406704068183898926e+00 2.014265537261962891e+00
6.943521499633789062e-01 2.264866590499877930e+00 1.077941656112670898e+00 7.580357789993286133e-02 1.432749032974243164e+00 2.074176073074340820e+00
6.912119984626770020e-01 2.237258434295654297e+00 1.134308576583862305e+00 7.657394558191299438e-02 1.458794116973876953e+00 2.134086608886718750e+00
6.880717873573303223e-01 2.209650278091430664e+00 1.190675616264343262e+00 7.734430581331253052e-02 1.484839081764221191e+00 2.193997144699096680e+00
6.849316358566284180e-01 2.182041883468627930e+00 1.247042536735534668e+00 7.811467349529266357e-02 1.510884046554565430e+00 2.253907680511474609e+00
6.817914843559265137e-01 2.154433727264404297e+00 1.303409457206726074e+00 7.888503372669219971e-02 1.536929130554199219e+00 2.313818216323852539e+00
6.786513328552246094e-01 2.126825571060180664e+00 1.359776377677917480e+00 7.965540140867233276e-02 1.562974095344543457e+00 2.373728990554809570e+00
6.755111813545227051e-01 2.099217176437377930e+00 1.416143298149108887e+00 8.042576909065246582e-02 1.589019179344177246e+00 2.433639526367187500e+00
6.723710298538208008e-01 2.071609020233154297e+00 1.472510337829589844e+00 8.119612932205200195e-02 1.615064144134521484e+00 2.493550062179565430e+00
6.692308783531188965e-01 2.044000864028930664e+00 1.528877258300781250e+00 8.196649700403213501e-02 1.641109228134155273e+00 2.553460597991943359e+00
6.660906672477722168e-01 2.016392469406127930e+00 1.585244178771972656e+00 8.273686468601226807e-02 1.667154192924499512e+00 2.613371133804321289e+00
6.629505157470703125e-01 1.988784313201904297e+00 1.641611099243164062e+00 8.350722491741180420e-02 1.693199276924133301e+00 2.673281669616699219e+00
6.598103642463684082e-01 1.961176037788391113e+00 1.697978138923645020e+00 8.427759259939193726e-02 1.719244241714477539e+00 2.733192205429077148e+00
6.566702127456665039e-01 1.933567762374877930e+00 1.754345059394836426e+00 8.504796028137207031e-02 1.745289206504821777e+00 2.793102741241455078e+00
6.535300612449645996e-01 1.905959606170654297e+00 1.810711979866027832e+00 8.581832051277160645e-02 1.771334290504455566e+00 2.853013515472412109e+00
6.503899097442626953e-01 1.878351330757141113e+00 1.867078900337219238e+00 8.658868819475173950e-02 1.797379255294799805e+00 2.912924051284790039e+00
7.265728116035461426e-01 1.826602935791015625e+00 1.898121595382690430e+00 1.051532328128814697e-01 1.808689713478088379e+00 2.912135124206542969e+00
8.027556538581848145e-01 1.774854660034179688e+00 1.929164409637451172e+00 1.237177848815917969e-01 1.820000171661376953e+00 2.911346197128295898e+00
8.789385557174682617e-01 1.723106265068054199e+00 1.960207104682922363e+00 1.422823369503021240e-01 1.831310629844665527e+00 2.910557270050048828e+00
9.551214575767517090e-01 1.671357989311218262e+00 1.991249799728393555e+00 1.608468741178512573e-01 1.842620968818664551e+00 2.909768581390380859e+00
1.031304359436035156e+00 1.619609594345092773e+00 2.022292613983154297e+00 1.794114261865615845e-01 1.853931427001953125e+00 2.908979654312133789e+00
1.107487201690673828e+00 1.567861199378967285e+00 2.053335189819335938e+00 1.979759782552719116e-01 1.865241885185241699e+00 2.908190727233886719e+00
1.183670163154602051e+00 1.516112923622131348e+00 2.084378004074096680e+00 2.165405303239822388e-01 1.876552343368530273e+00 2.907401800155639648e+00
1.259853005409240723e+00 1.464364528656005859e+00 2.115420579910278320e+00 2.351050674915313721e-01 1.887862801551818848e+00 2.906613111495971680e+00
1.336035966873168945e+00 1.412616252899169922e+00 2.146463394165039062e+00 2.536696195602416992e-01 1.899173140525817871e+00 2.905824184417724609e+00
1.412218809127807617e+00 1.360867857933044434e+00 2.177506208419799805e+00 2.722341716289520264e-01 1.910483598709106445e+00 2.905035257339477539e+00
1.488401651382446289e+00 1.309119462966918945e+00 2.208548784255981445e+00 2.907987236976623535e-01 1.921794056892395020e+00 2.904246330261230469e+00
1.564584612846374512e+00 1.257371187210083008e+00 2.239591598510742188e+00 3.093632757663726807e-01 1.933104515075683594e+00 2.903457403182983398e+00
1.640767455101013184e+00 1.205622792243957520e+00 2.270634174346923828e+00 3.279278278350830078e-01 1.944414854049682617e+00 2.902668714523315430e+00
1.716950416564941406e+00 1.153874516487121582e+00 2.301676988601684570e+00 3.464923501014709473e-01 1.955725312232971191e+00 2.901879787445068359e+00
1.793133258819580078e+00 1.102126121520996094e+00 2.332719802856445312e+00 3.650569021701812744e-01 1.967035770416259766e+00 2.901090860366821289e+00
1.869316101074218750e+00 1.050377726554870605e+00 2.363762378692626953e+00 3.836214542388916016e-01 1.978346228599548340e+00 2.900301933288574219e+00
1.945499062538146973e+00 9.986294507980346680e-01 2.394805192947387695e+00 4.021860063076019287e-01 1.989656686782836914e+00 2.899513244628906250e+00
2.021682024002075195e+00 9.468811154365539551e-01 2.425847768783569336e+00 4.207505583763122559e-01 2.000967025756835938e+00 2.898724317550659180e+00
2.097864866256713867e+00 8.951327204704284668e-01 2.456890583038330078e+00 4.393151104450225830e-01 2.012277603149414062e+00 2.897935390472412109e+00
2.174047708511352539e+00 8.433843851089477539e-01 2.487933158874511719e+00 4.578796625137329102e-01 2.023587942123413086e+00 2.897146463394165039e+00
2.250230550765991211e+00 7.916360497474670410e-01 2.518975973129272461e+00 4.764441847801208496e-01 2.034898281097412109e+00 2.896357774734497070e+00
2.326413393020629883e+00 7.398877143859863281e-01 2.550018787384033203e+00 4.950087368488311768e-01 2.046208858489990234e+00 2.895568847656250000e+00
2.402596473693847656e+00 6.881393790245056152e-01 2.581061363220214844e+00 5.135732889175415039e-01 2.057519197463989258e+00 2.894779920578002930e+00
2.478779315948486328e+00 6.363909840583801270e-01 2.612104177474975586e+00 5.321378707885742188e-01 2.068829774856567383e+00 2.893990993499755859e+00
2.554962158203125000e+00 5.846426486968994141e-01 2.643146753311157227e+00 5.507023930549621582e-01 2.080140113830566406e+00 2.893202304840087891e+00
2.631145000457763672e+00 5.328943133354187012e-01 2.674189567565917969e+00 5.692669153213500977e-01 2.091450452804565430e+00 2.892413377761840820e+00
2.707327842712402344e+00 4.811459779739379883e-01 2.705232381820678711e+00 5.878314971923828125e-01 2.102761030197143555e+00 2.891624450683593750e+00
2.783510923385620117e+00 4.293976128101348877e-01 2.736274957656860352e+00 6.063960194587707520e-01 2.114071369171142578e+00 2.890835523605346680e+00
2.859693765640258789e+00 3.776492774486541748e-01 2.767317771911621094e+00 6.249606013298034668e-01 2.125381946563720703e+00 2.890046596527099609e+00
2.935876607894897461e+00 3.259009122848510742e-01 2.798360347747802734e+00 6.435251235961914062e-01 2.136692285537719727e+00 2.889257907867431641e+00
2.935876607894897461e+00 3.259009122848510742e-01 2.798360347747802734e+00 6.435251235961914062e-01 2.136692285537719727e+00 2.889257907867431641e+00
2.935876607894897461e+00 3.259009122848510742e-01 2.798360347747802734e+00 6.435251235961914062e-01 2.136692285537719727e+00 2.889257907867431641e+00
2.935876607894897461e+00 3.259009122848510742e-01 2.798360347747802734e+00 6.435251235961914062e-01 2.136692285537719727e+00 2.889257907867431641e+00
2.935876607894897461e+00 3.259009122848510742e-01 2.798360347747802734e+00 6.435251235961914062e-01 2.136692285537719727e+00 2.889257907867431641e+00
2.935876607894897461e+00 3.259009122848510742e-01 2.798360347747802734e+00 6.435251235961914062e-01 2.136692285537719727e+00 2.889257907867431641e+00
2.935876607894897461e+00 3.259009122848510742e-01 2.798360347747802734e+00 6.435251235961914062e-01 2.136692285537719727e+00 2.889257907867431641e+00
2.935876607894897461e+00 3.259009122848510742e-01 2.798360347747802734e+00 6.435251235961914062e-01 2.136692285537719727e+00 2.889257907867431641e+00
2.935876607894897461e+00 3.259009122848510742e-01 2.798360347747802734e+00 6.435251235961914062e-01 2.136692285537719727e+00 2.889257907867431641e+00
2.935876607894897461e+00 3.259009122848510742e-01 2.798360347747802734e+00 6.435251235961914062e-01 2.136692285537719727e+00 2.889257907867431641e+00
2.935876607894897461e+00 3.259009122848510742e-01 2.798360347747802734e+00 6.435251235961914062e-01 2.136692285537719727e+00 2.889257907867431641e+00
2.935876607894897461e+00 3.259009122848510742e-01 2.798360347747802734e+00 6.435251235961914062e-01 2.136692285537719727e+00 2.889257907867431641e+00
2.935876607894897461e+00 3.259009122848510742e-01 2.798360347747802734e+00 6.435251235961914062e-01 2.136692285537719727e+00 2.889257907867431641e+00
2.935876607894897461e+00 3.259009122848510742e-01 2.798360347747802734e+00 6.435251235961914062e-01 2.136692285537719727e+00 2.889257907867431641e+00
2.935876607894897461e+00 3.259009122848510742e-01 2.798360347747802734e+00 6.435251235961914062e-01 2.136692285537719727e+00 2.889257907867431641e+00
2.935876607894897461e+00 3.259009122848510742e-01 2.798360347747802734e+00 6.435251235961914062e-01 2.136692285537719727e+00 2.889257907867431641e+00
2.935876607894897461e+00 3.259009122848510742e-01 2.798360347747802734e+00 6.435251235961914062e-01 2.136692285537719727e+00 2.889257907867431641e+00
2.935876607894897461e+00 3.259009122848510742e-01 2.798360347747802734e+00 6.435251235961914062e-01 2.136692285537719727e+00 2.889257907867431641e+00
2.935876607894897461e+00 3.259009122848510742e-01 2.798360347747802734e+00 6.435251235961914062e-01 2.136692285537719727e+00 2.889257907867431641e+00
2.935876607894897461e+00 3.259009122848510742e-01 2.798360347747802734e+00 6.435251235961914062e-01 2.136692285537719727e+00 2.889257907867431641e+00
2.935876607894897461e+00 3.259009122848510742e-01 2.798360347747802734e+00 6.435251235961914062e-01 2.136692285537719727e+00 2.889257907867431641e+00
2.935876607894897461e+00 3.259009122848510742e-01 2.798360347747802734e+00 6.435251235961914062e-01 2.136692285537719727e+00 2.889257907867431641e+00
2.935876607894897461e+00 3.259009122848510742e-01 2.798360347747802734e+00 6.435251235961914062e-01 2.136692285537719727e+00 2.889257907867431641e+00
2.935876607894897461e+00 3.259009122848510742e-01 2.798360347747802734e+00 6.435251235961914062e-01 2.136692285537719727e+00 2.889257907867431641e+00
2.935876607894897461e+00 3.259009122848510742e-01 2.798360347747802734e+00 6.435251235961914062e-01 2.136692285537719727e+00 2.889257907867431641e+00
2.935876607894897461e+00 3.259009122848510742e-01 2.798360347747802734e+00 6.435251235961914062e-01 2.136692285537719727e+00 2.889257907867431641e+00
2.935876607894897461e+00 3.259009122848510742e-01 2.798360347747802734e+00 6.435251235961914062e-01 2.136692285537719727e+00 2.889257907867431641e+00
2.935876607894897461e+00 3.259009122848510742e-01 2.798360347747802734e+00 6.435251235961914062e-01 2.136692285537719727e+00 2.889257907867431641e+00
2.935876607894897461e+00 3.259009122848510742e-01 2.798360347747802734e+00 6.435251235961914062e-01 2.136692285537719727e+00 2.889257907867431641e+00
2.935876607894897461e+00 3.259009122848510742e-01 2.798360347747802734e+00 6.435251235961914062e-01 2.136692285537719727e+00 2.889257907867431641e+00
2.935876607894897461e+00 3.259009122848510742e-01 2.798360347747802734e+00 6.435251235961914062e-01 2.136692285537719727e+00 2.889257907867431641e+00
2.935876607894897461e+00 3.259009122848510742e-01 2.798360347747802734e+00 6.435251235961914062e-01 2.136692285537719727e+00 2.889257907867431641e+00
2.935876607894897461e+00 3.259009122848510742e-01 2.798360347747802734e+00 6.435251235961914062e-01 2.136692285537719727e+00 2.889257907867431641e+00
2.935876607894897461e+00 3.259009122848510742e-01 2.798360347747802734e+00 6.435251235961914062e-01 2.136692285537719727e+00 2.889257907867431641e+00
2.935876607894897461e+00 3.259009122848510742e-01 2.798360347747802734e+00 6.435251235961914062e-01 2.136692285537719727e+00 2.889257907867431641e+00
2.935876607894897461e+00 3.259009122848510742e-01 2.798360347747802734e+00 6.435251235961914062e-01 2.136692285537719727e+00 2.889257907867431641e+00
2.935876607894897461e+00 3.259009122848510742e-01 2.798360347747802734e+00 6.435251235961914062e-01 2.136692285537719727e+00 2.889257907867431641e+00
2.935876607894897461e+00 3.259009122848510742e-01 2.798360347747802734e+00 6.435251235961914062e-01 2.136692285537719727e+00 2.889257907867431641e+00
2.935876607894897461e+00 3.259009122848510742e-01 2.798360347747802734e+00 6.435251235961914062e-01 2.136692285537719727e+00 2.889257907867431641e+00
2.935876607894897461e+00 3.259009122848510742e-01 2.798360347747802734e+00 6.435251235961914062e-01 2.136692285537719727e+00 2.889257907867431641e+00
2.935876607894897461e+00 3.259009122848510742e-01 2.798360347747802734e+00 6.435251235961914062e-01 2.136692285537719727e+00 2.889257907867431641e+00
2.935876607894897461e+00 3.259009122848510742e-01 2.798360347747802734e+00 6.435251235961914062e-01 2.136692285537719727e+00 2.889257907867431641e+00
2.935876607894897461e+00 3.259009122848510742e-01 2.798360347747802734e+00 6.435251235961914062e-01 2.136692285537719727e+00 2.889257907867431641e+00
2.935876607894897461e+00 3.259009122848510742e-01 2.798360347747802734e+00 6.435251235961914062e-01 2.136692285537719727e+00 2.889257907867431641e+00
2.935876607894897461e+00 3.259009122848510742e-01 2.798360347747802734e+00 6.435251235961914062e-01 2.136692285537719727e+00 2.889257907867431641e+00
2.935876607894897461e+00 3.259009122848510742e-01 2.798360347747802734e+00 6.435251235961914062e-01 2.136692285537719727e+00 2.889257907867431641e+00
2.935876607894897461e+00 3.259009122848510742e-01 2.798360347747802734e+00 6.435251235961914062e-01 2.136692285537719727e+00 2.889257907867431641e+00
2.935876607894897461e+00 3.259009122848510742e-01 2.798360347747802734e+00 6.435251235961914062e-01 2.136692285537719727e+00 2.889257907867431641e+00
2.935876607894897461e+00 3.259009122848510742e-01 2.798360347747802734e+00 6.435251235961914062e-01 2.136692285537719727e+00 2.889257907867431641e+00
2.935876607894897461e+00 3.259009122848510742e-01 2.798360347747802734e+00 6.435251235961914062e-01 2.136692285537719727e+00 2.889257907867431641e+00
2.935876607894897461e+00 3.259009122848510742e-01 2.798360347747802734e+00 6.435251235961914062e-01 2.136692285537719727e+00 2.889257907867431641e+00
2.935876607894897461e+00 3.259009122848510742e-01 2.798360347747802734e+00 6.435251235961914062e-01 2.136692285537719727e+00 2.889257907867431641e+00
2.935876607894897461e+00 3.259009122848510742e-01 2.798360347747802734e+00 6.435251235961914062e-01 2.136692285537719727e+00 2.889257907867431641e+00
2.935876607894897461e+00 3.259009122848510742e-01 2.798360347747802734e+00 6.435251235961914062e-01 2.136692285537719727e+00 2.889257907867431641e+00
2.935876607894897461e+00 3.259009122848510742e-01 2.798360347747802734e+00 6.435251235961914062e-01 2.136692285537719727e+00 2.889257907867431641e+00
2.935876607894897461e+00 3.259009122848510742e-01 2.798360347747802734e+00 6.435251235961914062e-01 2.136692285537719727e+00 2.889257907867431641e+00
2.935876607894897461e+00 3.259009122848510742e-01 2.798360347747802734e+00 6.435251235961914062e-01 2.136692285537719727e+00 2.889257907867431641e+00
2.935876607894897461e+00 3.259009122848510742e-01 2.798360347747802734e+00 6.435251235961914062e-01 2.136692285537719727e+00 2.889257907867431641e+00
2.935876607894897461e+00 3.259009122848510742e-01 2.798360347747802734e+00 6.435251235961914062e-01 2.136692285537719727e+00 2.889257907867431641e+00
2.935876607894897461e+00 3.259009122848510742e-01 2.798360347747802734e+00 6.435251235961914062e-01 2.136692285537719727e+00 2.889257907867431641e+00
2.935876607894897461e+00 3.259009122848510742e-01 2.798360347747802734e+00 6.435251235961914062e-01 2.136692285537719727e+00 2.889257907867431641e+00
