0.000000000000000000e+00 0.000000000000000000e+00 0.000000000000000000e+00 0.000000000000000000e+00 0.000000000000000000e+00 0.000000000000000000e+00
0.000000000000000000e+00 0.000000000000000000e+00 0.000000000000000000e+00 0.000000000000000000e+00 0.000000000000000000e+00 0.000000000000000000e+00
0.000000000000000000e+00 0.000000000000000000e+00 0.000000000000000000e+00 0.000000000000000000e+00 0.000000000000000000e+00 0.000000000000000000e+00
0.000000000000000000e+00 0.000000000000000000e+00 0.000000000000000000e+00 0.000000000000000000e+00 0.000000000000000000e+00 0.000000000000000000e+00
0.000000000000000000e+00 0.000000000000000000e+00 0.000000000000000000e+00 0.000000000000000000e+00 0.000000000000000000e+00 0.000000000000000000e+00
0.000000000000000000e+00 0.000000000000000000e+00 0.000000000000000000e+00 0.000000000000000000e+00 0.000000000000000000e+00 0.000000000000000000e+00
0.000000000000000000e+00 0.000000000000000000e+00 0.000000000000000000e+00 0.000000000000000000e+00 0.000000000000000000e+00 0.000000000000000000e+00
0.000000000000000000e+00 0.000000000000000000e+00 0.000000000000000000e+00 0.000000000000000000e+00 0.000000000000000000e+00 0.000000000000000000e+00
0.000000000000000000e+00 0.000000000000000000e+00 0.000000000000000000e+00 0.000000000000000000e+00 0.000000000000000000e+00 0.000000000000000000e+00
0.000000000000000000e+00 0.000000000000000000e+00 0.000000000000000000e+00 0.000000000000000000e+00 0.000000000000000000e+00 0.000000000000000000e+00
0.000000000000000000e+00 0.000000000000000000e+00 0.000000000000000000e+00 0.000000000000000000e+00 0.000000000000000000e+00 0.000000000000000000e+00
0.000000000000000000e+00 0.000000000000000000e+00 0.000000000000000000e+00 0.000000000000000000e+00 0.000000000000000000e+00 0.000000000000000000e+00
0.000000000000000000e+00 0.000000000000000000e+00 0.000000000000000000e+00 0.000000000000000000e+00 0.000000000000000000e+00 0.000000000000000000e+00
0.000000000000000000e+00 0.000000000000000000e+00 0.000000000000000000e+00 0.000000000000000000e+00 0.000000000000000000e+00 0.000000000000000000e+00
0.000000000000000000e+00 0.000000000000000000e+00 0.000000000000000000e+00 0.000000000000000000e+00 0.000000000000000000e+00 0.000000000000000000e+00
0.000000000000000000e+00 0.000000000000000000e+00 0.000000000000000000e+00 0.000000000000000000e+00 0.000000000000000000e+00 0.000000000000000000e+00
0.000000000000000000e+00 0.000000000000000000e+00 0.000000000000000000e+00 0.000000000000000000e+00 0.000000000000000000e+00 0.000000000000000000e+00
0.000000000000000000e+00 0.000000000000000000e+00 0.000000000000000000e+00 0.000000000000000000e+00 0.000000000000000000e+00 0.000000000000000000e+00
0.000000000000000000e+00 0.000000000000000000e+00 0.000000000000000000e+00 0.000000000000000000e+00 0.000000000000000000e+00 0.000000000000000000e+00
0.000000000000000000e+00 0.000000000000000000e+00 0.000000000000000000e+00 0.000000000000000000e+00 0.000000000000000000e+00 0.000000000000000000e+00
0.000000000000000000e+00 0.000000000000000000e+00 0.000000000000000000e+00 0.000000000000000000e+00 0.000000000000000000e+00 0.000000000000000000e+00
0.000000000000000000e+00 0.000000000000000000e+00 0.000000000000000000e+00 0.000000000000000000e+00 0.000000000000000000e+00 0.000000000000000000e+00
0.000000000000000000e+00 0.000000000000000000e+00 0.000000000000000000e+00 0.000000000000000000e+00 0.000000000000000000e+00 0.000000000000000000e+00
0.000000000000000000e+00 0.000000000000000000e+00 0.000000000000000000e+00 0.000000000000000000e+00 0.000000000000000000e+00 0.000000000000000000e+00
0.000000000000000000e+00 0.000000000000000000e+00 0.000000000000000000e+00 0.000000000000000000e+00 0.000000000000000000e+00 0.000000000000000000e+00
0.000000000000000000e+00 0.000000000000000000e+00 0.000000000000000000e+00 0.000000000000000000e+00 0.000000000000000000e+00 0.000000000000000000e+00
0.000000000000000000e+00 0.000000000000000000e+00 0.000000000000000000e+00 0.000000000000000000e+00 0.000000000000000000e+00 0.000000000000000000e+00
0.000000000000000000e+00 0.000000000000000000e+00 0.000000000000000000e+00 0.000000000000000000e+00 0.000000000000000000e+00 0.000000000000000000e+00
0.000000000000000000e+00 0.000000000000000000e+00 0.000000000000000000e+00 0.000000000000000000e+00 0.000000000000000000e+00 0.000000000000000000e+00
0.000000000000000000e+00 0.000000000000000000e+00 0.000000000000000000e+00 0.000000000000000000e+00 0.000000000000000000e+00 0.000000000000000000e+00
0.000000000000000000e+00 0.000000000000000000e+00 0.000000000000000000e+00 0.000000000000000000e+00 0.000000000000000000e+00 0.000000000000000000e+00
0.000000000000000000e+00 0.000000000000000000e+00 0.000000000000000000e+00 0.000000000000000000e+00 0.000000000000000000e+00 0.000000000000000000e+00
0.000000000000000000e+00 0.000000000000000000e+00 0.000000000000000000e+00 0.000000000000000000e+00 0.000000000000000000e+00 0.000000000000000000e+00
0.000000000000000000e+00 0.000000000000000000e+00 0.000000000000000000e+00 0.000000000000000000e+00 0.000000000000000000e+00 0.000000000000000000e+00
0.000000000000000000e+00 0.000000000000000000e+00 0.000000000000000000e+00 0.000000000000000000e+00 0.000000000000000000e+00 0.000000000000000000e+00
0.000000000000000000e+00 0.000000000000000000e+00 0.000000000000000000e+00 0.000000000000000000e+00 0.000000000000000000e+00 0.000000000000000000e+00
0.000000000000000000e+00 0.000000000000000000e+00 0.000000000000000000e+00 0.000000000000000000e+00 0.000000000000000000e+00 0.000000000000000000e+00
0.000000000000000000e+00 0.000000000000000000e+00 0.000000000000000000e+00 0.000000000000000000e+00 0.000000000000000000e+00 0.000000000000000000e+00
0.000000000000000000e+00 0.000000000000000000e+00 0.000000000000000000e+00 0.000000000000000000e+00 0.000000000000000000e+00 0.000000000000000000e+00
0.000000000000000000e+00 0.000000000000000000e+00 0.000000000000000000e+00 0.000000000000000000e+00 0.000000000000000000e+00 0.000000000000000000e+00
0.000000000000000000e+00 0.000000000000000000e+00 0.000000000000000000e+00 0.000000000000000000e+00 0.000000000000000000e+00 0.000000000000000000e+00
0.000000000000000000e+00 0.000000000000000000e+00 0.000000000000000000e+00 0.000000000000000000e+00 0.000000000000000000e+00 0.000000000000000000e+00
0.000000000000000000e+00 0.000000000000000000e+00 0.000000000000000000e+00 0.000000000000000000e+00 0.000000000000000000e+00 0.000000000000000000e+00
0.000000000000000000e+00 0.000000000000000000e+00 0.000000000000000000e+00 0.000000000000000000e+00 0.000000000000000000e+00 0.000000000000000000e+00
0.000000000000000000e+00 0.000000000000000000e+00 0.000000000000000000e+00 0.000000000000000000e+00 0.000000000000000000e+00 0.000000000000000000e+00
0.000000000000000000e+00 0.000000000000000000e+00 0.000000000000000000e+00 0.000000000000000000e+00 0.000000000000000000e+00 0.000000000000000000e+00
0.000000000000000000e+00 0.000000000000000000e+00 0.000000000000000000e+00 0.000000000000000000e+00 0.000000000000000000e+00 0.000000000000000000e+00
0.000000000000000000e+00 0.000000000000000000e+00 0.000000000000000000e+00 0.000000000000000000e+00 0.000000000000000000e+00 0.000000000000000000e+00
0.000000000000000000e+00 0.000000000000000000e+00 0.000000000000000000e+00 0.000000000000000000e+00 0.000000000000000000e+00 0.000000000000000000e+00
0.000000000000000000e+00 0.000000000000000000e+00 0.000000000000000000e+00 0.000000000000000000e+00 0.000000000000000000e+00 0.000000000000000000e+00
0.000000000000000000e+00 0.000000000000000000e+00 0.000000000000000000e+00 0.000000000000000000e+00 0.000000000000000000e+00 0.000000000000000000e+00
0.000000000000000000e+00 0.000000000000000000e+00 0.000000000000000000e+00 0.000000000000000000e+00 0.000000000000000000e+00 0.000000000000000000e+00
0.000000000000000000e+00 0.000000000000000000e+00 0.000000000000000000e+00 0.000000000000000000e+00 0.000000000000000000e+00 0.000000000000000000e+00
0.000000000000000000e+00 0.000000000000000000e+00 0.000000000000000000e+00 0.000000000000000000e+00 0.000000000000000000e+00 0.000000000000000000e+00
0.000000000000000000e+00 0.000000000000000000e+00 0.000000000000000000e+00 0.000000000000000000e+00 0.000000000000000000e+00 0.000000000000000000e+00
0.000000000000000000e+00 0.000000000000000000e+00 0.000000000000000000e+00 0.000000000000000000e+00 0.000000000000000000e+00 0.000000000000000000e+00
0.000000000000000000e+00 0.000000000000000000e+00 0.000000000000000000e+00 0.000000000000000000e+00 0.000000000000000000e+00 0.000000000000000000e+00
0.000000000000000000e+00 0.000000000000000000e+00 0.000000000000000000e+00 0.000000000000000000e+00 0.000000000000000000e+00 0.000000000000000000e+00
0.000000000000000000e+00 0.000000000000000000e+00 0.000000000000000000e+00 0.000000000000000000e+00 0.000000000000000000e+00 0.000000000000000000e+00
0.000000000000000000e+00 0.000000000000000000e+00 0.000000000000000000e+00 0.000000000000000000e+00 0.000000000000000000e+00 0.000000000000000000e+00
0.000000000000000000e+00 0.000000000000000000e+00 0.000000000000000000e+00 0.000000000000000000e+00 0.000000000000000000e+00 0.000000000000000000e+00
0.000000000000000000e+00 0.000000000000000000e+00 0.000000000000000000e+00 0.000000000000000000e+00 0.000000000000000000e+00 0.000000000000000000e+00
0.000000000000000000e+00 0.000000000000000000e+00 0.000000000000000000e+00 0.000000000000000000e+00 0.000000000000000000e+00 0.000000000000000000e+00
0.000000000000000000e+00 0.000000000000000000e+00 0.000000000000000000e+00 0.000000000000000000e+00 0.000000000000000000e+00 0.000000000000000000e+00
0.000000000000000000e+00 0.000000000000000000e+00 0.000000000000000000e+00 0.000000000000000000e+00 0.000000000000000000e+00 0.000000000000000000e+00
0.000000000000000000e+00 0.000000000000000000e+00 0.000000000000000000e+00 0.000000000000000000e+00 0.000000000000000000e+00 0.000000000000000000e+00
0.000000000000000000e+00 0.000000000000000000e+00 0.000000000000000000e+00 0.000000000000000000e+00 0.000000000000000000e+00 0.000000000000000000e+00
0.000000000000000000e+00 0.000000000000000000e+00 0.000000000000000000e+00 0.000000000000000000e+00 0.000000000000000000e+00 0.000000000000000000e+00
0.000000000000000000e+00 0.000000000000000000e+00 0.000000000000000000e+00 0.000000000000000000e+00 0.000000000000000000e+00 0.000000000000000000e+00
0.000000000000000000e+00 0.000000000000000000e+00 0.000000000000000000e+00 0.000000000000000000e+00 0.000000000000000000e+00 0.000000000000000000e+00
0.000000000000000000e+00 0.000000000000000000e+00 0.000000000000000000e+00 0.000000000000000000e+00 0.000000000000000000e+00 0.000000000000000000e+00
0.000000000000000000e+00 0.000000000000000000e+00 0.000000000000000000e+00 0.000000000000000000e+00 0.000000000000000000e+00 0.000000000000000000e+00
0.000000000000000000e+00 0.000000000000000000e+00 0.000000000000000000e+00 0.000000000000000000e+00 0.000000000000000000e+00 0.000000000000000000e+00
0.000000000000000000e+00 0.000000000000000000e+00 0.000000000000000000e+00 0.000000000000000000e+00 0.000000000000000000e+00 0.000000000000000000e+00
0.000000000000000000e+00 0.000000000000000000e+00 0.000000000000000000e+00 0.000000000000000000e+00 0.000000000000000000e+00 0.000000000000000000e+00
0.000000000000000000e+00 0.000000000000000000e+00 0.000000000000000000e+00 0.000000000000000000e+00 0.000000000000000000e+00 0.000000000000000000e+00
0.000000000000000000e+00 0.000000000000000000e+00 0.000000000000000000e+00 0.000000000000000000e+00 0.000000000000000000e+00 0.000000000000000000e+00
0.000000000000000000e+00 0.000000000000000000e+00 0.000000000000000000e+00 0.000000000000000000e+00 0.000000000000000000e+00 0.000000000000000000e+00
0.000000000000000000e+00 0.000000000000000000e+00 0.000000000000000000e+00 0.000000000000000000e+00 0.000000000000000000e+00 0.000000000000000000e+00
0.000000000000000000e+00 0.000000000000000000e+00 0.000000000000000000e+00 0.000000000000000000e+00 0.000000000000000000e+00 0.000000000000000000e+00
0.000000000000000000e+00 0.000000000000000000e+00 0.000000000000000000e+00 0.000000000000000000e+00 0.000000000000000000e+00 0.000000000000000000e+00
0.000000000000000000e+00 0.000000000000000000e+00 0.000000000000000000e+00 0.000000000000000000e+00 0.000000000000000000e+00 0.000000000000000000e+00
0.000000000000000000e+00 0.000000000000000000e+00 0.000000000000000000e+00 0.000000000000000000e+00 0.000000000000000000e+00 0.000000000000000000e+00
0.000000000000000000e+00 0.000000000000000000e+00 0.000000000000000000e+00 0.000000000000000000e+00 0.000000000000000000e+00 0.000000000000000000e+00
0.000000000000000000e+00 0.000000000000000000e+00 0.000000000000000000e+00 0.000000000000000000e+00 0.000000000000000000e+00 0.000000000000000000e+00
0.000000000000000000e+00 0.000000000000000000e+00 0.000000000000000000e+00 0.000000000000000000e+00 0.000000000000000000e+00 0.000000000000000000e+00
0.000000000000000000e+00 0.000000000000000000e+00 0.000000000000000000e+00 0.000000000000000000e+00 0.000000000000000000e+00 0.000000000000000000e+00
0.000000000000000000e+00 0.000000000000000000e+00 0.000000000000000000e+00 0.000000000000000000e+00 0.000000000000000000e+00 0.000000000000000000e+00
0.000000000000000000e+00 0.000000000000000000e+00 0.000000000000000000e+00 0.000000000000000000e+00 0.000000000000000000e+00 0.000000000000000000e+00
0.000000000000000000e+00 0.000000000000000000e+00 0.000000000000000000e+00 0.000000000000000000e+00 0.000000000000000000e+00 0.000000000000000000e+00
0.000000000000000000e+00 0.000000000000000000e+00 0.000000000000000000e+00 0.000000000000000000e+00 0.000000000000000000e+00 0.000000000000000000e+00
0.000000000000000000e+00 0.000000000000000000e+00 0.000000000000000000e+00 0.000000000000000000e+00 0.000000000000000000e+00 0.000000000000000000e+00
0.000000000000000000e+00 0.000000000000000000e+00 0.000000000000000000e+00 0.000000000000000000e+00 0.000000000000000000e+00 0.000000000000000000e+00
0.000000000000000000e+00 0.000000000000000000e+00 0.000000000000000000e+00 0.000000000000000000e+00 0.000000000000000000e+00 0.000000000000000000e+00
0.000000000000000000e+00 0.000000000000000000e+00 0.000000000000000000e+00 0.000000000000000000e+00 0.000000000000000000e+00 0.000000000000000000e+00
0.000000000000000000e+00 0.000000000000000000e+00 0.000000000000000000e+00 0.000000000000000000e+00 0.000000000000000000e+00 0.000000000000000000e+00
0.000000000000000000e+00 0.000000000000000000e+00 0.000000000000000000e+00 0.000000000000000000e+00 0.000000000000000000e+00 0.000000000000000000e+00
0.000000000000000000e+00 0.000000000000000000e+00 0.000000000000000000e+00 0.000000000000000000e+00 0.000000000000000000e+00 0.000000000000000000e+00
0.000000000000000000e+00 0.000000000000000000e+00 0.000000000000000000e+00 0.000000000000000000e+00 0.000000000000000000e+00 0.000000000000000000e+00
0.000000000000000000e+00 0.000000000000000000e+00 0.000000000000000000e+00 0.000000000000000000e+00 0.000000000000000000e+00 0.000000000000000000e+00
0.000000000000000000e+00 0.000000000000000000e+00 0.000000000000000000e+00 0.000000000000000000e+00 0.000000000000000000e+00 0.000000000000000000e+00
3.683527756948024035e-04 4.963994026184082031e-02 2.975026704370975494e-02 1.683303271420300007e-03 2.229018602520227432e-03 4.928775876760482788e-02
7.367055513896048069e-04 9.927988052368164062e-02 5.950053408741950989e-02 3.366606542840600014e-03 4.458037205040454865e-03 9.857551753520965576e-02
1.105058356188237667e-03 1.489198207855224609e-01 8.925080299377441406e-02 5.049909930676221848e-03 6.687056273221969604e-03 1.478632837533950806e-01
1.473411102779209614e-03 1.985597610473632812e-01 1.190010681748390198e-01 6.733213085681200027e-03 8.916074410080909729e-03 1.971510350704193115e-01
1.841763849370181561e-03 2.481997013092041016e-01 1.487513333559036255e-01 8.416515775024890900e-03 1.114509347826242447e-02 2.464388012886047363e-01
2.210116712376475334e-03 2.978396415710449219e-01 1.785016059875488281e-01 1.009981986135244370e-02 1.337411254644393921e-02 2.957265675067901611e-01
2.578469458967447281e-03 3.474795818328857422e-01 2.082518786191940308e-01 1.178312301635742188e-02 1.560313068330287933e-02 3.450143337249755859e-01
2.946822205558419228e-03 3.971195220947265625e-01 2.380021363496780396e-01 1.346642617136240005e-02 1.783214882016181946e-02 3.943020701408386230e-01
3.315174952149391174e-03 4.467594623565673828e-01 2.677524089813232422e-01 1.514972932636737823e-02 2.006116881966590881e-02 4.435898363590240479e-01
3.683527698740363121e-03 4.963994026184082031e-01 2.975026667118072510e-01 1.683303155004978180e-02 2.229018695652484894e-02 4.928776025772094727e-01
4.051880445331335068e-03 5.460393428802490234e-01 3.272529542446136475e-01 1.851633563637733459e-02 2.451920509338378906e-02 5.421653389930725098e-01
4.420233424752950668e-03 5.956792831420898438e-01 3.570032119750976562e-01 2.019963972270488739e-02 2.674822509288787842e-02 5.914531350135803223e-01
4.788585938513278961e-03 6.453192234039306641e-01 3.867534697055816650e-01 2.188294194638729095e-02 2.897724322974681854e-02 6.407408714294433594e-01
5.156938917934894562e-03 6.949591636657714844e-01 4.165037572383880615e-01 2.356624603271484375e-02 3.120626136660575867e-02 6.900286674499511719e-01
5.525291431695222855e-03 7.445991039276123047e-01 4.462540149688720703e-01 2.524954825639724731e-02 3.343528136610984802e-02 7.393164038658142090e-01
5.893644411116838455e-03 7.942390441894531250e-01 4.760042726993560791e-01 2.693285234272480011e-02 3.566429764032363892e-02 7.886041402816772461e-01
6.261996924877166748e-03 8.438789844512939453e-01 5.057545304298400879e-01 2.861615456640720367e-02 3.789331763982772827e-02 8.378919363021850586e-01
6.630349904298782349e-03 8.935189247131347656e-01 5.355048179626464844e-01 3.029945865273475647e-02 4.012233763933181763e-02 8.871796727180480957e-01
6.998702883720397949e-03 9.431588649749755859e-01 5.652551054954528809e-01 3.198276087641716003e-02 4.235135391354560852e-02 9.364674687385559082e-01
7.367055397480726242e-03 9.927988052368164062e-01 5.950053334236145020e-01 3.366606310009956360e-02 4.458037391304969788e-02 9.857552051544189453e-01
7.735408376902341843e-03 1.042438745498657227e+00 6.247556209564208984e-01 3.534936904907226562e-02 4.680939391255378723e-02 1.035043001174926758e+00
8.103760890662670135e-03 1.092078685760498047e+00 6.545059084892272949e-01 3.703267127275466919e-02 4.903841018676757812e-02 1.084330677986145020e+00
8.472113870084285736e-03 1.141718626022338867e+00 6.842561364173889160e-01 3.871597349643707275e-02 5.126743018627166748e-02 1.133618474006652832e+00
8.840466849505901337e-03 1.191358566284179688e+00 7.140064239501953125e-01 4.039927944540977478e-02 5.349645018577575684e-02 1.182906270027160645e+00
9.208818897604942322e-03 1.240998506546020508e+00 7.437567114830017090e-01 4.208258166909217834e-02 5.572546645998954773e-02 1.232194066047668457e+00
9.577171877026557922e-03 1.290638446807861328e+00 7.735069394111633301e-01 4.376588389277458191e-02 5.795448645949363708e-02 1.281481742858886719e+00
9.945524856448173523e-03 1.340278387069702148e+00 8.032572269439697266e-01 4.544918611645698547e-02 6.018350273370742798e-02 1.330769538879394531e+00
1.031387783586978912e-02 1.389918327331542969e+00 8.330075144767761230e-01 4.713249206542968750e-02 6.241252273321151733e-02 1.380057334899902344e+00
1.068223081529140472e-02 1.439558267593383789e+00 8.627577424049377441e-01 4.881579428911209106e-02 6.464154273271560669e-02 1.429345011711120605e+00
1.105058286339044571e-02 1.489198207855224609e+00 8.925080299377441406e-01 5.049909651279449463e-02 6.687056273221969604e-02 1.478632807731628418e+00
1.141893584281206131e-02 1.538838148117065430e+00 9.222583174705505371e-01 5.218239873647689819e-02 6.909958273172378540e-02 1.527920603752136230e+00
1.178728882223367691e-02 1.588478088378906250e+00 9.520085453987121582e-01 5.386570468544960022e-02 7.132859528064727783e-02 1.577208280563354492e+00
1.215564180165529251e-02 1.638118028640747070e+00 9.817588329315185547e-01 5.554900690913200378e-02 7.355761528015136719e-02 1.626496076583862305e+00
1.252399384975433350e-02 1.687757968902587891e+00 1.011509060859680176e+00 5.723230913281440735e-02 7.578663527965545654e-02 1.675783872604370117e+00
1.289234682917594910e-02 1.737397909164428711e+00 1.041259407997131348e+00 5.891561508178710938e-02 7.801565527915954590e-02 1.725071668624877930e+00
1.326069980859756470e-02 1.787037849426269531e+00 1.071009635925292969e+00 6.059891730546951294e-02 8.024467527866363525e-02 1.774359345436096191e+00
1.362905278801918030e-02 1.836677789688110352e+00 1.100759863853454590e+00 6.228221952915191650e-02 8.247368782758712769e-02 1.823647141456604004e+00
1.399740576744079590e-02 1.886317729949951172e+00 1.130510210990905762e+00 6.396552175283432007e-02 8.470270782709121704e-02 1.872934937477111816e+00
1.436575781553983688e-02 1.935957670211791992e+00 1.160260438919067383e+00 6.564882397651672363e-02 8.693172782659530640e-02 1.922222614288330078e+00
1.473411079496145248e-02 1.985597610473632812e+00 1.190010666847229004e+00 6.733212620019912720e-02 8.916074782609939575e-02 1.971510410308837891e+00
1.510246377438306808e-02 2.035237550735473633e+00 1.219761013984680176e+00 6.901543587446212769e-02 9.138976782560348511e-02 2.020798206329345703e+00
1.547081675380468369e-02 2.084877490997314453e+00 1.249511241912841797e+00 7.069873809814453125e-02 9.361878782510757446e-02 2.070086002349853516e+00
1.583916880190372467e-02 2.134517431259155273e+00 1.279261469841003418e+00 7.238204032182693481e-02 9.584780037403106689e-02 2.119373798370361328e+00
1.620752178132534027e-02 2.184157371520996094e+00 1.309011816978454590e+00 7.406534254550933838e-02 9.807682037353515625e-02 2.168661355972290039e+00
1.657587476074695587e-02 2.233797311782836914e+00 1.338762044906616211e+00 7.574864476919174194e-02 1.003058403730392456e-01 2.217949151992797852e+00
1.694422774016857147e-02 2.283437252044677734e+00 1.368512272834777832e+00 7.743194699287414551e-02 1.025348603725433350e-01 2.267236948013305664e+00
1.731258071959018707e-02 2.333077192306518555e+00 1.398262619972229004e+00 7.911524921655654907e-02 1.047638803720474243e-01 2.316524744033813477e+00
1.768093369901180267e-02 2.382717132568359375e+00 1.428012847900390625e+00 8.079855889081954956e-02 1.069929003715515137e-01 2.365812540054321289e+00
1.804928667843341827e-02 2.432357072830200195e+00 1.457763075828552246e+00 8.248186111450195312e-02 1.092219129204750061e-01 2.415100336074829102e+00
1.841763779520988464e-02 2.481997013092041016e+00 1.487513422966003418e+00 8.416516333818435669e-02 1.114509329199790955e-01 2.464388132095336914e+00
1.878599077463150024e-02 2.531636953353881836e+00 1.517263650894165039e+00 8.584846556186676025e-02 1.136799529194831848e-01 2.513675689697265625e+00
1.915434375405311584e-02 2.581276893615722656e+00 1.547013878822326660e+00 8.753176778554916382e-02 1.159089729189872742e-01 2.562963485717773438e+00
1.952269673347473145e-02 2.630916833877563477e+00 1.576764225959777832e+00 8.921507000923156738e-02 1.181379929184913635e-01 2.612251281738281250e+00
1.989104971289634705e-02 2.680556774139404297e+00 1.606514453887939453e+00 9.089837223291397095e-02 1.203670054674148560e-01 2.661539077758789062e+00
2.025940269231796265e-02 2.730196714401245117e+00 1.636264681816101074e+00 9.258167445659637451e-02 1.225960254669189453e-01 2.710826873779296875e+00
2.062775567173957825e-02 2.779836654663085938e+00 1.666015028953552246e+00 9.426498413085937500e-02 1.248250454664230347e-01 2.760114669799804688e+00
2.099610865116119385e-02 2.829476594924926758e+00 1.695765256881713867e+00 9.594828635454177856e-02 1.270540654659271240e-01 2.809402227401733398e+00
2.136446163058280945e-02 2.879116535186767578e+00 1.725515484809875488e+00 9.763158857822418213e-02 1.292830854654312134e-01 2.858690023422241211e+00
2.173281274735927582e-02 2.928756475448608398e+00 1.755265831947326660e+00 9.931489080190658569e-02 1.315121054649353027e-01 2.907977819442749023e+00
2.210116572678089142e-02 2.978396415710449219e+00 1.785016059875488281e+00 1.009981930255889893e-01 1.337411254644393921e-01 2.957265615463256836e+00
2.210116572678089142e-02 2.978396415710449219e+00 1.785016059875488281e+00 1.009981930255889893e-01 1.337411254644393921e-01 2.957265615463256836e+00
2.210116572678089142e-02 2.978396415710449219e+00 1.785016059875488281e+00 1.009981930255889893e-01 1.337411254644393921e-01 2.957265615463256836e+00
2.210116572678089142e-02 2.978396415710449219e+00 1.785016059875488281e+00 1.009981930255889893e-01 1.337411254644393921e-01 2.957265615463256836e+00
2.210116572678089142e-02 2.978396415710449219e+00 1.785016059875488281e+00 1.009981930255889893e-01 1.337411254644393921e-01 2.957265615463256836e+00
2.210116572678089142e-02 2.978396415710449219e+00 1.785016059875488281e+00 1.009981930255889893e-01 1.337411254644393921e-01 2.957265615463256836e+00
2.210116572678089142e-02 2.978396415710449219e+00 1.785016059875488281e+00 1.009981930255889893e-01 1.337411254644393921e-01 2.957265615463256836e+00
2.210116572678089142e-02 2.978396415710449219e+00 1.785016059875488281e+00 1.009981930255889893e-01 1.337411254644393921e-01 2.957265615463256836e+00
2.210116572678089142e-02 2.978396415710449219e+00 1.785016059875488281e+00 1.009981930255889893e-01 1.337411254644393921e-01 2.957265615463256836e+00
2.210116572678089142e-02 2.978396415710449219e+00 1.785016059875488281e+00 1.009981930255889893e-01 1.337411254644393921e-01 2.957265615463256836e+00
2.210116572678089142e-02 2.978396415710449219e+00 1.785016059875488281e+00 1.009981930255889893e-01 1.337411254644393921e-01 2.957265615463256836e+00
2.210116572678089142e-02 2.978396415710449219e+00 1.785016059875488281e+00 1.009981930255889893e-01 1.337411254644393921e-01 2.957265615463256836e+00
2.210116572678089142e-02 2.978396415710449219e+00 1.785016059875488281e+00 1.009981930255889893e-01 1.337411254644393921e-01 2.957265615463256836e+00
2.210116572678089142e-02 2.978396415710449219e+00 1.785016059875488281e+00 1.009981930255889893e-01 1.337411254644393921e-01 2.957265615463256836e+00
2.210116572678089142e-02 2.978396415710449219e+00 1.785016059875488281e+00 1.009981930255889893e-01 1.337411254644393921e-01 2.957265615463256836e+00
2.210116572678089142e-02 2.978396415710449219e+00 1.785016059875488281e+00 1.009981930255889893e-01 1.337411254644393921e-01 2.957265615463256836e+00
2.210116572678089142e-02 2.978396415710449219e+00 1.785016059875488281e+00 1.009981930255889893e-01 1.337411254644393921e-01 2.957265615463256836e+00
2.210116572678089142e-02 2.978396415710449219e+00 1.785016059875488281e+00 1.009981930255889893e-01 1.337411254644393921e-01 2.957265615463256836e+00
2.210116572678089142e-02 2.978396415710449219e+00 1.785016059875488281e+00 1.009981930255889893e-01 1.337411254644393921e-01 2.957265615463256836e+00
2.210116572678089142e-02 2.978396415710449219e+00 1.785016059875488281e+00 1.009981930255889893e-01 1.337411254644393921e-01 2.957265615463256836e+00
2.210116572678089142e-02 2.978396415710449219e+00 1.785016059875488281e+00 1.009981930255889893e-01 1.337411254644393921e-01 2.957265615463256836e+00
2.210116572678089142e-02 2.978396415710449219e+00 1.785016059875488281e+00 1.009981930255889893e-01 1.337411254644393921e-01 2.957265615463256836e+00
2.210116572678089142e-02 2.978396415710449219e+00 1.785016059875488281e+00 1.009981930255889893e-01 1.337411254644393921e-01 2.957265615463256836e+00
2.210116572678089142e-02 2.978396415710449219e+00 1.785016059875488281e+00 1.009981930255889893e-01 1.337411254644393921e-01 2.957265615463256836e+00
2.210116572678089142e-02 2.978396415710449219e+00 1.785016059875488281e+00 1.009981930255889893e-01 1.337411254644393921e-01 2.957265615463256836e+00
2.210116572678089142e-02 2.978396415710449219e+00 1.785016059875488281e+00 1.009981930255889893e-01 1.337411254644393921e-01 2.957265615463256836e+00
2.210116572678089142e-02 2.978396415710449219e+00 1.785016059875488281e+00 1.009981930255889893e-01 1.337411254644393921e-01 2.957265615463256836e+00
2.210116572678089142e-02 2.978396415710449219e+00 1.785016059875488281e+00 1.009981930255889893e-01 1.337411254644393921e-01 2.957265615463256836e+00
2.210116572678089142e-02 2.978396415710449219e+00 1.785016059875488281e+00 1.009981930255889893e-01 1.337411254644393921e-01 2.957265615463256836e+00
2.210116572678089142e-02 2.978396415710449219e+00 1.785016059875488281e+00 1.009981930255889893e-01 1.337411254644393921e-01 2.957265615463256836e+00
2.210116572678089142e-02 2.978396415710449219e+00 1.785016059875488281e+00 1.009981930255889893e-01 1.337411254644393921e-01 2.957265615463256836e+00
2.210116572678089142e-02 2.978396415710449219e+00 1.785016059875488281e+00 1.009981930255889893e-01 1.337411254644393921e-01 2.957265615463256836e+00
2.210116572678089142e-02 2.978396415710449219e+00 1.785016059875488281e+00 1.009981930255889893e-01 1.337411254644393921e-01 2.957265615463256836e+00
2.210116572678089142e-02 2.978396415710449219e+00 1.785016059875488281e+00 1.009981930255889893e-01 1.337411254644393921e-01 2.957265615463256836e+00
2.210116572678089142e-02 2.978396415710449219e+00 1.785016059875488281e+00 1.009981930255889893e-01 1.337411254644393921e-01 2.957265615463256836e+00
2.210116572678089142e-02 2.978396415710449219e+00 1.785016059875488281e+00 1.009981930255889893e-01 1.337411254644393921e-01 2.957265615463256836e+00
2.210116572678089142e-02 2.978396415710449219e+00 1.785016059875488281e+00 1.009981930255889893e-01 1.337411254644393921e-01 2.957265615463256836e+00
2.210116572678089142e-02 2.978396415710449219e+00 1.785016059875488281e+00 1.009981930255889893e-01 1.337411254644393921e-01 2.957265615463256836e+00
2.210116572678089142e-02 2.978396415710449219e+00 1.785016059875488281e+00 1.009981930255889893e-01 1.337411254644393921e-01 2.957265615463256836e+00
2.210116572678089142e-02 2.978396415710449219e+00 1.785016059875488281e+00 1.009981930255889893e-01 1.337411254644393921e-01 2.957265615463256836e+00
2.210116572678089142e-02 2.978396415710449219e+00 1.785016059875488281e+00 1.009981930255889893e-01 1.337411254644393921e-01 2.957265615463256836e+00
2.210116572678089142e-02 2.978396415710449219e+00 1.785016059875488281e+00 1.009981930255889893e-01 1.337411254644393921e-01 2.957265615463256836e+00
2.210116572678089142e-02 2.978396415710449219e+00 1.785016059875488281e+00 1.009981930255889893e-01 1.337411254644393921e-01 2.957265615463256836e+00
2.210116572678089142e-02 2.978396415710449219e+00 1.785016059875488281e+00 1.009981930255889893e-01 1.337411254644393921e-01 2.957265615463256836e+00
2.210116572678089142e-02 2.978396415710449219e+00 1.785016059875488281e+00 1.009981930255889893e-01 1.337411254644393921e-01 2.957265615463256836e+00
2.210116572678089142e-02 2.978396415710449219e+00 1.785016059875488281e+00 1.009981930255889893e-01 1.337411254644393921e-01 2.957265615463256836e+00
2.210116572678089142e-02 2.978396415710449219e+00 1.785016059875488281e+00 1.009981930255889893e-01 1.337411254644393921e-01 2.957265615463256836e+00
2.210116572678089142e-02 2.978396415710449219e+00 1.785016059875488281e+00 1.009981930255889893e-01 1.337411254644393921e-01 2.957265615463256836e+00
2.210116572678089142e-02 2.978396415710449219e+00 1.785016059875488281e+00 1.009981930255889893e-01 1.337411254644393921e-01 2.957265615463256836e+00
2.210116572678089142e-02 2.978396415710449219e+00 1.785016059875488281e+00 1.009981930255889893e-01 1.337411254644393921e-01 2.957265615463256836e+00
2.210116572678089142e-02 2.978396415710449219e+00 1.785016059875488281e+00 1.009981930255889893e-01 1.337411254644393921e-01 2.957265615463256836e+00
2.210116572678089142e-02 2.978396415710449219e+00 1.785016059875488281e+00 1.009981930255889893e-01 1.337411254644393921e-01 2.957265615463256836e+00
2.210116572678089142e-02 2.978396415710449219e+00 1.785016059875488281e+00 1.009981930255889893e-01 1.337411254644393921e-01 2.957265615463256836e+00
2.210116572678089142e-02 2.978396415710449219e+00 1.785016059875488281e+00 1.009981930255889893e-01 1.337411254644393921e-01 2.957265615463256836e+00
2.210116572678089142e-02 2.978396415710449219e+00 1.785016059875488281e+00 1.009981930255889893e-01 1.337411254644393921e-01 2.957265615463256836e+00
2.210116572678089142e-02 2.978396415710449219e+00 1.785016059875488281e+00 1.009981930255889893e-01 1.337411254644393921e-01 2.957265615463256836e+00
2.210116572678089142e-02 2.978396415710449219e+00 1.785016059875488281e+00 1.009981930255889893e-01 1.337411254644393921e-01 2.957265615463256836e+00
2.210116572678089142e-02 2.978396415710449219e+00 1.785016059875488281e+00 1.009981930255889893e-01 1.337411254644393921e-01 2.957265615463256836e+00
2.210116572678089142e-02 2.978396415710449219e+00 1.785016059875488281e+00 1.009981930255889893e-01 1.337411254644393921e-01 2.957265615463256836e+00
2.210116572678089142e-02 2.978396415710449219e+00 1.785016059875488281e+00 1.009981930255889893e-01 1.337411254644393921e-01 2.957265615463256836e+00
2.210116572678089142e-02 2.978396415710449219e+00 1.785016059875488281e+00 1.009981930255889893e-01 1.337411254644393921e-01 2.957265615463256836e+00
2.210116572678089142e-02 2.978396415710449219e+00 1.785016059875488281e+00 1.009981930255889893e-01 1.337411254644393921e-01 2.957265615463256836e+00
2.210116572678089142e-02 2.978396415710449219e+00 1.785016059875488281e+00 1.009981930255889893e-01 1.337411254644393921e-01 2.957265615463256836e+00
2.210116572678089142e-02 2.978396415710449219e+00 1.785016059875488281e+00 1.009981930255889893e-01 1.337411254644393921e-01 2.957265615463256836e+00
2.210116572678089142e-02 2.978396415710449219e+00 1.785016059875488281e+00 1.009981930255889893e-01 1.337411254644393921e-01 2.957265615463256836e+00
2.210116572678089142e-02 2.978396415710449219e+00 1.785016059875488281e+00 1.009981930255889893e-01 1.337411254644393921e-01 2.957265615463256836e+00
2.210116572678089142e-02 2.978396415710449219e+00 1.785016059875488281e+00 1.009981930255889893e-01 1.337411254644393921e-01 2.957265615463256836e+00
2.210116572678089142e-02 2.978396415710449219e+00 1.785016059875488281e+00 1.009981930255889893e-01 1.337411254644393921e-01 2.957265615463256836e+00
2.210116572678089142e-02 2.978396415710449219e+00 1.785016059875488281e+00 1.009981930255889893e-01 1.337411254644393921e-01 2.957265615463256836e+00
2.210116572678089142e-02 2.978396415710449219e+00 1.785016059875488281e+00 1.009981930255889893e-01 1.337411254644393921e-01 2.957265615463256836e+00
2.210116572678089142e-02 2.978396415710449219e+00 1.785016059875488281e+00 1.009981930255889893e-01 1.337411254644393921e-01 2.957265615463256836e+00
2.210116572678089142e-02 2.978396415710449219e+00 1.785016059875488281e+00 1.009981930255889893e-01 1.337411254644393921e-01 2.957265615463256836e+00
2.210116572678089142e-02 2.978396415710449219e+00 1.785016059875488281e+00 1.009981930255889893e-01 1.337411254644393921e-01 2.957265615463256836e+00
2.210116572678089142e-02 2.978396415710449219e+00 1.785016059875488281e+00 1.009981930255889893e-01 1.337411254644393921e-01 2.957265615463256836e+00
2.210116572678089142e-02 2.978396415710449219e+00 1.785016059875488281e+00 1.009981930255889893e-01 1.337411254644393921e-01 2.957265615463256836e+00
2.210116572678089142e-02 2.978396415710449219e+00 1.785016059875488281e+00 1.009981930255889893e-01 1.337411254644393921e-01 2.957265615463256836e+00
2.210116572678089142e-02 2.978396415710449219e+00 1.785016059875488281e+00 1.009981930255889893e-01 1.337411254644393921e-01 2.957265615463256836e+00
2.210116572678089142e-02 2.978396415710449219e+00 1.785016059875488281e+00 1.009981930255889893e-01 1.337411254644393921e-01 2.957265615463256836e+00
2.210116572678089142e-02 2.978396415710449219e+00 1.785016059875488281e+00 1.009981930255889893e-01 1.337411254644393921e-01 2.957265615463256836e+00
2.210116572678089142e-02 2.978396415710449219e+00 1.785016059875488281e+00 1.009981930255889893e-01 1.337411254644393921e-01 2.957265615463256836e+00
2.210116572678089142e-02 2.978396415710449219e+00 1.785016059875488281e+00 1.009981930255889893e-01 1.337411254644393921e-01 2.957265615463256836e+00
2.210116572678089142e-02 2.978396415710449219e+00 1.785016059875488281e+00 1.009981930255889893e-01 1.337411254644393921e-01 2.957265615463256836e+00
2.210116572678089142e-02 2.978396415710449219e+00 1.785016059875488281e+00 1.009981930255889893e-01 1.337411254644393921e-01 2.957265615463256836e+00
2.210116572678089142e-02 2.978396415710449219e+00 1.785016059875488281e+00 1.009981930255889893e-01 1.337411254644393921e-01 2.957265615463256836e+00
2.210116572678089142e-02 2.978396415710449219e+00 1.785016059875488281e+00 1.009981930255889893e-01 1.337411254644393921e-01 2.957265615463256836e+00
2.210116572678089142e-02 2.978396415710449219e+00 1.785016059875488281e+00 1.009981930255889893e-01 1.337411254644393921e-01 2.957265615463256836e+00
2.210116572678089142e-02 2.978396415710449219e+00 1.785016059875488281e+00 1.009981930255889893e-01 1.337411254644393921e-01 2.957265615463256836e+00
2.210116572678089142e-02 2.978396415710449219e+00 1.785016059875488281e+00 1.009981930255889893e-01 1.337411254644393921e-01 2.957265615463256836e+00
2.210116572678089142e-02 2.978396415710449219e+00 1.785016059875488281e+00 1.009981930255889893e-01 1.337411254644393921e-01 2.957265615463256836e+00
2.210116572678089142e-02 2.978396415710449219e+00 1.785016059875488281e+00 1.009981930255889893e-01 1.337411254644393921e-01 2.957265615463256836e+00
2.210116572678089142e-02 2.978396415710449219e+00 1.785016059875488281e+00 1.009981930255889893e-01 1.337411254644393921e-01 2.957265615463256836e+00
