0.000000000000000000e+00 0.000000000000000000e+00 0.000000000000000000e+00 0.000000000000000000e+00 0.000000000000000000e+00 0.000000000000000000e+00
0.000000000000000000e+00 0.000000000000000000e+00 0.000000000000000000e+00 0.000000000000000000e+00 0.000000000000000000e+00 0.000000000000000000e+00
0.000000000000000000e+00 0.000000000000000000e+00 0.000000000000000000e+00 0.000000000000000000e+00 0.000000000000000000e+00 0.000000000000000000e+00
0.000000000000000000e+00 0.000000000000000000e+00 0.000000000000000000e+00 0.000000000000000000e+00 0.000000000000000000e+00 0.000000000000000000e+00
0.000000000000000000e+00 0.000000000000000000e+00 0.000000000000000000e+00 0.000000000000000000e+00 0.000000000000000000e+00 0.000000000000000000e+00
0.000000000000000000e+00 0.000000000000000000e+00 0.000000000000000000e+00 0.000000000000000000e+00 0.000000000000000000e+00 0.000000000000000000e+00
0.000000000000000000e+00 0.000000000000000000e+00 0.000000000000000000e+00 0.000000000000000000e+00 0.000000000000000000e+00 0.000000000000000000e+00
0.000000000000000000e+00 0.000000000000000000e+00 0.000000000000000000e+00 0.000000000000000000e+00 0.000000000000000000e+00 0.000000000000000000e+00
0.000000000000000000e+00 0.000000000000000000e+00 0.000000000000000000e+00 0.000000000000000000e+00 0.000000000000000000e+00 0.000000000000000000e+00
0.000000000000000000e+00 0.000000000000000000e+00 0.000000000000000000e+00 0.000000000000000000e+00 0.000000000000000000e+00 0.000000000000000000e+00
0.000000000000000000e+00 0.000000000000000000e+00 0.000000000000000000e+00 0.000000000000000000e+00 0.000000000000000000e+00 0.000000000000000000e+00
0.000000000000000000e+00 0.000000000000000000e+00 0.000000000000000000e+00 0.000000000000000000e+00 0.000000000000000000e+00 0.000000000000000000e+00
0.000000000000000000e+00 0.000000000000000000e+00 0.000000000000000000e+00 0.000000000000000000e+00 0.000000000000000000e+00 0.000000000000000000e+00
0.000000000000000000e+00 0.000000000000000000e+00 0.000000000000000000e+00 0.000000000000000000e+00 0.000000000000000000e+00 0.000000000000000000e+00
0.000000000000000000e+00 0.000000000000000000e+00 0.000000000000000000e+00 0.000000000000000000e+00 0.000000000000000000e+00 0.000000000000000000e+00
0.000000000000000000e+00 0.000000000000000000e+00 0.000000000000000000e+00 0.000000000000000000e+00 0.000000000000000000e+00 0.000000000000000000e+00
0.000000000000000000e+00 0.000000000000000000e+00 0.000000000000000000e+00 0.000000000000000000e+00 0.000000000000000000e+00 0.000000000000000000e+00
0.000000000000000000e+00 0.000000000000000000e+00 0.000000000000000000e+00 0.000000000000000000e+00 0.000000000000000000e+00 0.000000000000000000e+00
0.000000000000000000e+00 0.000000000000000000e+00 0.000000000000000000e+00 0.000000000000000000e+00 0.000000000000000000e+00 0.000000000000000000e+00
0.000000000000000000e+00 0.000000000000000000e+00 0.000000000000000000e+00 0.000000000000000000e+00 0.000000000000000000e+00 0.000000000000000000e+00
0.000000000000000000e+00 0.000000000000000000e+00 0.000000000000000000e+00 0.000000000000000000e+00 0.000000000000000000e+00 0.000000000000000000e+00
0.000000000000000000e+00 0.000000000000000000e+00 0.000000000000000000e+00 0.000000000000000000e+00 0.000000000000000000e+00 0.000000000000000000e+00
0.000000000000000000e+00 0.000000000000000000e+00 0.000000000000000000e+00 0.000000000000000000e+00 0.000000000000000000e+00 0.000000000000000000e+00
0.000000000000000000e+00 0.000000000000000000e+00 0.000000000000000000e+00 0.000000000000000000e+00 0.000000000000000000e+00 0.000000000000000000e+00
0.000000000000000000e+00 0.000000000000000000e+00 0.000000000000000000e+00 0.000000000000000000e+00 0.000000000000000000e+00 0.000000000000000000e+00
0.000000000000000000e+00 0.000000000000000000e+00 0.000000000000000000e+00 0.000000000000000000e+00 0.000000000000000000e+00 0.000000000000000000e+00
0.000000000000000000e+00 0.000000000000000000e+00 0.000000000000000000e+00 0.000000000000000000e+00 0.000000000000000000e+00 0.000000000000000000e+00
0.000000000000000000e+00 0.000000000000000000e+00 0.000000000000000000e+00 0.000000000000000000e+00 0.000000000000000000e+00 0.000000000000000000e+00
0.000000000000000000e+00 0.000000000000000000e+00 0.000000000000000000e+00 0.000000000000000000e+00 0.000000000000000000e+00 0.000000000000000000e+00
0.000000000000000000e+00 0.000000000000000000e+00 0.000000000000000000e+00 0.000000000000000000e+00 0.000000000000000000e+00 0.000000000000000000e+00
0.000000000000000000e+00 0.000000000000000000e+00 0.000000000000000000e+00 0.000000000000000000e+00 0.000000000000000000e+00 0.000000000000000000e+00
0.000000000000000000e+00 0.000000000000000000e+00 0.000000000000000000e+00 0.000000000000000000e+00 0.000000000000000000e+00 0.000000000000000000e+00
0.000000000000000000e+00 0.000000000000000000e+00 0.000000000000000000e+00 0.000000000000000000e+00 0.000000000000000000e+00 0.000000000000000000e+00
0.000000000000000000e+00 0.000000000000000000e+00 0.000000000000000000e+00 0.000000000000000000e+00 0.000000000000000000e+00 0.000000000000000000e+00
0.000000000000000000e+00 0.000000000000000000e+00 0.000000000000000000e+00 0.000000000000000000e+00 0.000000000000000000e+00 0.000000000000000000e+00
0.000000000000000000e+00 0.000000000000000000e+00 0.000000000000000000e+00 0.000000000000000000e+00 0.000000000000000000e+00 0.000000000000000000e+00
0.000000000000000000e+00 0.000000000000000000e+00 0.000000000000000000e+00 0.000000000000000000e+00 0.000000000000000000e+00 0.000000000000000000e+00
0.000000000000000000e+00 0.000000000000000000e+00 0.000000000000000000e+00 0.000000000000000000e+00 0.000000000000000000e+00 0.000000000000000000e+00
0.000000000000000000e+00 0.000000000000000000e+00 0.000000000000000000e+00 0.000000000000000000e+00 0.000000000000000000e+00 0.000000000000000000e+00
0.000000000000000000e+00 0.000000000000000000e+00 0.000000000000000000e+00 0.000000000000000000e+00 0.000000000000000000e+00 0.000000000000000000e+00
0.000000000000000000e+00 0.000000000000000000e+00 0.000000000000000000e+00 0.000000000000000000e+00 0.000000000000000000e+00 0.000000000000000000e+00
0.000000000000000000e+00 0.000000000000000000e+00 0.000000000000000000e+00 0.000000000000000000e+00 0.000000000000000000e+00 0.000000000000000000e+00
0.000000000000000000e+00 0.000000000000000000e+00 0.000000000000000000e+00 0.000000000000000000e+00 0.000000000000000000e+00 0.000000000000000000e+00
0.000000000000000000e+00 0.000000000000000000e+00 0.000000000000000000e+00 0.000000000000000000e+00 0.000000000000000000e+00 0.000000000000000000e+00
0.000000000000000000e+00 0.000000000000000000e+00 0.000000000000000000e+00 0.000000000000000000e+00 0.000000000000000000e+00 0.000000000000000000e+00
0.000000000000000000e+00 0.000000000000000000e+00 0.000000000000000000e+00 0.000000000000000000e+00 0.000000000000000000e+00 0.000000000000000000e+00
0.000000000000000000e+00 0.000000000000000000e+00 0.000000000000000000e+00 0.000000000000000000e+00 0.000000000000000000e+00 0.000000000000000000e+00
0.000000000000000000e+00 0.000000000000000000e+00 0.000000000000000000e+00 0.000000000000000000e+00 0.000000000000000000e+00 0.000000000000000000e+00
0.000000000000000000e+00 0.000000000000000000e+00 0.000000000000000000e+00 0.000000000000000000e+00 0.000000000000000000e+00 0.000000000000000000e+00
0.000000000000000000e+00 0.000000000000000000e+00 0.000000000000000000e+00 0.000000000000000000e+00 0.000000000000000000e+00 0.000000000000000000e+00
0.000000000000000000e+00 0.000000000000000000e+00 0.000000000000000000e+00 0.000000000000000000e+00 0.000000000000000000e+00 0.000000000000000000e+00
0.000000000000000000e+00 0.000000000000000000e+00 0.000000000000000000e+00 0.000000000000000000e+00 0.000000000000000000e+00 0.000000000000000000e+00
0.000000000000000000e+00 0.000000000000000000e+00 0.000000000000000000e+00 0.000000000000000000e+00 0.000000000000000000e+00 0.000000000000000000e+00
0.000000000000000000e+00 0.000000000000000000e+00 0.000000000000000000e+00 0.000000000000000000e+00 0.000000000000000000e+00 0.000000000000000000e+00
0.000000000000000000e+00 0.000000000000000000e+00 0.000000000000000000e+00 0.000000000000000000e+00 0.000000000000000000e+00 0.000000000000000000e+00
0.000000000000000000e+00 0.000000000000000000e+00 0.000000000000000000e+00 0.000000000000000000e+00 0.000000000000000000e+00 0.000000000000000000e+00
0.000000000000000000e+00 0.000000000000000000e+00 0.000000000000000000e+00 0.000000000000000000e+00 0.000000000000000000e+00 0.000000000000000000e+00
0.000000000000000000e+00 0.000000000000000000e+00 0.000000000000000000e+00 0.000000000000000000e+00 0.000000000000000000e+00 0.000000000000000000e+00
0.000000000000000000e+00 0.000000000000000000e+00 0.000000000000000000e+00 0.000000000000000000e+00 0.000000000000000000e+00 0.000000000000000000e+00
0.000000000000000000e+00 0.000000000000000000e+00 0.000000000000000000e+00 0.000000000000000000e+00 0.000000000000000000e+00 0.000000000000000000e+00
0.000000000000000000e+00 0.000000000000000000e+00 0.000000000000000000e+00 0.000000000000000000e+00 0.000000000000000000e+00 0.000000000000000000e+00
0.000000000000000000e+00 0.000000000000000000e+00 0.000000000000000000e+00 0.000000000000000000e+00 0.000000000000000000e+00 0.000000000000000000e+00
0.000000000000000000e+00 0.000000000000000000e+00 0.000000000000000000e+00 0.000000000000000000e+00 0.000000000000000000e+00 0.000000000000000000e+00
0.000000000000000000e+00 0.000000000000000000e+00 0.000000000000000000e+00 0.000000000000000000e+00 0.000000000000000000e+00 0.000000000000000000e+00
0.000000000000000000e+00 0.000000000000000000e+00 0.000000000000000000e+00 0.000000000000000000e+00 0.000000000000000000e+00 0.000000000000000000e+00
0.000000000000000000e+00 0.000000000000000000e+00 0.000000000000000000e+00 0.000000000000000000e+00 0.000000000000000000e+00 0.000000000000000000e+00
0.000000000000000000e+00 0.000000000000000000e+00 0.000000000000000000e+00 0.000000000000000000e+00 0.000000000000000000e+00 0.000000000000000000e+00
0.000000000000000000e+00 0.000000000000000000e+00 0.000000000000000000e+00 0.000000000000000000e+00 0.000000000000000000e+00 0.000000000000000000e+00
0.000000000000000000e+00 0.000000000000000000e+00 0.000000000000000000e+00 0.000000000000000000e+00 0.000000000000000000e+00 0.000000000000000000e+00
0.000000000000000000e+00 0.000000000000000000e+00 0.000000000000000000e+00 0.000000000000000000e+00 0.000000000000000000e+00 0.000000000000000000e+00
0.000000000000000000e+00 0.000000000000000000e+00 0.000000000000000000e+00 0.000000000000000000e+00 0.000000000000000000e+00 0.000000000000000000e+00
0.000000000000000000e+00 0.000000000000000000e+00 0.000000000000000000e+00 0.000000000000000000e+00 0.000000000000000000e+00 0.000000000000000000e+00
0.000000000000000000e+00 0.000000000000000000e+00 0.000000000000000000e+00 0.000000000000000000e+00 0.000000000000000000e+00 0.000000000000000000e+00
0.000000000000000000e+00 0.000000000000000000e+00 0.000000000000000000e+00 0.000000000000000000e+00 0.000000000000000000e+00 0.000000000000000000e+00
0.000000000000000000e+00 0.000000000000000000e+00 0.000000000000000000e+00 0.000000000000000000e+00 0.000000000000000000e+00 0.000000000000000000e+00
0.000000000000000000e+00 0.000000000000000000e+00 0.000000000000000000e+00 0.000000000000000000e+00 0.000000000000000000e+00 0.000000000000000000e+00
0.000000000000000000e+00 0.000000000000000000e+00 0.000000000000000000e+00 0.000000000000000000e+00 0.000000000000000000e+00 0.000000000000000000e+00
0.000000000000000000e+00 0.000000000000000000e+00 0.000000000000000000e+00 0.000000000000000000e+00 0.000000000000000000e+00 0.000000000000000000e+00
0.000000000000000000e+00 0.000000000000000000e+00 0.000000000000000000e+00 0.000000000000000000e+00 0.000000000000000000e+00 0.000000000000000000e+00
0.000000000000000000e+00 0.000000000000000000e+00 0.000000000000000000e+00 0.000000000000000000e+00 0.000000000000000000e+00 0.000000000000000000e+00
0.000000000000000000e+00 0.000000000000000000e+00 0.000000000000000000e+00 0.000000000000000000e+00 0.000000000000000000e+00 0.000000000000000000e+00
0.000000000000000000e+00 0.000000000000000000e+00 0.000000000000000000e+00 0.000000000000000000e+00 0.000000000000000000e+00 0.000000000000000000e+00
0.000000000000000000e+00 0.000000000000000000e+00 0.000000000000000000e+00 0.000000000000000000e+00 0.000000000000000000e+00 0.000000000000000000e+00
0.000000000000000000e+00 0.000000000000000000e+00 0.000000000000000000e+00 0.000000000000000000e+00 0.000000000000000000e+00 0.000000000000000000e+00
0.000000000000000000e+00 0.000000000000000000e+00 0.000000000000000000e+00 0.000000000000000000e+00 0.000000000000000000e+00 0.000000000000000000e+00
0.000000000000000000e+00 0.000000000000000000e+00 0.000000000000000000e+00 0.000000000000000000e+00 0.000000000000000000e+00 0.000000000000000000e+00
0.000000000000000000e+00 0.000000000000000000e+00 0.000000000000000000e+00 0.000000000000000000e+00 0.000000000000000000e+00 0.000000000000000000e+00
0.000000000000000000e+00 0.000000000000000000e+00 0.000000000000000000e+00 0.000000000000000000e+00 0.000000000000000000e+00 0.000000000000000000e+00
0.000000000000000000e+00 0.000000000000000000e+00 0.000000000000000000e+00 0.000000000000000000e+00 0.000000000000000000e+00 0.000000000000000000e+00
0.000000000000000000e+00 0.000000000000000000e+00 0.000000000000000000e+00 0.000000000000000000e+00 0.000000000000000000e+00 0.000000000000000000e+00
0.000000000000000000e+00 0.000000000000000000e+00 0.000000000000000000e+00 0.000000000000000000e+00 0.000000000000000000e+00 0.000000000000000000e+00
0.000000000000000000e+00 0.000000000000000000e+00 0.000000000000000000e+00 0.000000000000000000e+00 0.000000000000000000e+00 0.000000000000000000e+00
0.000000000000000000e+00 0.000000000000000000e+00 0.000000000000000000e+00 0.000000000000000000e+00 0.000000000000000000e+00 0.000000000000000000e+00
0.000000000000000000e+00 0.000000000000000000e+00 0.000000000000000000e+00 0.000000000000000000e+00 0.000000000000000000e+00 0.000000000000000000e+00
0.000000000000000000e+00 0.000000000000000000e+00 0.000000000000000000e+00 0.000000000000000000e+00 0.000000000000000000e+00 0.000000000000000000e+00
0.000000000000000000e+00 0.000000000000000000e+00 0.000000000000000000e+00 0.000000000000000000e+00 0.000000000000000000e+00 0.000000000000000000e+00
0.000000000000000000e+00 0.000000000000000000e+00 0.000000000000000000e+00 0.000000000000000000e+00 0.000000000000000000e+00 0.000000000000000000e+00
0.000000000000000000e+00 0.000000000000000000e+00 0.000000000000000000e+00 0.000000000000000000e+00 0.000000000000000000e+00 0.000000000000000000e+00
0.000000000000000000e+00 0.000000000000000000e+00 0.000000000000000000e+00 0.000000000000000000e+00 0.000000000000000000e+00 0.000000000000000000e+00
0.000000000000000000e+00 0.000000000000000000e+00 0.000000000000000000e+00 0.000000000000000000e+00 0.000000000000000000e+00 0.000000000000000000e+00
0.000000000000000000e+00 0.000000000000000000e+00 0.000000000000000000e+00 0.000000000000000000e+00 0.000000000000000000e+00 0.000000000000000000e+00
7.678827643394470215e-02 5.612190812826156616e-02 5.675838142633438110e-02 8.000240474939346313e-02 4.035655409097671509e-02 1.592366024851799011e-02
1.535765528678894043e-01 1.122438162565231323e-01 1.135167628526687622e-01 1.600048094987869263e-01 8.071310818195343018e-02 3.184732049703598022e-02
2.303648293018341064e-01 1.683657318353652954e-01 1.702751368284225464e-01 2.400072216987609863e-01 1.210696622729301453e-01 4.777098074555397034e-02
3.071531057357788086e-01 2.244876325130462646e-01 2.270335257053375244e-01 3.200096189975738525e-01 1.614262163639068604e-01 6.369464099407196045e-02
3.839413821697235107e-01 2.806095480918884277e-01 2.837918996810913086e-01 4.000120162963867188e-01 2.017827779054641724e-01 7.961829751729965210e-02
4.607296586036682129e-01 3.367314636707305908e-01 3.405502736568450928e-01 4.800144433975219727e-01 2.421393245458602905e-01 9.554196149110794067e-02
5.375179052352905273e-01 3.928533792495727539e-01 3.973086476325988770e-01 5.600168108940124512e-01 2.824958860874176025e-01 1.114656180143356323e-01
6.143062114715576172e-01 4.489752650260925293e-01 4.540670514106750488e-01 6.400192379951477051e-01 3.228524327278137207e-01 1.273892819881439209e-01
6.910944581031799316e-01 5.050972104072570801e-01 5.108253955841064453e-01 7.200216650962829590e-01 3.632089793682098389e-01 1.433129459619522095e-01
7.678827643394470215e-01 5.612190961837768555e-01 5.675837993621826172e-01 8.000240325927734375e-01 4.035655558109283447e-01 1.592365950345993042e-01
8.446710109710693359e-01 6.173409819602966309e-01 6.243422031402587891e-01 8.800264596939086914e-01 4.439221024513244629e-01 1.751602590084075928e-01
9.214593172073364258e-01 6.734629273414611816e-01 6.811005473136901855e-01 9.600288867950439453e-01 4.842786490917205811e-01 1.910839229822158813e-01
9.982475638389587402e-01 7.295848131179809570e-01 7.378589510917663574e-01 1.040031313896179199e+00 5.246351957321166992e-01 2.070075869560241699e-01
1.075035810470581055e+00 7.857067584991455078e-01 7.946172952651977539e-01 1.120033621788024902e+00 5.649917721748352051e-01 2.229312360286712646e-01
1.151824116706848145e+00 8.418286442756652832e-01 8.513756990432739258e-01 1.200036048889160156e+00 6.053483486175537109e-01 2.388549000024795532e-01
1.228612422943115234e+00 8.979505300521850586e-01 9.081341028213500977e-01 1.280038475990295410e+00 6.457048654556274414e-01 2.547785639762878418e-01
1.305400609970092773e+00 9.540724754333496094e-01 9.648924469947814941e-01 1.360040903091430664e+00 6.860614418983459473e-01 2.707022130489349365e-01
1.382188916206359863e+00 1.010194420814514160e+00 1.021650791168212891e+00 1.440043330192565918e+00 7.264179587364196777e-01 2.866258919239044189e-01
1.458977222442626953e+00 1.066316246986389160e+00 1.078409194946289062e+00 1.520045757293701172e+00 7.667745351791381836e-01 3.025495409965515137e-01
1.535765528678894043e+00 1.122438192367553711e+00 1.135167598724365234e+00 1.600048065185546875e+00 8.071311116218566895e-01 3.184731900691986084e-01
1.612553715705871582e+00 1.178560137748718262e+00 1.191926002502441406e+00 1.680050492286682129e+00 8.474876284599304199e-01 3.343968689441680908e-01
1.689342021942138672e+00 1.234681963920593262e+00 1.248684406280517578e+00 1.760052919387817383e+00 8.878442049026489258e-01 3.503205180168151855e-01
1.766130328178405762e+00 1.290803909301757812e+00 1.305442690849304199e+00 1.840055346488952637e+00 9.282007813453674316e-01 3.662441670894622803e-01
1.842918634414672852e+00 1.346925854682922363e+00 1.362201094627380371e+00 1.920057773590087891e+00 9.685572981834411621e-01 3.821678459644317627e-01
1.919706821441650391e+00 1.403047680854797363e+00 1.418959498405456543e+00 2.000060081481933594e+00 1.008913874626159668e+00 3.980914950370788574e-01
1.996495127677917480e+00 1.459169626235961914e+00 1.475717902183532715e+00 2.080062627792358398e+00 1.049270391464233398e+00 4.140151739120483398e-01
2.073283433914184570e+00 1.515291571617126465e+00 1.532476305961608887e+00 2.160064935684204102e+00 1.089627027511596680e+00 4.299388229846954346e-01
2.150071620941162109e+00 1.571413516998291016e+00 1.589234590530395508e+00 2.240067243576049805e+00 1.129983544349670410e+00 4.458624720573425293e-01
2.226860046386718750e+00 1.627535343170166016e+00 1.645992994308471680e+00 2.320069789886474609e+00 1.170340061187744141e+00 4.617861509323120117e-01
2.303648233413696289e+00 1.683657288551330566e+00 1.702751398086547852e+00 2.400072097778320312e+00 1.210696697235107422e+00 4.777098000049591064e-01
2.274405002593994141e+00 1.676858901977539062e+00 1.705781221389770508e+00 2.329937934875488281e+00 1.221749424934387207e+00 5.569518804550170898e-01
2.245162010192871094e+00 1.670060515403747559e+00 1.708811044692993164e+00 2.259803771972656250e+00 1.232802152633666992e+00 6.361939907073974609e-01
2.215919017791748047e+00 1.663262248039245605e+00 1.711840867996215820e+00 2.189669609069824219e+00 1.243854880332946777e+00 7.154361009597778320e-01
2.186675786972045898e+00 1.656463861465454102e+00 1.714870691299438477e+00 2.119535446166992188e+00 1.254907608032226562e+00 7.946782112121582031e-01
2.157432794570922852e+00 1.649665474891662598e+00 1.717900395393371582e+00 2.049401044845581055e+00 1.265960335731506348e+00 8.739203214645385742e-01
2.128189563751220703e+00 1.642867088317871094e+00 1.720930218696594238e+00 1.979266881942749023e+00 1.277013063430786133e+00 9.531623721122741699e-01
2.098946571350097656e+00 1.636068701744079590e+00 1.723960041999816895e+00 1.909132719039916992e+00 1.288065791130065918e+00 1.032404541969299316e+00
2.069703340530395508e+00 1.629270434379577637e+00 1.726989865303039551e+00 1.838998556137084961e+00 1.299118518829345703e+00 1.111646533012390137e+00
2.040460348129272461e+00 1.622472047805786133e+00 1.730019688606262207e+00 1.768864274024963379e+00 1.310171246528625488e+00 1.190888643264770508e+00
2.011217117309570312e+00 1.615673661231994629e+00 1.733049511909484863e+00 1.698730111122131348e+00 1.321223974227905273e+00 1.270130753517150879e+00
1.981974124908447266e+00 1.608875274658203125e+00 1.736079335212707520e+00 1.628595948219299316e+00 1.332276701927185059e+00 1.349372863769531250e+00
1.952731013298034668e+00 1.602077007293701172e+00 1.739109158515930176e+00 1.558461666107177734e+00 1.343329429626464844e+00 1.428614974021911621e+00
1.923487901687622070e+00 1.595278620719909668e+00 1.742138981819152832e+00 1.488327503204345703e+00 1.354382157325744629e+00 1.507857084274291992e+00
1.894244790077209473e+00 1.588480234146118164e+00 1.745168685913085938e+00 1.418193340301513672e+00 1.365434885025024414e+00 1.587099194526672363e+00
1.865001678466796875e+00 1.581681847572326660e+00 1.748198509216308594e+00 1.348059058189392090e+00 1.376487612724304199e+00 1.666341304779052734e+00
1.835758566856384277e+00 1.574883460998535156e+00 1.751228332519531250e+00 1.277924895286560059e+00 1.387540340423583984e+00 1.745583415031433105e+00
1.806515455245971680e+00 1.568085193634033203e+00 1.754258155822753906e+00 1.207790613174438477e+00 1.398593068122863770e+00 1.824825525283813477e+00
1.777272343635559082e+00 1.561286807060241699e+00 1.757287979125976562e+00 1.137656450271606445e+00 1.409645795822143555e+00 1.904067516326904297e+00
1.748029232025146484e+00 1.554488420486450195e+00 1.760317802429199219e+00 1.067522287368774414e+00 1.420698523521423340e+00 1.983309626579284668e+00
1.718786120414733887e+00 1.547690033912658691e+00 1.763347625732421875e+00 9.973880648612976074e-01 1.431751251220703125e+00 2.062551736831665039e+00
1.689543008804321289e+00 1.540891647338867188e+00 1.766377449035644531e+00 9.272538423538208008e-01 1.442804098129272461e+00 2.141793966293334961e+00
1.660299897193908691e+00 1.534093379974365234e+00 1.769407153129577637e+00 8.571196198463439941e-01 1.453856825828552246e+00 2.221035957336425781e+00
1.631056785583496094e+00 1.527294993400573730e+00 1.772436976432800293e+00 7.869854569435119629e-01 1.464909553527832031e+00 2.300277948379516602e+00
1.601813673973083496e+00 1.520496606826782227e+00 1.775466799736022949e+00 7.168512344360351562e-01 1.475962281227111816e+00 2.379520177841186523e+00
1.572570562362670898e+00 1.513698220252990723e+00 1.778496623039245605e+00 6.467170119285583496e-01 1.487015008926391602e+00 2.458762168884277344e+00
1.543327450752258301e+00 1.506899952888488770e+00 1.781526446342468262e+00 5.765827894210815430e-01 1.498067736625671387e+00 2.538004398345947266e+00
1.514084458351135254e+00 1.500101566314697266e+00 1.784556269645690918e+00 5.064486265182495117e-01 1.509120464324951172e+00 2.617246389389038086e+00
1.484841346740722656e+00 1.493303179740905762e+00 1.787586092948913574e+00 4.363144040107727051e-01 1.520173192024230957e+00 2.696488618850708008e+00
1.455598235130310059e+00 1.486504793167114258e+00 1.790615916252136230e+00 3.661802113056182861e-01 1.531225919723510742e+00 2.775730609893798828e+00
1.426355123519897461e+00 1.479706406593322754e+00 1.793645739555358887e+00 2.960459887981414795e-01 1.542278647422790527e+00 2.854972839355468750e+00
1.426355123519897461e+00 1.479706406593322754e+00 1.793645739555358887e+00 2.960459887981414795e-01 1.542278647422790527e+00 2.854972839355468750e+00
1.426355123519897461e+00 1.479706406593322754e+00 1.793645739555358887e+00 2.960459887981414795e-01 1.542278647422790527e+00 2.854972839355468750e+00
1.426355123519897461e+00 1.479706406593322754e+00 1.793645739555358887e+00 2.960459887981414795e-01 1.542278647422790527e+00 2.854972839355468750e+00
1.426355123519897461e+00 1.479706406593322754e+00 1.793645739555358887e+00 2.960459887981414795e-01 1.542278647422790527e+00 2.854972839355468750e+00
1.426355123519897461e+00 1.479706406593322754e+00 1.793645739555358887e+00 2.960459887981414795e-01 1.542278647422790527e+00 2.854972839355468750e+00
1.426355123519897461e+00 1.479706406593322754e+00 1.793645739555358887e+00 2.960459887981414795e-01 1.542278647422790527e+00 2.854972839355468750e+00
1.426355123519897461e+00 1.479706406593322754e+00 1.793645739555358887e+00 2.960459887981414795e-01 1.542278647422790527e+00 2.854972839355468750e+00
1.426355123519897461e+00 1.479706406593322754e+00 1.793645739555358887e+00 2.960459887981414795e-01 1.542278647422790527e+00 2.854972839355468750e+00
1.426355123519897461e+00 1.479706406593322754e+00 1.793645739555358887e+00 2.960459887981414795e-01 1.542278647422790527e+00 2.854972839355468750e+00
1.426355123519897461e+00 1.479706406593322754e+00 1.793645739555358887e+00 2.960459887981414795e-01 1.542278647422790527e+00 2.854972839355468750e+00
1.426355123519897461e+00 1.479706406593322754e+00 1.793645739555358887e+00 2.960459887981414795e-01 1.542278647422790527e+00 2.854972839355468750e+00
1.426355123519897461e+00 1.479706406593322754e+00 1.793645739555358887e+00 2.960459887981414795e-01 1.542278647422790527e+00 2.854972839355468750e+00
1.426355123519897461e+00 1.479706406593322754e+00 1.793645739555358887e+00 2.960459887981414795e-01 1.542278647422790527e+00 2.854972839355468750e+00
1.426355123519897461e+00 1.479706406593322754e+00 1.793645739555358887e+00 2.960459887981414795e-01 1.542278647422790527e+00 2.854972839355468750e+00
1.426355123519897461e+00 1.479706406593322754e+00 1.793645739555358887e+00 2.960459887981414795e-01 1.542278647422790527e+00 2.854972839355468750e+00
1.426355123519897461e+00 1.479706406593322754e+00 1.793645739555358887e+00 2.960459887981414795e-01 1.542278647422790527e+00 2.854972839355468750e+00
1.426355123519897461e+00 1.479706406593322754e+00 1.793645739555358887e+00 2.960459887981414795e-01 1.542278647422790527e+00 2.854972839355468750e+00
1.426355123519897461e+00 1.479706406593322754e+00 1.793645739555358887e+00 2.960459887981414795e-01 1.542278647422790527e+00 2.854972839355468750e+00
1.426355123519897461e+00 1.479706406593322754e+00 1.793645739555358887e+00 2.960459887981414795e-01 1.542278647422790527e+00 2.854972839355468750e+00
1.426355123519897461e+00 1.479706406593322754e+00 1.793645739555358887e+00 2.960459887981414795e-01 1.542278647422790527e+00 2.854972839355468750e+00
1.426355123519897461e+00 1.479706406593322754e+00 1.793645739555358887e+00 2.960459887981414795e-01 1.542278647422790527e+00 2.854972839355468750e+00
1.426355123519897461e+00 1.479706406593322754e+00 1.793645739555358887e+00 2.960459887981414795e-01 1.542278647422790527e+00 2.854972839355468750e+00
1.426355123519897461e+00 1.479706406593322754e+00 1.793645739555358887e+00 2.960459887981414795e-01 1.542278647422790527e+00 2.854972839355468750e+00
1.426355123519897461e+00 1.479706406593322754e+00 1.793645739555358887e+00 2.960459887981414795e-01 1.542278647422790527e+00 2.854972839355468750e+00
1.426355123519897461e+00 1.479706406593322754e+00 1.793645739555358887e+00 2.960459887981414795e-01 1.542278647422790527e+00 2.854972839355468750e+00
1.426355123519897461e+00 1.479706406593322754e+00 1.793645739555358887e+00 2.960459887981414795e-01 1.542278647422790527e+00 2.854972839355468750e+00
1.426355123519897461e+00 1.479706406593322754e+00 1.793645739555358887e+00 2.960459887981414795e-01 1.542278647422790527e+00 2.854972839355468750e+00
1.426355123519897461e+00 1.479706406593322754e+00 1.793645739555358887e+00 2.960459887981414795e-01 1.542278647422790527e+00 2.854972839355468750e+00
1.426355123519897461e+00 1.479706406593322754e+00 1.793645739555358887e+00 2.960459887981414795e-01 1.542278647422790527e+00 2.854972839355468750e+00
1.426355123519897461e+00 1.479706406593322754e+00 1.793645739555358887e+00 2.960459887981414795e-01 1.542278647422790527e+00 2.854972839355468750e+00
1.426355123519897461e+00 1.479706406593322754e+00 1.793645739555358887e+00 2.960459887981414795e-01 1.542278647422790527e+00 2.854972839355468750e+00
1.426355123519897461e+00 1.479706406593322754e+00 1.793645739555358887e+00 2.960459887981414795e-01 1.542278647422790527e+00 2.854972839355468750e+00
1.426355123519897461e+00 1.479706406593322754e+00 1.793645739555358887e+00 2.960459887981414795e-01 1.542278647422790527e+00 2.854972839355468750e+00
1.426355123519897461e+00 1.479706406593322754e+00 1.793645739555358887e+00 2.960459887981414795e-01 1.542278647422790527e+00 2.854972839355468750e+00
1.426355123519897461e+00 1.479706406593322754e+00 1.793645739555358887e+00 2.960459887981414795e-01 1.542278647422790527e+00 2.854972839355468750e+00
1.426355123519897461e+00 1.479706406593322754e+00 1.793645739555358887e+00 2.960459887981414795e-01 1.542278647422790527e+00 2.854972839355468750e+00
1.426355123519897461e+00 1.479706406593322754e+00 1.793645739555358887e+00 2.960459887981414795e-01 1.542278647422790527e+00 2.854972839355468750e+00
1.426355123519897461e+00 1.479706406593322754e+00 1.793645739555358887e+00 2.960459887981414795e-01 1.542278647422790527e+00 2.854972839355468750e+00
1.426355123519897461e+00 1.479706406593322754e+00 1.793645739555358887e+00 2.960459887981414795e-01 1.542278647422790527e+00 2.854972839355468750e+00
1.426355123519897461e+00 1.479706406593322754e+00 1.793645739555358887e+00 2.960459887981414795e-01 1.542278647422790527e+00 2.854972839355468750e+00
1.426355123519897461e+00 1.479706406593322754e+00 1.793645739555358887e+00 2.960459887981414795e-01 1.542278647422790527e+00 2.854972839355468750e+00
1.426355123519897461e+00 1.479706406593322754e+00 1.793645739555358887e+00 2.960459887981414795e-01 1.542278647422790527e+00 2.854972839355468750e+00
1.426355123519897461e+00 1.479706406593322754e+00 1.793645739555358887e+00 2.960459887981414795e-01 1.542278647422790527e+00 2.854972839355468750e+00
1.426355123519897461e+00 1.479706406593322754e+00 1.793645739555358887e+00 2.960459887981414795e-01 1.542278647422790527e+00 2.854972839355468750e+00
1.426355123519897461e+00 1.479706406593322754e+00 1.793645739555358887e+00 2.960459887981414795e-01 1.542278647422790527e+00 2.854972839355468750e+00
1.426355123519897461e+00 1.479706406593322754e+00 1.793645739555358887e+00 2.960459887981414795e-01 1.542278647422790527e+00 2.854972839355468750e+00
1.426355123519897461e+00 1.479706406593322754e+00 1.793645739555358887e+00 2.960459887981414795e-01 1.542278647422790527e+00 2.854972839355468750e+00
1.426355123519897461e+00 1.479706406593322754e+00 1.793645739555358887e+00 2.960459887981414795e-01 1.542278647422790527e+00 2.854972839355468750e+00
1.426355123519897461e+00 1.479706406593322754e+00 1.793645739555358887e+00 2.960459887981414795e-01 1.542278647422790527e+00 2.854972839355468750e+00
1.426355123519897461e+00 1.479706406593322754e+00 1.793645739555358887e+00 2.960459887981414795e-01 1.542278647422790527e+00 2.854972839355468750e+00
1.426355123519897461e+00 1.479706406593322754e+00 1.793645739555358887e+00 2.960459887981414795e-01 1.542278647422790527e+00 2.854972839355468750e+00
1.426355123519897461e+00 1.479706406593322754e+00 1.793645739555358887e+00 2.960459887981414795e-01 1.542278647422790527e+00 2.854972839355468750e+00
1.426355123519897461e+00 1.479706406593322754e+00 1.793645739555358887e+00 2.960459887981414795e-01 1.542278647422790527e+00 2.854972839355468750e+00
1.426355123519897461e+00 1.479706406593322754e+00 1.793645739555358887e+00 2.960459887981414795e-01 1.542278647422790527e+00 2.854972839355468750e+00
1.426355123519897461e+00 1.479706406593322754e+00 1.793645739555358887e+00 2.960459887981414795e-01 1.542278647422790527e+00 2.854972839355468750e+00
1.426355123519897461e+00 1.479706406593322754e+00 1.793645739555358887e+00 2.960459887981414795e-01 1.542278647422790527e+00 2.854972839355468750e+00
1.426355123519897461e+00 1.479706406593322754e+00 1.793645739555358887e+00 2.960459887981414795e-01 1.542278647422790527e+00 2.854972839355468750e+00
1.426355123519897461e+00 1.479706406593322754e+00 1.793645739555358887e+00 2.960459887981414795e-01 1.542278647422790527e+00 2.854972839355468750e+00
1.426355123519897461e+00 1.479706406593322754e+00 1.793645739555358887e+00 2.960459887981414795e-01 1.542278647422790527e+00 2.854972839355468750e+00
1.426355123519897461e+00 1.479706406593322754e+00 1.793645739555358887e+00 2.960459887981414795e-01 1.542278647422790527e+00 2.854972839355468750e+00
1.426355123519897461e+00 1.479706406593322754e+00 1.793645739555358887e+00 2.960459887981414795e-01 1.542278647422790527e+00 2.854972839355468750e+00
1.426355123519897461e+00 1.479706406593322754e+00 1.793645739555358887e+00 2.960459887981414795e-01 1.542278647422790527e+00 2.854972839355468750e+00
1.426355123519897461e+00 1.479706406593322754e+00 1.793645739555358887e+00 2.960459887981414795e-01 1.542278647422790527e+00 2.854972839355468750e+00
1.426355123519897461e+00 1.479706406593322754e+00 1.793645739555358887e+00 2.960459887981414795e-01 1.542278647422790527e+00 2.854972839355468750e+00
1.426355123519897461e+00 1.479706406593322754e+00 1.793645739555358887e+00 2.960459887981414795e-01 1.542278647422790527e+00 2.854972839355468750e+00
1.426355123519897461e+00 1.479706406593322754e+00 1.793645739555358887e+00 2.960459887981414795e-01 1.542278647422790527e+00 2.854972839355468750e+00
1.426355123519897461e+00 1.479706406593322754e+00 1.793645739555358887e+00 2.960459887981414795e-01 1.542278647422790527e+00 2.854972839355468750e+00
1.426355123519897461e+00 1.479706406593322754e+00 1.793645739555358887e+00 2.960459887981414795e-01 1.542278647422790527e+00 2.854972839355468750e+00
1.426355123519897461e+00 1.479706406593322754e+00 1.793645739555358887e+00 2.960459887981414795e-01 1.542278647422790527e+00 2.854972839355468750e+00
1.426355123519897461e+00 1.479706406593322754e+00 1.793645739555358887e+00 2.960459887981414795e-01 1.542278647422790527e+00 2.854972839355468750e+00
1.426355123519897461e+00 1.479706406593322754e+00 1.793645739555358887e+00 2.960459887981414795e-01 1.542278647422790527e+00 2.854972839355468750e+00
1.426355123519897461e+00 1.479706406593322754e+00 1.793645739555358887e+00 2.960459887981414795e-01 1.542278647422790527e+00 2.854972839355468750e+00
1.426355123519897461e+00 1.479706406593322754e+00 1.793645739555358887e+00 2.960459887981414795e-01 1.542278647422790527e+00 2.854972839355468750e+00
1.426355123519897461e+00 1.479706406593322754e+00 1.793645739555358887e+00 2.960459887981414795e-01 1.542278647422790527e+00 2.854972839355468750e+00
1.426355123519897461e+00 1.479706406593322754e+00 1.793645739555358887e+00 2.960459887981414795e-01 1.542278647422790527e+00 2.854972839355468750e+00
1.426355123519897461e+00 1.479706406593322754e+00 1.793645739555358887e+00 2.960459887981414795e-01 1.542278647422790527e+00 2.854972839355468750e+00
1.426355123519897461e+00 1.479706406593322754e+00 1.793645739555358887e+00 2.960459887981414795e-01 1.542278647422790527e+00 2.854972839355468750e+00
1.426355123519897461e+00 1.479706406593322754e+00 1.793645739555358887e+00 2.960459887981414795e-01 1.542278647422790527e+00 2.854972839355468750e+00
1.426355123519897461e+00 1.479706406593322754e+00 1.793645739555358887e+00 2.960459887981414795e-01 1.542278647422790527e+00 2.854972839355468750e+00
1.426355123519897461e+00 1.479706406593322754e+00 1.793645739555358887e+00 2.960459887981414795e-01 1.542278647422790527e+00 2.854972839355468750e+00
1.426355123519897461e+00 1.479706406593322754e+00 1.793645739555358887e+00 2.960459887981414795e-01 1.542278647422790527e+00 2.854972839355468750e+00
1.426355123519897461e+00 1.479706406593322754e+00 1.793645739555358887e+00 2.960459887981414795e-01 1.542278647422790527e+00 2.854972839355468750e+00
1.426355123519897461e+00 1.479706406593322754e+00 1.793645739555358887e+00 2.960459887981414795e-01 1.542278647422790527e+00 2.854972839355468750e+00
1.426355123519897461e+00 1.479706406593322754e+00 1.793645739555358887e+00 2.960459887981414795e-01 1.542278647422790527e+00 2.854972839355468750e+00
1.426355123519897461e+00 1.479706406593322754e+00 1.793645739555358887e+00 2.960459887981414795e-01 1.542278647422790527e+00 2.854972839355468750e+00
1.426355123519897461e+00 1.479706406593322754e+00 1.793645739555358887e+00 2.960459887981414795e-01 1.542278647422790527e+00 2.854972839355468750e+00
1.426355123519897461e+00 1.479706406593322754e+00 1.793645739555358887e+00 2.960459887981414795e-01 1.542278647422790527e+00 2.854972839355468750e+00
1.426355123519897461e+00 1.479706406593322754e+00 1.793645739555358887e+00 2.960459887981414795e-01 1.542278647422790527e+00 2.854972839355468750e+00
1.426355123519897461e+00 1.479706406593322754e+00 1.793645739555358887e+00 2.960459887981414795e-01 1.542278647422790527e+00 2.854972839355468750e+00
1.426355123519897461e+00 1.479706406593322754e+00 1.793645739555358887e+00 2.960459887981414795e-01 1.542278647422790527e+00 2.854972839355468750e+00
