0.000000000000000000e+00 0.000000000000000000e+00 0.000000000000000000e+00 0.000000000000000000e+00 0.000000000000000000e+00 0.000000000000000000e+00
0.000000000000000000e+00 0.000000000000000000e+00 0.000000000000000000e+00 0.000000000000000000e+00 0.000000000000000000e+00 0.000000000000000000e+00
0.000000000000000000e+00 0.000000000000000000e+00 0.000000000000000000e+00 0.000000000000000000e+00 0.000000000000000000e+00 0.000000000000000000e+00
0.000000000000000000e+00 0.000000000000000000e+00 0.000000000000000000e+00 0.000000000000000000e+00 0.000000000000000000e+00 0.000000000000000000e+00
0.000000000000000000e+00 0.000000000000000000e+00 0.000000000000000000e+00 0.000000000000000000e+00 0.000000000000000000e+00 0.000000000000000000e+00
0.000000000000000000e+00 0.000000000000000000e+00 0.000000000000000000e+00 0.000000000000000000e+00 0.000000000000000000e+00 0.000000000000000000e+00
0.000000000000000000e+00 0.000000000000000000e+00 0.000000000000000000e+00 0.000000000000000000e+00 0.000000000000000000e+00 0.000000000000000000e+00
0.000000000000000000e+00 0.000000000000000000e+00 0.000000000000000000e+00 0.000000000000000000e+00 0.000000000000000000e+00 0.000000000000000000e+00
0.000000000000000000e+00 0.000000000000000000e+00 0.000000000000000000e+00 0.000000000000000000e+00 0.000000000000000000e+00 0.000000000000000000e+00
0.000000000000000000e+00 0.000000000000000000e+00 0.000000000000000000e+00 0.000000000000000000e+00 0.000000000000000000e+00 0.000000000000000000e+00
0.000000000000000000e+00 0.000000000000000000e+00 0.000000000000000000e+00 0.000000000000000000e+00 0.000000000000000000e+00 0.000000000000000000e+00
0.000000000000000000e+00 0.000000000000000000e+00 0.000000000000000000e+00 0.000000000000000000e+00 0.000000000000000000e+00 0.000000000000000000e+00
0.000000000000000000e+00 0.000000000000000000e+00 0.000000000000000000e+00 0.000000000000000000e+00 0.000000000000000000e+00 0.000000000000000000e+00
0.000000000000000000e+00 0.000000000000000000e+00 0.000000000000000000e+00 0.000000000000000000e+00 0.000000000000000000e+00 0.000000000000000000e+00
0.000000000000000000e+00 0.000000000000000000e+00 0.000000000000000000e+00 0.000000000000000000e+00 0.000000000000000000e+00 0.000000000000000000e+00
0.000000000000000000e+00 0.000000000000000000e+00 0.000000000000000000e+00 0.000000000000000000e+00 0.000000000000000000e+00 0.000000000000000000e+00
0.000000000000000000e+00 0.000000000000000000e+00 0.000000000000000000e+00 0.000000000000000000e+00 0.000000000000000000e+00 0.000000000000000000e+00
0.000000000000000000e+00 0.000000000000000000e+00 0.000000000000000000e+00 0.000000000000000000e+00 0.000000000000000000e+00 0.000000000000000000e+00
0.000000000000000000e+00 0.000000000000000000e+00 0.000000000000000000e+00 0.000000000000000000e+00 0.000000000000000000e+00 0.000000000000000000e+00
0.000000000000000000e+00 0.000000000000000000e+00 0.000000000000000000e+00 0.000000000000000000e+00 0.000000000000000000e+00 0.000000000000000000e+00
0.000000000000000000e+00 0.000000000000000000e+00 0.000000000000000000e+00 0.000000000000000000e+00 0.000000000000000000e+00 0.000000000000000000e+00
0.000000000000000000e+00 0.000000000000000000e+00 0.000000000000000000e+00 0.000000000000000000e+00 0.000000000000000000e+00 0.000000000000000000e+00
0.000000000000000000e+00 0.000000000000000000e+00 0.000000000000000000e+00 0.000000000000000000e+00 0.000000000000000000e+00 0.000000000000000000e+00
0.000000000000000000e+00 0.000000000000000000e+00 0.000000000000000000e+00 0.000000000000000000e+00 0.000000000000000000e+00 0.000000000000000000e+00
0.000000000000000000e+00 0.000000000000000000e+00 0.000000000000000000e+00 0.000000000000000000e+00 0.000000000000000000e+00 0.000000000000000000e+00
0.000000000000000000e+00 0.000000000000000000e+00 0.000000000000000000e+00 0.000000000000000000e+00 0.000000000000000000e+00 0.000000000000000000e+00
0.000000000000000000e+00 0.000000000000000000e+00 0.000000000000000000e+00 0.000000000000000000e+00 0.000000000000000000e+00 0.000000000000000000e+00
0.000000000000000000e+00 0.000000000000000000e+00 0.000000000000000000e+00 0.000000000000000000e+00 0.000000000000000000e+00 0.000000000000000000e+00
0.000000000000000000e+00 0.000000000000000000e+00 0.000000000000000000e+00 0.000000000000000000e+00 0.000000000000000000e+00 0.000000000000000000e+00
0.000000000000000000e+00 0.000000000000000000e+00 0.000000000000000000e+00 0.000000000000000000e+00 0.000000000000000000e+00 0.000000000000000000e+00
0.000000000000000000e+00 0.000000000000000000e+00 0.000000000000000000e+00 0.000000000000000000e+00 0.000000000000000000e+00 0.000000000000000000e+00
0.000000000000000000e+00 0.000000000000000000e+00 0.000000000000000000e+00 0.000000000000000000e+00 0.000000000000000000e+00 0.000000000000000000e+00
0.000000000000000000e+00 0.000000000000000000e+00 0.000000000000000000e+00 0.000000000000000000e+00 0.000000000000000000e+00 0.000000000000000000e+00
0.000000000000000000e+00 0.000000000000000000e+00 0.000000000000000000e+00 0.000000000000000000e+00 0.000000000000000000e+00 0.000000000000000000e+00
0.000000000000000000e+00 0.000000000000000000e+00 0.000000000000000000e+00 0.000000000000000000e+00 0.000000000000000000e+00 0.000000000000000000e+00
0.000000000000000000e+00 0.000000000000000000e+00 0.000000000000000000e+00 0.000000000000000000e+00 0.000000000000000000e+00 0.000000000000000000e+00
0.000000000000000000e+00 0.000000000000000000e+00 0.000000000000000000e+00 0.000000000000000000e+00 0.000000000000000000e+00 0.000000000000000000e+00
0.000000000000000000e+00 0.000000000000000000e+00 0.000000000000000000e+00 0.000000000000000000e+00 0.000000000000000000e+00 0.000000000000000000e+00
0.000000000000000000e+00 0.000000000000000000e+00 0.000000000000000000e+00 0.000000000000000000e+00 0.000000000000000000e+00 0.000000000000000000e+00
0.000000000000000000e+00 0.000000000000000000e+00 0.000000000000000000e+00 0.000000000000000000e+00 0.000000000000000000e+00 0.000000000000000000e+00
0.000000000000000000e+00 0.000000000000000000e+00 0.000000000000000000e+00 0.000000000000000000e+00 0.000000000000000000e+00 0.000000000000000000e+00
0.000000000000000000e+00 0.000000000000000000e+00 0.000000000000000000e+00 0.000000000000000000e+00 0.000000000000000000e+00 0.000000000000000000e+00
0.000000000000000000e+00 0.000000000000000000e+00 0.000000000000000000e+00 0.000000000000000000e+00 0.000000000000000000e+00 0.000000000000000000e+00
0.000000000000000000e+00 0.000000000000000000e+00 0.000000000000000000e+00 0.000000000000000000e+00 0.000000000000000000e+00 0.000000000000000000e+00
0.000000000000000000e+00 0.000000000000000000e+00 0.000000000000000000e+00 0.000000000000000000e+00 0.000000000000000000e+00 0.000000000000000000e+00
0.000000000000000000e+00 0.000000000000000000e+00 0.000000000000000000e+00 0.000000000000000000e+00 0.000000000000000000e+00 0.000000000000000000e+00
0.000000000000000000e+00 0.000000000000000000e+00 0.000000000000000000e+00 0.000000000000000000e+00 0.000000000000000000e+00 0.000000000000000000e+00
0.000000000000000000e+00 0.000000000000000000e+00 0.000000000000000000e+00 0.000000000000000000e+00 0.000000000000000000e+00 0.000000000000000000e+00
0.000000000000000000e+00 0.000000000000000000e+00 0.000000000000000000e+00 0.000000000000000000e+00 0.000000000000000000e+00 0.000000000000000000e+00
0.000000000000000000e+00 0.000000000000000000e+00 0.000000000000000000e+00 0.000000000000000000e+00 0.000000000000000000e+00 0.000000000000000000e+00
0.000000000000000000e+00 0.000000000000000000e+00 0.000000000000000000e+00 0.000000000000000000e+00 0.000000000000000000e+00 0.000000000000000000e+00
0.000000000000000000e+00 0.000000000000000000e+00 0.000000000000000000e+00 0.000000000000000000e+00 0.000000000000000000e+00 0.000000000000000000e+00
0.000000000000000000e+00 0.000000000000000000e+00 0.000000000000000000e+00 0.000000000000000000e+00 0.000000000000000000e+00 0.000000000000000000e+00
0.000000000000000000e+00 0.000000000000000000e+00 0.000000000000000000e+00 0.000000000000000000e+00 0.000000000000000000e+00 0.000000000000000000e+00
0.000000000000000000e+00 0.000000000000000000e+00 0.000000000000000000e+00 0.000000000000000000e+00 0.000000000000000000e+00 0.000000000000000000e+00
0.000000000000000000e+00 0.000000000000000000e+00 0.000000000000000000e+00 0.000000000000000000e+00 0.000000000000000000e+00 0.000000000000000000e+00
0.000000000000000000e+00 0.000000000000000000e+00 0.000000000000000000e+00 0.000000000000000000e+00 0.000000000000000000e+00 0.000000000000000000e+00
0.000000000000000000e+00 0.000000000000000000e+00 0.000000000000000000e+00 0.000000000000000000e+00 0.000000000000000000e+00 0.000000000000000000e+00
0.000000000000000000e+00 0.000000000000000000e+00 0.000000000000000000e+00 0.000000000000000000e+00 0.000000000000000000e+00 0.000000000000000000e+00
0.000000000000000000e+00 0.000000000000000000e+00 0.000000000000000000e+00 0.000000000000000000e+00 0.000000000000000000e+00 0.000000000000000000e+00
0.000000000000000000e+00 0.000000000000000000e+00 0.000000000000000000e+00 0.000000000000000000e+00 0.000000000000000000e+00 0.000000000000000000e+00
0.000000000000000000e+00 0.000000000000000000e+00 0.000000000000000000e+00 0.000000000000000000e+00 0.000000000000000000e+00 0.000000000000000000e+00
0.000000000000000000e+00 0.000000000000000000e+00 0.000000000000000000e+00 0.000000000000000000e+00 0.000000000000000000e+00 0.000000000000000000e+00
0.000000000000000000e+00 0.000000000000000000e+00 0.000000000000000000e+00 0.000000000000000000e+00 0.000000000000000000e+00 0.000000000000000000e+00
0.000000000000000000e+00 0.000000000000000000e+00 0.000000000000000000e+00 0.000000000000000000e+00 0.000000000000000000e+00 0.000000000000000000e+00
0.000000000000000000e+00 0.000000000000000000e+00 0.000000000000000000e+00 0.000000000000000000e+00 0.000000000000000000e+00 0.000000000000000000e+00
0.000000000000000000e+00 0.000000000000000000e+00 0.000000000000000000e+00 0.000000000000000000e+00 0.000000000000000000e+00 0.000000000000000000e+00
0.000000000000000000e+00 0.000000000000000000e+00 0.000000000000000000e+00 0.000000000000000000e+00 0.000000000000000000e+00 0.000000000000000000e+00
0.000000000000000000e+00 0.000000000000000000e+00 0.000000000000000000e+00 0.000000000000000000e+00 0.000000000000000000e+00 0.000000000000000000e+00
0.000000000000000000e+00 0.000000000000000000e+00 0.000000000000000000e+00 0.000000000000000000e+00 0.000000000000000000e+00 0.000000000000000000e+00
0.000000000000000000e+00 0.000000000000000000e+00 0.000000000000000000e+00 0.000000000000000000e+00 0.000000000000000000e+00 0.000000000000000000e+00
0.000000000000000000e+00 0.000000000000000000e+00 0.000000000000000000e+00 0.000000000000000000e+00 0.000000000000000000e+00 0.000000000000000000e+00
0.000000000000000000e+00 0.000000000000000000e+00 0.000000000000000000e+00 0.000000000000000000e+00 0.000000000000000000e+00 0.000000000000000000e+00
0.000000000000000000e+00 0.000000000000000000e+00 0.000000000000000000e+00 0.000000000000000000e+00 0.000000000000000000e+00 0.000000000000000000e+00
0.000000000000000000e+00 0.000000000000000000e+00 0.000000000000000000e+00 0.000000000000000000e+00 0.000000000000000000e+00 0.000000000000000000e+00
0.000000000000000000e+00 0.000000000000000000e+00 0.000000000000000000e+00 0.000000000000000000e+00 0.000000000000000000e+00 0.000000000000000000e+00
0.000000000000000000e+00 0.000000000000000000e+00 0.000000000000000000e+00 0.000000000000000000e+00 0.000000000000000000e+00 0.000000000000000000e+00
0.000000000000000000e+00 0.000000000000000000e+00 0.000000000000000000e+00 0.000000000000000000e+00 0.000000000000000000e+00 0.000000000000000000e+00
0.000000000000000000e+00 0.000000000000000000e+00 0.000000000000000000e+00 0.000000000000000000e+00 0.000000000000000000e+00 0.000000000000000000e+00
0.000000000000000000e+00 0.000000000000000000e+00 0.000000000000000000e+00 0.000000000000000000e+00 0.000000000000000000e+00 0.000000000000000000e+00
0.000000000000000000e+00 0.000000000000000000e+00 0.000000000000000000e+00 0.000000000000000000e+00 0.000000000000000000e+00 0.000000000000000000e+00
0.000000000000000000e+00 0.000000000000000000e+00 0.000000000000000000e+00 0.000000000000000000e+00 0.000000000000000000e+00 0.000000000000000000e+00
0.000000000000000000e+00 0.000000000000000000e+00 0.000000000000000000e+00 0.000000000000000000e+00 0.000000000000000000e+00 0.000000000000000000e+00
0.000000000000000000e+00 0.000000000000000000e+00 0.000000000000000000e+00 0.000000000000000000e+00 0.000000000000000000e+00 0.000000000000000000e+00
0.000000000000000000e+00 0.000000000000000000e+00 0.000000000000000000e+00 0.000000000000000000e+00 0.000000000000000000e+00 0.000000000000000000e+00
0.000000000000000000e+00 0.000000000000000000e+00 0.000000000000000000e+00 0.000000000000000000e+00 0.000000000000000000e+00 0.000000000000000000e+00
0.000000000000000000e+00 0.000000000000000000e+00 0.000000000000000000e+00 0.000000000000000000e+00 0.000000000000000000e+00 0.000000000000000000e+00
0.000000000000000000e+00 0.000000000000000000e+00 0.000000000000000000e+00 0.000000000000000000e+00 0.000000000000000000e+00 0.000000000000000000e+00
0.000000000000000000e+00 0.000000000000000000e+00 0.000000000000000000e+00 0.000000000000000000e+00 0.000000000000000000e+00 0.000000000000000000e+00
0.000000000000000000e+00 0.000000000000000000e+00 0.000000000000000000e+00 0.000000000000000000e+00 0.000000000000000000e+00 0.000000000000000000e+00
0.000000000000000000e+00 0.000000000000000000e+00 0.000000000000000000e+00 0.000000000000000000e+00 0.000000000000000000e+00 0.000000000000000000e+00
0.000000000000000000e+00 0.000000000000000000e+00 0.000000000000000000e+00 0.000000000000000000e+00 0.000000000000000000e+00 0.000000000000000000e+00
0.000000000000000000e+00 0.000000000000000000e+00 0.000000000000000000e+00 0.000000000000000000e+00 0.000000000000000000e+00 0.000000000000000000e+00
0.000000000000000000e+00 0.000000000000000000e+00 0.000000000000000000e+00 0.000000000000000000e+00 0.000000000000000000e+00 0.000000000000000000e+00
0.000000000000000000e+00 0.000000000000000000e+00 0.000000000000000000e+00 0.000000000000000000e+00 0.000000000000000000e+00 0.000000000000000000e+00
0.000000000000000000e+00 0.000000000000000000e+00 0.000000000000000000e+00 0.000000000000000000e+00 0.000000000000000000e+00 0.000000000000000000e+00
0.000000000000000000e+00 0.000000000000000000e+00 0.000000000000000000e+00 0.000000000000000000e+00 0.000000000000000000e+00 0.000000000000000000e+00
0.000000000000000000e+00 0.000000000000000000e+00 0.000000000000000000e+00 0.000000000000000000e+00 0.000000000000000000e+00 0.000000000000000000e+00
0.000000000000000000e+00 0.000000000000000000e+00 0.000000000000000000e+00 0.000000000000000000e+00 0.000000000000000000e+00 0.000000000000000000e+00
0.000000000000000000e+00 0.000000000000000000e+00 0.000000000000000000e+00 0.000000000000000000e+00 0.000000000000000000e+00 0.000000000000000000e+00
0.000000000000000000e+00 0.000000000000000000e+00 0.000000000000000000e+00 0.000000000000000000e+00 0.000000000000000000e+00 0.000000000000000000e+00
9.407646954059600830e-03 1.389251276850700378e-02 4.942008480429649353e-02 3.534836322069168091e-02 2.799328044056892395e-02 5.294066853821277618e-03
1.881529390811920166e-02 2.778502553701400757e-02 9.884016960859298706e-02 7.069672644138336182e-02 5.598656088113784790e-02 1.058813370764255524e-02
2.822293899953365326e-02 4.167753830552101135e-02 1.482602506875991821e-01 1.060450896620750427e-01 8.397983759641647339e-02 1.588219963014125824e-02
3.763058781623840332e-02 5.557005107402801514e-02 1.976803392171859741e-01 1.413934528827667236e-01 1.119731217622756958e-01 2.117626741528511047e-02
4.703823104500770569e-02 6.946256756782531738e-02 2.471004277467727661e-01 1.767418086528778076e-01 1.399663984775543213e-01 2.647033333778381348e-02
5.644587799906730652e-02 8.335507661104202271e-02 2.965205013751983643e-01 2.120901793241500854e-01 1.679596751928329468e-01 3.176439926028251648e-02
6.585352867841720581e-02 9.724759310483932495e-02 3.459405899047851562e-01 2.474385350942611694e-01 1.959529519081115723e-01 3.705846890807151794e-02
7.526117563247680664e-02 1.111401021480560303e-01 3.953606784343719482e-01 2.827869057655334473e-01 2.239462435245513916e-01 4.235253483057022095e-02
8.466881513595581055e-02 1.250326186418533325e-01 4.447807669639587402e-01 3.181352615356445312e-01 2.519395053386688232e-01 4.764660075306892395e-02
9.407646209001541138e-02 1.389251351356506348e-01 4.942008554935455322e-01 3.534836173057556152e-01 2.799327969551086426e-01 5.294066667556762695e-02
1.034841090440750122e-01 1.528176367282867432e-01 5.436209440231323242e-01 3.888319730758666992e-01 3.079260885715484619e-01 5.823473632335662842e-02
1.128917559981346130e-01 1.667101532220840454e-01 5.930410027503967285e-01 4.241803586483001709e-01 3.359193503856658936e-01 6.352879852056503296e-02
1.222994029521942139e-01 1.806026697158813477e-01 6.424611210823059082e-01 4.595287144184112549e-01 3.639126420021057129e-01 6.882286816835403442e-02
1.317070573568344116e-01 1.944951862096786499e-01 6.918811798095703125e-01 4.948770701885223389e-01 3.919059038162231445e-01 7.411693781614303589e-02
1.411146968603134155e-01 2.083877027034759521e-01 7.413012981414794922e-01 5.302254557609558105e-01 4.198991954326629639e-01 7.941100001335144043e-02
1.505223512649536133e-01 2.222802042961120605e-01 7.907213568687438965e-01 5.655738115310668945e-01 4.478924870491027832e-01 8.470506966114044189e-02
1.599299907684326172e-01 2.361727207899093628e-01 8.401414752006530762e-01 6.009221673011779785e-01 4.758857488632202148e-01 8.999913930892944336e-02
1.693376302719116211e-01 2.500652372837066650e-01 8.895615339279174805e-01 6.362705230712890625e-01 5.038790106773376465e-01 9.529320150613784790e-02
1.787452846765518188e-01 2.639577388763427734e-01 9.389816522598266602e-01 6.716188788414001465e-01 5.318723320960998535e-01 1.005872711539268494e-01
1.881529241800308228e-01 2.778502702713012695e-01 9.884017109870910645e-01 7.069672346115112305e-01 5.598655939102172852e-01 1.058813333511352539e-01
1.975605785846710205e-01 2.917427718639373779e-01 1.037821769714355469e+00 7.423155903816223145e-01 5.878588557243347168e-01 1.111754029989242554e-01
2.069682180881500244e-01 3.056352734565734863e-01 1.087241888046264648e+00 7.776639461517333984e-01 6.158521771430969238e-01 1.164694726467132568e-01
2.163758724927902222e-01 3.195278048515319824e-01 1.136662006378173828e+00 8.130123615264892578e-01 6.438454389572143555e-01 1.217635348439216614e-01
2.257835119962692261e-01 3.334203064441680908e-01 1.186082005500793457e+00 8.483607172966003418e-01 6.718387007713317871e-01 1.270575970411300659e-01
2.351911664009094238e-01 3.473128378391265869e-01 1.235502123832702637e+00 8.837090730667114258e-01 6.998320221900939941e-01 1.323516666889190674e-01
2.445988059043884277e-01 3.612053394317626953e-01 1.284922242164611816e+00 9.190574288368225098e-01 7.278252840042114258e-01 1.376457363367080688e-01
2.540064454078674316e-01 3.750978410243988037e-01 1.334342360496520996e+00 9.544057846069335938e-01 7.558185458183288574e-01 1.429398059844970703e-01
2.634141147136688232e-01 3.889903724193572998e-01 1.383762359619140625e+00 9.897541403770446777e-01 7.838118076324462891e-01 1.482338756322860718e-01
2.728217542171478271e-01 4.028828740119934082e-01 1.433182477951049805e+00 1.025102496147155762e+00 8.118051290512084961e-01 1.535279303789138794e-01
2.822293937206268311e-01 4.167754054069519043e-01 1.482602596282958984e+00 1.060450911521911621e+00 8.397983908653259277e-01 1.588220000267028809e-01
2.916370332241058350e-01 4.306679069995880127e-01 1.532022714614868164e+00 1.095799207687377930e+00 8.677916526794433594e-01 1.641160696744918823e-01
3.010447025299072266e-01 4.445604085922241211e-01 1.581442713737487793e+00 1.131147623062133789e+00 8.957849740982055664e-01 1.694101393222808838e-01
3.104523420333862305e-01 4.584529399871826172e-01 1.630862832069396973e+00 1.166495919227600098e+00 9.237782359123229980e-01 1.747042089700698853e-01
3.198599815368652344e-01 4.723454415798187256e-01 1.680282950401306152e+00 1.201844334602355957e+00 9.517714977264404297e-01 1.799982786178588867e-01
3.292676210403442383e-01 4.862379729747772217e-01 1.729703068733215332e+00 1.237192630767822266e+00 9.797648191452026367e-01 1.852923333644866943e-01
3.386752605438232422e-01 5.001304745674133301e-01 1.779123067855834961e+00 1.272541046142578125e+00 1.007758021354675293e+00 1.905864030122756958e-01
3.480829298496246338e-01 5.140230059623718262e-01 1.828543186187744141e+00 1.307889461517333984e+00 1.035751342773437500e+00 1.958804726600646973e-01
3.574905693531036377e-01 5.279154777526855469e-01 1.877963304519653320e+00 1.343237757682800293e+00 1.063744664192199707e+00 2.011745423078536987e-01
3.668982088565826416e-01 5.418080091476440430e-01 1.927383303642272949e+00 1.378586173057556152e+00 1.091737866401672363e+00 2.064686119556427002e-01
3.763058483600616455e-01 5.557005405426025391e-01 1.976803421974182129e+00 1.413934469223022461e+00 1.119731187820434570e+00 2.117626667022705078e-01
3.857135176658630371e-01 5.695930123329162598e-01 2.026223421096801758e+00 1.449282884597778320e+00 1.147724509239196777e+00 2.170567363500595093e-01
3.951211571693420410e-01 5.834855437278747559e-01 2.075643539428710938e+00 1.484631180763244629e+00 1.175717711448669434e+00 2.223508059978485107e-01
4.045287966728210449e-01 5.973780751228332520e-01 2.125063657760620117e+00 1.519979596138000488e+00 1.203711032867431641e+00 2.276448756456375122e-01
4.139364361763000488e-01 6.112705469131469727e-01 2.174483776092529297e+00 1.555327892303466797e+00 1.231704354286193848e+00 2.329389452934265137e-01
4.233441054821014404e-01 6.251630783081054688e-01 2.223903894424438477e+00 1.590676307678222656e+00 1.259697556495666504e+00 2.382330000400543213e-01
4.327517449855804443e-01 6.390556097030639648e-01 2.273324012756347656e+00 1.626024723052978516e+00 1.287690877914428711e+00 2.435270696878433228e-01
4.421593844890594482e-01 6.529481410980224609e-01 2.322744131088256836e+00 1.661373019218444824e+00 1.315684199333190918e+00 2.488211393356323242e-01
4.515670239925384521e-01 6.668406128883361816e-01 2.372164011001586914e+00 1.696721434593200684e+00 1.343677401542663574e+00 2.541151940822601318e-01
4.609746932983398438e-01 6.807331442832946777e-01 2.421584129333496094e+00 1.732069730758666992e+00 1.371670722961425781e+00 2.594092786312103271e-01
4.703823328018188477e-01 6.946256756782531738e-01 2.471004247665405273e+00 1.767418146133422852e+00 1.399664044380187988e+00 2.647033333778381348e-01
4.797899723052978516e-01 7.085181474685668945e-01 2.520424365997314453e+00 1.802766442298889160e+00 1.427657246589660645e+00 2.699974179267883301e-01
4.891976118087768555e-01 7.224106788635253906e-01 2.569844484329223633e+00 1.838114857673645020e+00 1.455650568008422852e+00 2.752914726734161377e-01
4.986052811145782471e-01 7.363032102584838867e-01 2.619264602661132812e+00 1.873463153839111328e+00 1.483643889427185059e+00 2.805855274200439453e-01
5.080128908157348633e-01 7.501956820487976074e-01 2.668684720993041992e+00 1.908811569213867188e+00 1.511637091636657715e+00 2.858796119689941406e-01
5.174205303192138672e-01 7.640882134437561035e-01 2.718104839324951172e+00 1.944159865379333496e+00 1.539630413055419922e+00 2.911736667156219482e-01
5.268282294273376465e-01 7.779807448387145996e-01 2.767524719238281250e+00 1.979508280754089355e+00 1.567623615264892578e+00 2.964677512645721436e-01
5.362358689308166504e-01 7.918732762336730957e-01 2.816944837570190430e+00 2.014856576919555664e+00 1.595616936683654785e+00 3.017618060111999512e-01
5.456435084342956543e-01 8.057657480239868164e-01 2.866364955902099609e+00 2.050204992294311523e+00 1.623610258102416992e+00 3.070558607578277588e-01
5.550511479377746582e-01 8.196582794189453125e-01 2.915785074234008789e+00 2.085553407669067383e+00 1.651603460311889648e+00 3.123499453067779541e-01
5.644587874412536621e-01 8.335508108139038086e-01 2.965205192565917969e+00 2.120901823043823242e+00 1.679596781730651855e+00 3.176440000534057617e-01
5.644587874412536621e-01 8.335508108139038086e-01 2.965205192565917969e+00 2.120901823043823242e+00 1.679596781730651855e+00 3.176440000534057617e-01
5.644587874412536621e-01 8.335508108139038086e-01 2.965205192565917969e+00 2.120901823043823242e+00 1.679596781730651855e+00 3.176440000534057617e-01
5.644587874412536621e-01 8.335508108139038086e-01 2.965205192565917969e+00 2.120901823043823242e+00 1.679596781730651855e+00 3.176440000534057617e-01
5.644587874412536621e-01 8.335508108139038086e-01 2.965205192565917969e+00 2.120901823043823242e+00 1.679596781730651855e+00 3.176440000534057617e-01
5.644587874412536621e-01 8.335508108139038086e-01 2.965205192565917969e+00 2.120901823043823242e+00 1.679596781730651855e+00 3.176440000534057617e-01
5.644587874412536621e-01 8.335508108139038086e-01 2.965205192565917969e+00 2.120901823043823242e+00 1.679596781730651855e+00 3.176440000534057617e-01
5.644587874412536621e-01 8.335508108139038086e-01 2.965205192565917969e+00 2.120901823043823242e+00 1.679596781730651855e+00 3.176440000534057617e-01
5.644587874412536621e-01 8.335508108139038086e-01 2.965205192565917969e+00 2.120901823043823242e+00 1.679596781730651855e+00 3.176440000534057617e-01
5.644587874412536621e-01 8.335508108139038086e-01 2.965205192565917969e+00 2.120901823043823242e+00 1.679596781730651855e+00 3.176440000534057617e-01
5.644587874412536621e-01 8.335508108139038086e-01 2.965205192565917969e+00 2.120901823043823242e+00 1.679596781730651855e+00 3.176440000534057617e-01
5.644587874412536621e-01 8.335508108139038086e-01 2.965205192565917969e+00 2.120901823043823242e+00 1.679596781730651855e+00 3.176440000534057617e-01
5.644587874412536621e-01 8.335508108139038086e-01 2.965205192565917969e+00 2.120901823043823242e+00 1.679596781730651855e+00 3.176440000534057617e-01
5.644587874412536621e-01 8.335508108139038086e-01 2.965205192565917969e+00 2.120901823043823242e+00 1.679596781730651855e+00 3.176440000534057617e-01
5.644587874412536621e-01 8.335508108139038086e-01 2.965205192565917969e+00 2.120901823043823242e+00 1.679596781730651855e+00 3.176440000534057617e-01
5.644587874412536621e-01 8.335508108139038086e-01 2.965205192565917969e+00 2.120901823043823242e+00 1.679596781730651855e+00 3.176440000534057617e-01
5.644587874412536621e-01 8.335508108139038086e-01 2.965205192565917969e+00 2.120901823043823242e+00 1.679596781730651855e+00 3.176440000534057617e-01
5.644587874412536621e-01 8.335508108139038086e-01 2.965205192565917969e+00 2.120901823043823242e+00 1.679596781730651855e+00 3.176440000534057617e-01
5.644587874412536621e-01 8.335508108139038086e-01 2.965205192565917969e+00 2.120901823043823242e+00 1.679596781730651855e+00 3.176440000534057617e-01
5.644587874412536621e-01 8.335508108139038086e-01 2.965205192565917969e+00 2.120901823043823242e+00 1.679596781730651855e+00 3.176440000534057617e-01
5.644587874412536621e-01 8.335508108139038086e-01 2.965205192565917969e+00 2.120901823043823242e+00 1.679596781730651855e+00 3.176440000534057617e-01
5.644587874412536621e-01 8.335508108139038086e-01 2.965205192565917969e+00 2.120901823043823242e+00 1.679596781730651855e+00 3.176440000534057617e-01
5.644587874412536621e-01 8.335508108139038086e-01 2.965205192565917969e+00 2.120901823043823242e+00 1.679596781730651855e+00 3.176440000534057617e-01
5.644587874412536621e-01 8.335508108139038086e-01 2.965205192565917969e+00 2.120901823043823242e+00 1.679596781730651855e+00 3.176440000534057617e-01
5.644587874412536621e-01 8.335508108139038086e-01 2.965205192565917969e+00 2.120901823043823242e+00 1.679596781730651855e+00 3.176440000534057617e-01
5.644587874412536621e-01 8.335508108139038086e-01 2.965205192565917969e+00 2.120901823043823242e+00 1.679596781730651855e+00 3.176440000534057617e-01
5.644587874412536621e-01 8.335508108139038086e-01 2.965205192565917969e+00 2.120901823043823242e+00 1.679596781730651855e+00 3.176440000534057617e-01
5.644587874412536621e-01 8.335508108139038086e-01 2.965205192565917969e+00 2.120901823043823242e+00 1.679596781730651855e+00 3.176440000534057617e-01
5.644587874412536621e-01 8.335508108139038086e-01 2.965205192565917969e+00 2.120901823043823242e+00 1.679596781730651855e+00 3.176440000534057617e-01
5.644587874412536621e-01 8.335508108139038086e-01 2.965205192565917969e+00 2.120901823043823242e+00 1.679596781730651855e+00 3.176440000534057617e-01
5.644587874412536621e-01 8.335508108139038086e-01 2.965205192565917969e+00 2.120901823043823242e+00 1.679596781730651855e+00 3.176440000534057617e-01
5.644587874412536621e-01 8.335508108139038086e-01 2.965205192565917969e+00 2.120901823043823242e+00 1.679596781730651855e+00 3.176440000534057617e-01
5.644587874412536621e-01 8.335508108139038086e-01 2.965205192565917969e+00 2.120901823043823242e+00 1.679596781730651855e+00 3.176440000534057617e-01
5.644587874412536621e-01 8.335508108139038086e-01 2.965205192565917969e+00 2.120901823043823242e+00 1.679596781730651855e+00 3.176440000534057617e-01
5.644587874412536621e-01 8.335508108139038086e-01 2.965205192565917969e+00 2.120901823043823242e+00 1.679596781730651855e+00 3.176440000534057617e-01
5.644587874412536621e-01 8.335508108139038086e-01 2.965205192565917969e+00 2.120901823043823242e+00 1.679596781730651855e+00 3.176440000534057617e-01
5.644587874412536621e-01 8.335508108139038086e-01 2.965205192565917969e+00 2.120901823043823242e+00 1.679596781730651855e+00 3.176440000534057617e-01
5.644587874412536621e-01 8.335508108139038086e-01 2.965205192565917969e+00 2.120901823043823242e+00 1.679596781730651855e+00 3.176440000534057617e-01
5.644587874412536621e-01 8.335508108139038086e-01 2.965205192565917969e+00 2.120901823043823242e+00 1.679596781730651855e+00 3.176440000534057617e-01
5.644587874412536621e-01 8.335508108139038086e-01 2.965205192565917969e+00 2.120901823043823242e+00 1.679596781730651855e+00 3.176440000534057617e-01
5.644587874412536621e-01 8.335508108139038086e-01 2.965205192565917969e+00 2.120901823043823242e+00 1.679596781730651855e+00 3.176440000534057617e-01
5.644587874412536621e-01 8.335508108139038086e-01 2.965205192565917969e+00 2.120901823043823242e+00 1.679596781730651855e+00 3.176440000534057617e-01
5.644587874412536621e-01 8.335508108139038086e-01 2.965205192565917969e+00 2.120901823043823242e+00 1.679596781730651855e+00 3.176440000534057617e-01
5.644587874412536621e-01 8.335508108139038086e-01 2.965205192565917969e+00 2.120901823043823242e+00 1.679596781730651855e+00 3.176440000534057617e-01
5.644587874412536621e-01 8.335508108139038086e-01 2.965205192565917969e+00 2.120901823043823242e+00 1.679596781730651855e+00 3.176440000534057617e-01
5.644587874412536621e-01 8.335508108139038086e-01 2.965205192565917969e+00 2.120901823043823242e+00 1.679596781730651855e+00 3.176440000534057617e-01
5.644587874412536621e-01 8.335508108139038086e-01 2.965205192565917969e+00 2.120901823043823242e+00 1.679596781730651855e+00 3.176440000534057617e-01
5.644587874412536621e-01 8.335508108139038086e-01 2.965205192565917969e+00 2.120901823043823242e+00 1.679596781730651855e+00 3.176440000534057617e-01
5.644587874412536621e-01 8.335508108139038086e-01 2.965205192565917969e+00 2.120901823043823242e+00 1.679596781730651855e+00 3.176440000534057617e-01
5.644587874412536621e-01 8.335508108139038086e-01 2.965205192565917969e+00 2.120901823043823242e+00 1.679596781730651855e+00 3.176440000534057617e-01
5.644587874412536621e-01 8.335508108139038086e-01 2.965205192565917969e+00 2.120901823043823242e+00 1.679596781730651855e+00 3.176440000534057617e-01
5.644587874412536621e-01 8.335508108139038086e-01 2.965205192565917969e+00 2.120901823043823242e+00 1.679596781730651855e+00 3.176440000534057617e-01
5.644587874412536621e-01 8.335508108139038086e-01 2.965205192565917969e+00 2.120901823043823242e+00 1.679596781730651855e+00 3.176440000534057617e-01
5.644587874412536621e-01 8.335508108139038086e-01 2.965205192565917969e+00 2.120901823043823242e+00 1.679596781730651855e+00 3.176440000534057617e-01
5.644587874412536621e-01 8.335508108139038086e-01 2.965205192565917969e+00 2.120901823043823242e+00 1.679596781730651855e+00 3.176440000534057617e-01
5.644587874412536621e-01 8.335508108139038086e-01 2.965205192565917969e+00 2.120901823043823242e+00 1.679596781730651855e+00 3.176440000534057617e-01
5.644587874412536621e-01 8.335508108139038086e-01 2.965205192565917969e+00 2.120901823043823242e+00 1.679596781730651855e+00 3.176440000534057617e-01
5.644587874412536621e-01 8.335508108139038086e-01 2.965205192565917969e+00 2.120901823043823242e+00 1.679596781730651855e+00 3.176440000534057617e-01
5.644587874412536621e-01 8.335508108139038086e-01 2.965205192565917969e+00 2.120901823043823242e+00 1.679596781730651855e+00 3.176440000534057617e-01
5.644587874412536621e-01 8.335508108139038086e-01 2.965205192565917969e+00 2.120901823043823242e+00 1.679596781730651855e+00 3.176440000534057617e-01
5.644587874412536621e-01 8.335508108139038086e-01 2.965205192565917969e+00 2.120901823043823242e+00 1.679596781730651855e+00 3.176440000534057617e-01
5.644587874412536621e-01 8.335508108139038086e-01 2.965205192565917969e+00 2.120901823043823242e+00 1.679596781730651855e+00 3.176440000534057617e-01
5.644587874412536621e-01 8.335508108139038086e-01 2.965205192565917969e+00 2.120901823043823242e+00 1.679596781730651855e+00 3.176440000534057617e-01
5.644587874412536621e-01 8.335508108139038086e-01 2.965205192565917969e+00 2.120901823043823242e+00 1.679596781730651855e+00 3.176440000534057617e-01
5.644587874412536621e-01 8.335508108139038086e-01 2.965205192565917969e+00 2.120901823043823242e+00 1.679596781730651855e+00 3.176440000534057617e-01
5.644587874412536621e-01 8.335508108139038086e-01 2.965205192565917969e+00 2.120901823043823242e+00 1.679596781730651855e+00 3.176440000534057617e-01
5.644587874412536621e-01 8.335508108139038086e-01 2.965205192565917969e+00 2.120901823043823242e+00 1.679596781730651855e+00 3.176440000534057617e-01
5.644587874412536621e-01 8.335508108139038086e-01 2.965205192565917969e+00 2.120901823043823242e+00 1.679596781730651855e+00 3.176440000534057617e-01
5.644587874412536621e-01 8.335508108139038086e-01 2.965205192565917969e+00 2.120901823043823242e+00 1.679596781730651855e+00 3.176440000534057617e-01
5.644587874412536621e-01 8.335508108139038086e-01 2.965205192565917969e+00 2.120901823043823242e+00 1.679596781730651855e+00 3.176440000534057617e-01
5.644587874412536621e-01 8.335508108139038086e-01 2.965205192565917969e+00 2.120901823043823242e+00 1.679596781730651855e+00 3.176440000534057617e-01
5.644587874412536621e-01 8.335508108139038086e-01 2.965205192565917969e+00 2.120901823043823242e+00 1.679596781730651855e+00 3.176440000534057617e-01
5.644587874412536621e-01 8.335508108139038086e-01 2.965205192565917969e+00 2.120901823043823242e+00 1.679596781730651855e+00 3.176440000534057617e-01
5.644587874412536621e-01 8.335508108139038086e-01 2.965205192565917969e+00 2.120901823043823242e+00 1.679596781730651855e+00 3.176440000534057617e-01
5.644587874412536621e-01 8.335508108139038086e-01 2.965205192565917969e+00 2.120901823043823242e+00 1.679596781730651855e+00 3.176440000534057617e-01
5.644587874412536621e-01 8.335508108139038086e-01 2.965205192565917969e+00 2.120901823043823242e+00 1.679596781730651855e+00 3.176440000534057617e-01
5.644587874412536621e-01 8.335508108139038086e-01 2.965205192565917969e+00 2.120901823043823242e+00 1.679596781730651855e+00 3.176440000534057617e-01
5.644587874412536621e-01 8.335508108139038086e-01 2.965205192565917969e+00 2.120901823043823242e+00 1.679596781730651855e+00 3.176440000534057617e-01
5.644587874412536621e-01 8.335508108139038086e-01 2.965205192565917969e+00 2.120901823043823242e+00 1.679596781730651855e+00 3.176440000534057617e-01
5.644587874412536621e-01 8.335508108139038086e-01 2.965205192565917969e+00 2.120901823043823242e+00 1.679596781730651855e+00 3.176440000534057617e-01
5.644587874412536621e-01 8.335508108139038086e-01 2.965205192565917969e+00 2.120901823043823242e+00 1.679596781730651855e+00 3.176440000534057617e-01
5.644587874412536621e-01 8.335508108139038086e-01 2.965205192565917969e+00 2.120901823043823242e+00 1.679596781730651855e+00 3.176440000534057617e-01
5.644587874412536621e-01 8.335508108139038086e-01 2.965205192565917969e+00 2.120901823043823242e+00 1.679596781730651855e+00 3.176440000534057617e-01
5.644587874412536621e-01 8.335508108139038086e-01 2.965205192565917969e+00 2.120901823043823242e+00 1.679596781730651855e+00 3.176440000534057617e-01
5.644587874412536621e-01 8.335508108139038086e-01 2.965205192565917969e+00 2.120901823043823242e+00 1.679596781730651855e+00 3.176440000534057617e-01
5.644587874412536621e-01 8.335508108139038086e-01 2.965205192565917969e+00 2.120901823043823242e+00 1.679596781730651855e+00 3.176440000534057617e-01
5.644587874412536621e-01 8.335508108139038086e-01 2.965205192565917969e+00 2.120901823043823242e+00 1.679596781730651855e+00 3.176440000534057617e-01
5.644587874412536621e-01 8.335508108139038086e-01 2.965205192565917969e+00 2.120901823043823242e+00 1.679596781730651855e+00 3.176440000534057617e-01
5.644587874412536621e-01 8.335508108139038086e-01 2.965205192565917969e+00 2.120901823043823242e+00 1.679596781730651855e+00 3.176440000534057617e-01
5.644587874412536621e-01 8.335508108139038086e-01 2.965205192565917969e+00 2.120901823043823242e+00 1.679596781730651855e+00 3.176440000534057617e-01
5.644587874412536621e-01 8.335508108139038086e-01 2.965205192565917969e+00 2.120901823043823242e+00 1.679596781730651855e+00 3.176440000534057617e-01
