0.000000000000000000e+00 0.000000000000000000e+00 0.000000000000000000e+00 0.000000000000000000e+00 0.000000000000000000e+00 0.000000000000000000e+00
0.000000000000000000e+00 0.000000000000000000e+00 0.000000000000000000e+00 0.000000000000000000e+00 0.000000000000000000e+00 0.000000000000000000e+00
0.000000000000000000e+00 0.000000000000000000e+00 0.000000000000000000e+00 0.000000000000000000e+00 0.000000000000000000e+00 0.000000000000000000e+00
0.000000000000000000e+00 0.000000000000000000e+00 0.000000000000000000e+00 0.000000000000000000e+00 0.000000000000000000e+00 0.000000000000000000e+00
0.000000000000000000e+00 0.000000000000000000e+00 0.000000000000000000e+00 0.000000000000000000e+00 0.000000000000000000e+00 0.000000000000000000e+00
0.000000000000000000e+00 0.000000000000000000e+00 0.000000000000000000e+00 0.000000000000000000e+00 0.000000000000000000e+00 0.000000000000000000e+00
0.000000000000000000e+00 0.000000000000000000e+00 0.000000000000000000e+00 0.000000000000000000e+00 0.000000000000000000e+00 0.000000000000000000e+00
0.000000000000000000e+00 0.000000000000000000e+00 0.000000000000000000e+00 0.000000000000000000e+00 0.000000000000000000e+00 0.000000000000000000e+00
0.000000000000000000e+00 0.000000000000000000e+00 0.000000000000000000e+00 0.000000000000000000e+00 0.000000000000000000e+00 0.000000000000000000e+00
0.000000000000000000e+00 0.000000000000000000e+00 0.000000000000000000e+00 0.000000000000000000e+00 0.000000000000000000e+00 0.000000000000000000e+00
0.000000000000000000e+00 0.000000000000000000e+00 0.000000000000000000e+00 0.000000000000000000e+00 0.000000000000000000e+00 0.000000000000000000e+00
0.000000000000000000e+00 0.000000000000000000e+00 0.000000000000000000e+00 0.000000000000000000e+00 0.000000000000000000e+00 0.000000000000000000e+00
0.000000000000000000e+00 0.000000000000000000e+00 0.000000000000000000e+00 0.000000000000000000e+00 0.000000000000000000e+00 0.000000000000000000e+00
0.000000000000000000e+00 0.000000000000000000e+00 0.000000000000000000e+00 0.000000000000000000e+00 0.000000000000000000e+00 0.000000000000000000e+00
0.000000000000000000e+00 0.000000000000000000e+00 0.000000000000000000e+00 0.000000000000000000e+00 0.000000000000000000e+00 0.000000000000000000e+00
0.000000000000000000e+00 0.000000000000000000e+00 0.000000000000000000e+00 0.000000000000000000e+00 0.000000000000000000e+00 0.000000000000000000e+00
0.000000000000000000e+00 0.000000000000000000e+00 0.000000000000000000e+00 0.000000000000000000e+00 0.000000000000000000e+00 0.000000000000000000e+00
0.000000000000000000e+00 0.000000000000000000e+00 0.000000000000000000e+00 0.000000000000000000e+00 0.000000000000000000e+00 0.000000000000000000e+00
0.000000000000000000e+00 0.000000000000000000e+00 0.000000000000000000e+00 0.000000000000000000e+00 0.000000000000000000e+00 0.000000000000000000e+00
0.000000000000000000e+00 0.000000000000000000e+00 0.000000000000000000e+00 0.000000000000000000e+00 0.000000000000000000e+00 0.000000000000000000e+00
0.000000000000000000e+00 0.000000000000000000e+00 0.000000000000000000e+00 0.000000000000000000e+00 0.000000000000000000e+00 0.000000000000000000e+00
0.000000000000000000e+00 0.000000000000000000e+00 0.000000000000000000e+00 0.000000000000000000e+00 0.000000000000000000e+00 0.000000000000000000e+00
0.000000000000000000e+00 0.000000000000000000e+00 0.000000000000000000e+00 0.000000000000000000e+00 0.000000000000000000e+00 0.000000000000000000e+00
0.000000000000000000e+00 0.000000000000000000e+00 0.000000000000000000e+00 0.000000000000000000e+00 0.000000000000000000e+00 0.000000000000000000e+00
0.000000000000000000e+00 0.000000000000000000e+00 0.000000000000000000e+00 0.000000000000000000e+00 0.000000000000000000e+00 0.000000000000000000e+00
0.000000000000000000e+00 0.000000000000000000e+00 0.000000000000000000e+00 0.000000000000000000e+00 0.000000000000000000e+00 0.000000000000000000e+00
0.000000000000000000e+00 0.000000000000000000e+00 0.000000000000000000e+00 0.000000000000000000e+00 0.000000000000000000e+00 0.000000000000000000e+00
0.000000000000000000e+00 0.000000000000000000e+00 0.000000000000000000e+00 0.000000000000000000e+00 0.000000000000000000e+00 0.000000000000000000e+00
0.000000000000000000e+00 0.000000000000000000e+00 0.000000000000000000e+00 0.000000000000000000e+00 0.000000000000000000e+00 0.000000000000000000e+00
0.000000000000000000e+00 0.000000000000000000e+00 0.000000000000000000e+00 0.000000000000000000e+00 0.000000000000000000e+00 0.000000000000000000e+00
0.000000000000000000e+00 0.000000000000000000e+00 0.000000000000000000e+00 0.000000000000000000e+00 0.000000000000000000e+00 0.000000000000000000e+00
0.000000000000000000e+00 0.000000000000000000e+00 0.000000000000000000e+00 0.000000000000000000e+00 0.000000000000000000e+00 0.000000000000000000e+00
0.000000000000000000e+00 0.000000000000000000e+00 0.000000000000000000e+00 0.000000000000000000e+00 0.000000000000000000e+00 0.000000000000000000e+00
0.000000000000000000e+00 0.000000000000000000e+00 0.000000000000000000e+00 0.000000000000000000e+00 0.000000000000000000e+00 0.000000000000000000e+00
0.000000000000000000e+00 0.000000000000000000e+00 0.000000000000000000e+00 0.000000000000000000e+00 0.000000000000000000e+00 0.000000000000000000e+00
0.000000000000000000e+00 0.000000000000000000e+00 0.000000000000000000e+00 0.000000000000000000e+00 0.000000000000000000e+00 0.000000000000000000e+00
0.000000000000000000e+00 0.000000000000000000e+00 0.000000000000000000e+00 0.000000000000000000e+00 0.000000000000000000e+00 0.000000000000000000e+00
0.000000000000000000e+00 0.000000000000000000e+00 0.000000000000000000e+00 0.000000000000000000e+00 0.000000000000000000e+00 0.000000000000000000e+00
0.000000000000000000e+00 0.000000000000000000e+00 0.000000000000000000e+00 0.000000000000000000e+00 0.000000000000000000e+00 0.000000000000000000e+00
0.000000000000000000e+00 0.000000000000000000e+00 0.000000000000000000e+00 0.000000000000000000e+00 0.000000000000000000e+00 0.000000000000000000e+00
0.000000000000000000e+00 0.000000000000000000e+00 0.000000000000000000e+00 0.000000000000000000e+00 0.000000000000000000e+00 0.000000000000000000e+00
0.000000000000000000e+00 0.000000000000000000e+00 0.000000000000000000e+00 0.000000000000000000e+00 0.000000000000000000e+00 0.000000000000000000e+00
0.000000000000000000e+00 0.000000000000000000e+00 0.000000000000000000e+00 0.000000000000000000e+00 0.000000000000000000e+00 0.000000000000000000e+00
0.000000000000000000e+00 0.000000000000000000e+00 0.000000000000000000e+00 0.000000000000000000e+00 0.000000000000000000e+00 0.000000000000000000e+00
0.000000000000000000e+00 0.000000000000000000e+00 0.000000000000000000e+00 0.000000000000000000e+00 0.000000000000000000e+00 0.000000000000000000e+00
0.000000000000000000e+00 0.000000000000000000e+00 0.000000000000000000e+00 0.000000000000000000e+00 0.000000000000000000e+00 0.000000000000000000e+00
0.000000000000000000e+00 0.000000000000000000e+00 0.000000000000000000e+00 0.000000000000000000e+00 0.000000000000000000e+00 0.000000000000000000e+00
0.000000000000000000e+00 0.000000000000000000e+00 0.000000000000000000e+00 0.000000000000000000e+00 0.000000000000000000e+00 0.000000000000000000e+00
0.000000000000000000e+00 0.000000000000000000e+00 0.000000000000000000e+00 0.000000000000000000e+00 0.000000000000000000e+00 0.000000000000000000e+00
0.000000000000000000e+00 0.000000000000000000e+00 0.000000000000000000e+00 0.000000000000000000e+00 0.000000000000000000e+00 0.000000000000000000e+00
0.000000000000000000e+00 0.000000000000000000e+00 0.000000000000000000e+00 0.000000000000000000e+00 0.000000000000000000e+00 0.000000000000000000e+00
0.000000000000000000e+00 0.000000000000000000e+00 0.000000000000000000e+00 0.000000000000000000e+00 0.000000000000000000e+00 0.000000000000000000e+00
0.000000000000000000e+00 0.000000000000000000e+00 0.000000000000000000e+00 0.000000000000000000e+00 0.000000000000000000e+00 0.000000000000000000e+00
0.000000000000000000e+00 0.000000000000000000e+00 0.000000000000000000e+00 0.000000000000000000e+00 0.000000000000000000e+00 0.000000000000000000e+00
0.000000000000000000e+00 0.000000000000000000e+00 0.000000000000000000e+00 0.000000000000000000e+00 0.000000000000000000e+00 0.000000000000000000e+00
0.000000000000000000e+00 0.000000000000000000e+00 0.000000000000000000e+00 0.000000000000000000e+00 0.000000000000000000e+00 0.000000000000000000e+00
0.000000000000000000e+00 0.000000000000000000e+00 0.000000000000000000e+00 0.000000000000000000e+00 0.000000000000000000e+00 0.000000000000000000e+00
0.000000000000000000e+00 0.000000000000000000e+00 0.000000000000000000e+00 0.000000000000000000e+00 0.000000000000000000e+00 0.000000000000000000e+00
0.000000000000000000e+00 0.000000000000000000e+00 0.000000000000000000e+00 0.000000000000000000e+00 0.000000000000000000e+00 0.000000000000000000e+00
0.000000000000000000e+00 0.000000000000000000e+00 0.000000000000000000e+00 0.000000000000000000e+00 0.000000000000000000e+00 0.000000000000000000e+00
0.000000000000000000e+00 0.000000000000000000e+00 0.000000000000000000e+00 0.000000000000000000e+00 0.000000000000000000e+00 0.000000000000000000e+00
0.000000000000000000e+00 0.000000000000000000e+00 0.000000000000000000e+00 0.000000000000000000e+00 0.000000000000000000e+00 0.000000000000000000e+00
0.000000000000000000e+00 0.000000000000000000e+00 0.000000000000000000e+00 0.000000000000000000e+00 0.000000000000000000e+00 0.000000000000000000e+00
0.000000000000000000e+00 0.000000000000000000e+00 0.000000000000000000e+00 0.000000000000000000e+00 0.000000000000000000e+00 0.000000000000000000e+00
0.000000000000000000e+00 0.000000000000000000e+00 0.000000000000000000e+00 0.000000000000000000e+00 0.000000000000000000e+00 0.000000000000000000e+00
0.000000000000000000e+00 0.000000000000000000e+00 0.000000000000000000e+00 0.000000000000000000e+00 0.000000000000000000e+00 0.000000000000000000e+00
0.000000000000000000e+00 0.000000000000000000e+00 0.000000000000000000e+00 0.000000000000000000e+00 0.000000000000000000e+00 0.000000000000000000e+00
0.000000000000000000e+00 0.000000000000000000e+00 0.000000000000000000e+00 0.000000000000000000e+00 0.000000000000000000e+00 0.000000000000000000e+00
0.000000000000000000e+00 0.000000000000000000e+00 0.000000000000000000e+00 0.000000000000000000e+00 0.000000000000000000e+00 0.000000000000000000e+00
0.000000000000000000e+00 0.000000000000000000e+00 0.000000000000000000e+00 0.000000000000000000e+00 0.000000000000000000e+00 0.000000000000000000e+00
0.000000000000000000e+00 0.000000000000000000e+00 0.000000000000000000e+00 0.000000000000000000e+00 0.000000000000000000e+00 0.000000000000000000e+00
0.000000000000000000e+00 0.000000000000000000e+00 0.000000000000000000e+00 0.000000000000000000e+00 0.000000000000000000e+00 0.000000000000000000e+00
0.000000000000000000e+00 0.000000000000000000e+00 0.000000000000000000e+00 0.000000000000000000e+00 0.000000000000000000e+00 0.000000000000000000e+00
0.000000000000000000e+00 0.000000000000000000e+00 0.000000000000000000e+00 0.000000000000000000e+00 0.000000000000000000e+00 0.000000000000000000e+00
0.000000000000000000e+00 0.000000000000000000e+00 0.000000000000000000e+00 0.000000000000000000e+00 0.000000000000000000e+00 0.000000000000000000e+00
0.000000000000000000e+00 0.000000000000000000e+00 0.000000000000000000e+00 0.000000000000000000e+00 0.000000000000000000e+00 0.000000000000000000e+00
0.000000000000000000e+00 0.000000000000000000e+00 0.000000000000000000e+00 0.000000000000000000e+00 0.000000000000000000e+00 0.000000000000000000e+00
0.000000000000000000e+00 0.000000000000000000e+00 0.000000000000000000e+00 0.000000000000000000e+00 0.000000000000000000e+00 0.000000000000000000e+00
0.000000000000000000e+00 0.000000000000000000e+00 0.000000000000000000e+00 0.000000000000000000e+00 0.000000000000000000e+00 0.000000000000000000e+00
0.000000000000000000e+00 0.000000000000000000e+00 0.000000000000000000e+00 0.000000000000000000e+00 0.000000000000000000e+00 0.000000000000000000e+00
0.000000000000000000e+00 0.000000000000000000e+00 0.000000000000000000e+00 0.000000000000000000e+00 0.000000000000000000e+00 0.000000000000000000e+00
0.000000000000000000e+00 0.000000000000000000e+00 0.000000000000000000e+00 0.000000000000000000e+00 0.000000000000000000e+00 0.000000000000000000e+00
0.000000000000000000e+00 0.000000000000000000e+00 0.000000000000000000e+00 0.000000000000000000e+00 0.000000000000000000e+00 0.000000000000000000e+00
0.000000000000000000e+00 0.000000000000000000e+00 0.000000000000000000e+00 0.000000000000000000e+00 0.000000000000000000e+00 0.000000000000000000e+00
0.000000000000000000e+00 0.000000000000000000e+00 0.000000000000000000e+00 0.000000000000000000e+00 0.000000000000000000e+00 0.000000000000000000e+00
0.000000000000000000e+00 0.000000000000000000e+00 0.000000000000000000e+00 0.000000000000000000e+00 0.000000000000000000e+00 0.000000000000000000e+00
0.000000000000000000e+00 0.000000000000000000e+00 0.000000000000000000e+00 0.000000000000000000e+00 0.000000000000000000e+00 0.000000000000000000e+00
0.000000000000000000e+00 0.000000000000000000e+00 0.000000000000000000e+00 0.000000000000000000e+00 0.000000000000000000e+00 0.000000000000000000e+00
0.000000000000000000e+00 0.000000000000000000e+00 0.000000000000000000e+00 0.000000000000000000e+00 0.000000000000000000e+00 0.000000000000000000e+00
0.000000000000000000e+00 0.000000000000000000e+00 0.000000000000000000e+00 0.000000000000000000e+00 0.000000000000000000e+00 0.000000000000000000e+00
0.000000000000000000e+00 0.000000000000000000e+00 0.000000000000000000e+00 0.000000000000000000e+00 0.000000000000000000e+00 0.000000000000000000e+00
0.000000000000000000e+00 0.000000000000000000e+00 0.000000000000000000e+00 0.000000000000000000e+00 0.000000000000000000e+00 0.000000000000000000e+00
0.000000000000000000e+00 0.000000000000000000e+00 0.000000000000000000e+00 0.000000000000000000e+00 0.000000000000000000e+00 0.000000000000000000e+00
0.000000000000000000e+00 0.000000000000000000e+00 0.000000000000000000e+00 0.000000000000000000e+00 0.000000000000000000e+00 0.000000000000000000e+00
0.000000000000000000e+00 0.000000000000000000e+00 0.000000000000000000e+00 0.000000000000000000e+00 0.000000000000000000e+00 0.000000000000000000e+00
0.000000000000000000e+00 0.000000000000000000e+00 0.000000000000000000e+00 0.000000000000000000e+00 0.000000000000000000e+00 0.000000000000000000e+00
0.000000000000000000e+00 0.000000000000000000e+00 0.000000000000000000e+00 0.000000000000000000e+00 0.000000000000000000e+00 0.000000000000000000e+00
0.000000000000000000e+00 0.000000000000000000e+00 0.000000000000000000e+00 0.000000000000000000e+00 0.000000000000000000e+00 0.000000000000000000e+00
0.000000000000000000e+00 0.000000000000000000e+00 0.000000000000000000e+00 0.000000000000000000e+00 0.000000000000000000e+00 0.000000000000000000e+00
0.000000000000000000e+00 0.000000000000000000e+00 0.000000000000000000e+00 0.000000000000000000e+00 0.000000000000000000e+00 0.000000000000000000e+00
0.000000000000000000e+00 0.000000000000000000e+00 0.000000000000000000e+00 0.000000000000000000e+00 0.000000000000000000e+00 0.000000000000000000e+00
4.265480674803256989e-03 9.945007413625717163e-02 7.356216013431549072e-02 8.444387465715408325e-03 1.277835294604301453e-02 5.754944402724504471e-03
8.530961349606513977e-03 1.989001482725143433e-01 1.471243202686309814e-01 1.688877493143081665e-02 2.555670589208602905e-02 1.150988880544900894e-02
1.279644202440977097e-02 2.983502447605133057e-01 2.206864804029464722e-01 2.533316053450107574e-02 3.833505883812904358e-02 1.726483181118965149e-02
1.706192269921302795e-02 3.978002965450286865e-01 2.942486405372619629e-01 3.377754986286163330e-02 5.111341178417205811e-02 2.301977761089801788e-02
2.132740244269371033e-02 4.972503781318664551e-01 3.678107857704162598e-01 4.222193360328674316e-02 6.389176845550537109e-02 2.877472154796123505e-02
2.559288404881954193e-02 5.967004895210266113e-01 4.413729608058929443e-01 5.066632106900215149e-02 7.667011767625808716e-02 3.452966362237930298e-02
2.985836379230022430e-02 6.961505413055419922e-01 5.149351358413696289e-01 5.911070853471755981e-02 8.944847434759140015e-02 4.028460755944252014e-02
3.412384539842605591e-02 7.956005930900573730e-01 5.884972810745239258e-01 6.755509972572326660e-02 1.022268235683441162e-01 4.603955522179603577e-02
3.838932514190673828e-02 8.950507044792175293e-01 6.620594263076782227e-01 7.599948346614837646e-02 1.150051802396774292e-01 5.179449915885925293e-02
4.265480488538742065e-02 9.945007562637329102e-01 7.356215715408325195e-01 8.444386720657348633e-02 1.277835369110107422e-01 5.754944309592247009e-02
4.692028835415840149e-02 1.093950867652893066e+00 8.091837167739868164e-01 9.288825839757919312e-02 1.405618935823440552e-01 6.330438703298568726e-02
5.118576809763908386e-02 1.193400979042053223e+00 8.827459216117858887e-01 1.013326421380043030e-01 1.533402353525161743e-01 6.905932724475860596e-02
5.545124784111976624e-02 1.292850971221923828e+00 9.563080668449401855e-01 1.097770333290100098e-01 1.661185920238494873e-01 7.481427490711212158e-02
5.971672758460044861e-02 1.392301082611083984e+00 1.029870271682739258e+00 1.182214170694351196e-01 1.788969486951828003e-01 8.056921511888504028e-02
6.398221105337142944e-02 1.491751194000244141e+00 1.103432416915893555e+00 1.266658008098602295e-01 1.916753053665161133e-01 8.632416278123855591e-02
6.824769079685211182e-02 1.591201186180114746e+00 1.176994562149047852e+00 1.351101994514465332e-01 2.044536471366882324e-01 9.207911044359207153e-02
7.251317054033279419e-02 1.690651297569274902e+00 1.250556707382202148e+00 1.435545831918716431e-01 2.172320038080215454e-01 9.783405065536499023e-02
7.677865028381347656e-02 1.790101408958435059e+00 1.324118852615356445e+00 1.519989669322967529e-01 2.300103604793548584e-01 1.035889983177185059e-01
8.104413002729415894e-02 1.889551520347595215e+00 1.397680997848510742e+00 1.604433506727218628e-01 2.427887171506881714e-01 1.093439385294914246e-01
8.530960977077484131e-02 1.989001512527465820e+00 1.471243143081665039e+00 1.688877344131469727e-01 2.555670738220214844e-01 1.150988861918449402e-01
8.957509696483612061e-02 2.088451623916625977e+00 1.544805288314819336e+00 1.773321330547332764e-01 2.683454155921936035e-01 1.208538264036178589e-01
9.384057670831680298e-02 2.187901735305786133e+00 1.618367433547973633e+00 1.857765167951583862e-01 2.811237871646881104e-01 1.266087740659713745e-01
9.810605645179748535e-02 2.287351846694946289e+00 1.691929697990417480e+00 1.942209005355834961e-01 2.939021289348602295e-01 1.323637217283248901e-01
1.023715361952781677e-01 2.386801958084106445e+00 1.765491843223571777e+00 2.026652842760086060e-01 3.066804707050323486e-01 1.381186544895172119e-01
1.066370159387588501e-01 2.486251831054687500e+00 1.839053988456726074e+00 2.111096829175949097e-01 3.194588422775268555e-01 1.438736021518707275e-01
1.109024956822395325e-01 2.585701942443847656e+00 1.912616133689880371e+00 2.195540666580200195e-01 3.322371840476989746e-01 1.496285498142242432e-01
1.151679754257202148e-01 2.685152053833007812e+00 1.986178278923034668e+00 2.279984503984451294e-01 3.450155258178710938e-01 1.553834974765777588e-01
1.194334551692008972e-01 2.784602165222167969e+00 2.059740543365478516e+00 2.364428341388702393e-01 3.577938973903656006e-01 1.611384302377700806e-01
1.236989349126815796e-01 2.884052276611328125e+00 2.133302688598632812e+00 2.448872178792953491e-01 3.705722391605377197e-01 1.668933779001235962e-01
1.279644221067428589e-01 2.983502388000488281e+00 2.206864833831787109e+00 2.533316016197204590e-01 3.833506107330322266e-01 1.726483255624771118e-01
1.378575563430786133e-01 2.961182117462158203e+00 2.179804801940917969e+00 3.850225806236267090e-01 5.377003550529479980e-01 2.391973286867141724e-01
1.477506905794143677e-01 2.938861846923828125e+00 2.152744770050048828e+00 5.167135000228881836e-01 6.920500993728637695e-01 3.057463169097900391e-01
1.576438397169113159e-01 2.916541576385498047e+00 2.125684976577758789e+00 6.484044790267944336e-01 8.463997840881347656e-01 3.722953200340270996e-01
1.675369739532470703e-01 2.894221544265747070e+00 2.098624944686889648e+00 7.800954580307006836e-01 1.000749588012695312e+00 4.388443231582641602e-01
1.774301081895828247e-01 2.871901273727416992e+00 2.071564912796020508e+00 9.117863774299621582e-01 1.155099272727966309e+00 5.053933262825012207e-01
1.873232573270797729e-01 2.849581003189086914e+00 2.044504880905151367e+00 1.043477416038513184e+00 1.309448957443237305e+00 5.719423294067382812e-01
1.972163915634155273e-01 2.827260732650756836e+00 2.017445087432861328e+00 1.175168275833129883e+00 1.463798761367797852e+00 6.384913325309753418e-01
2.071095257997512817e-01 2.804940700531005859e+00 1.990385055541992188e+00 1.306859254837036133e+00 1.618148446083068848e+00 7.050402760505676270e-01
2.170026749372482300e-01 2.782620429992675781e+00 1.963325142860412598e+00 1.438550233840942383e+00 1.772498250007629395e+00 7.715892791748046875e-01
2.268958091735839844e-01 2.760300159454345703e+00 1.936265110969543457e+00 1.570241212844848633e+00 1.926847934722900391e+00 8.381382822990417480e-01
2.367889583110809326e-01 2.737979888916015625e+00 1.909205198287963867e+00 1.701932191848754883e+00 2.081197738647460938e+00 9.046872854232788086e-01
2.466820925474166870e-01 2.715659856796264648e+00 1.882145285606384277e+00 1.833623170852661133e+00 2.235547542572021484e+00 9.712362885475158691e-01
2.565752267837524414e-01 2.693339586257934570e+00 1.855085253715515137e+00 1.965314030647277832e+00 2.389897108078002930e+00 1.037785291671752930e+00
2.664683759212493896e-01 2.671019315719604492e+00 1.828025341033935547e+00 2.097005128860473633e+00 2.544246912002563477e+00 1.104334235191345215e+00
2.763614952564239502e-01 2.648699045181274414e+00 1.800965309143066406e+00 2.228696107864379883e+00 2.698596715927124023e+00 1.170883297920227051e+00
3.819108903408050537e-01 2.480866909027099609e+00 1.743769407272338867e+00 2.205791711807250977e+00 2.547797679901123047e+00 1.159307599067687988e+00
4.874602854251861572e-01 2.313034772872924805e+00 1.686573505401611328e+00 2.182887315750122070e+00 2.396998882293701172e+00 1.147731781005859375e+00
5.930097103118896484e-01 2.145202636718750000e+00 1.629377484321594238e+00 2.159983158111572266e+00 2.246200084686279297e+00 1.136156082153320312e+00
6.985591053962707520e-01 1.977370500564575195e+00 1.572181582450866699e+00 2.137078762054443359e+00 2.095401287078857422e+00 1.124580264091491699e+00
8.041085004806518555e-01 1.809538364410400391e+00 1.514985561370849609e+00 2.114174604415893555e+00 1.944602370262145996e+00 1.113004565238952637e+00
9.096578955650329590e-01 1.641706228256225586e+00 1.457789659500122070e+00 2.091270208358764648e+00 1.793803572654724121e+00 1.101428866386413574e+00
1.015207290649414062e+00 1.473874092102050781e+00 1.400593638420104980e+00 2.068365812301635742e+00 1.643004655838012695e+00 1.089853048324584961e+00
1.120756626129150391e+00 1.306041955947875977e+00 1.343397736549377441e+00 2.045461654663085938e+00 1.492205858230590820e+00 1.078277349472045898e+00
1.226306080818176270e+00 1.138209819793701172e+00 1.286201834678649902e+00 2.022557258605957031e+00 1.341406941413879395e+00 1.066701650619506836e+00
1.331855416297912598e+00 9.703776240348815918e-01 1.229005813598632812e+00 1.999652981758117676e+00 1.190608143806457520e+00 1.055125832557678223e+00
1.437404870986938477e+00 8.025454878807067871e-01 1.171809911727905273e+00 1.976748704910278320e+00 1.039809226989746094e+00 1.043550133705139160e+00
1.542954206466674805e+00 6.347132921218872070e-01 1.114613890647888184e+00 1.953844428062438965e+00 8.890104293823242188e-01 1.031974434852600098e+00
1.648503661155700684e+00 4.668811559677124023e-01 1.057417988777160645e+00 1.930940032005310059e+00 7.382115721702575684e-01 1.020398616790771484e+00
1.754052996635437012e+00 2.990490198135375977e-01 1.000222086906433105e+00 1.908035755157470703e+00 5.874127149581909180e-01 1.008822917938232422e+00
1.859602451324462891e+00 1.312168538570404053e-01 9.430260658264160156e-01 1.885131478309631348e+00 4.366138577461242676e-01 9.972471594810485840e-01
1.753327488899230957e+00 1.411974728107452393e-01 1.075453758239746094e+00 1.777910828590393066e+00 5.841869115829467773e-01 9.995796084403991699e-01
1.647052526473999023e+00 1.511780768632888794e-01 1.207881331443786621e+00 1.670690298080444336e+00 7.317600250244140625e-01 1.001911997795104980e+00
1.540777683258056641e+00 1.611586958169937134e-01 1.340308904647827148e+00 1.563469648361206055e+00 8.793330788612365723e-01 1.004244446754455566e+00
1.434502720832824707e+00 1.711392998695373535e-01 1.472736597061157227e+00 1.456248998641967773e+00 1.026906132698059082e+00 1.006576895713806152e+00
1.328227758407592773e+00 1.811199188232421875e-01 1.605164170265197754e+00 1.349028468132019043e+00 1.174479246139526367e+00 1.008909344673156738e+00
1.221952915191650391e+00 1.911005377769470215e-01 1.737591743469238281e+00 1.241807818412780762e+00 1.322052359580993652e+00 1.011241674423217773e+00
1.115677952766418457e+00 2.010811418294906616e-01 1.870019435882568359e+00 1.134587168693542480e+00 1.469625353813171387e+00 1.013574123382568359e+00
1.009402990341186523e+00 2.110617607831954956e-01 2.002447128295898438e+00 1.027366638183593750e+00 1.617198467254638672e+00 1.015906572341918945e+00
9.031280875205993652e-01 2.210423648357391357e-01 2.134874582290649414e+00 9.201459884643554688e-01 1.764771580696105957e+00 1.018239021301269531e+00
7.968531250953674316e-01 2.310229837894439697e-01 2.267302274703979492e+00 8.129253983497619629e-01 1.912344694137573242e+00 1.020571470260620117e+00
6.905782222747802734e-01 2.410035878419876099e-01 2.399729967117309570e+00 7.057048082351684570e-01 2.059917688369750977e+00 1.022903800010681152e+00
5.843033194541931152e-01 2.509841918945312500e-01 2.532157421112060547e+00 5.984841585159301758e-01 2.207490682601928711e+00 1.025236248970031738e+00
4.780283570289611816e-01 2.609648108482360840e-01 2.664585113525390625e+00 4.912635684013366699e-01 2.355063915252685547e+00 1.027568697929382324e+00
3.717534542083740234e-01 2.709454298019409180e-01 2.797012805938720703e+00 3.840429782867431641e-01 2.502636909484863281e+00 1.029901146888732910e+00
2.654785215854644775e-01 2.809260487556457520e-01 2.929440259933471680e+00 2.768223583698272705e-01 2.650210142135620117e+00 1.032233476638793945e+00
2.760071456432342529e-01 3.310975134372711182e-01 2.837367534637451172e+00 3.752816915512084961e-01 2.538497447967529297e+00 1.115545392036437988e+00
2.865357697010040283e-01 3.812690079212188721e-01 2.745294809341430664e+00 4.737409949302673340e-01 2.426784753799438477e+00 1.198857307434082031e+00
2.970644235610961914e-01 4.314405024051666260e-01 2.653222084045410156e+00 5.722002983093261719e-01 2.315072059631347656e+00 1.282169222831726074e+00
3.075930476188659668e-01 4.816119968891143799e-01 2.561149358749389648e+00 6.706596612930297852e-01 2.203359365463256836e+00 1.365481138229370117e+00
3.181216716766357422e-01 5.317834615707397461e-01 2.469076633453369141e+00 7.691189646720886230e-01 2.091646909713745117e+00 1.448793053627014160e+00
3.286502957344055176e-01 5.819549560546875000e-01 2.377003669738769531e+00 8.675782680511474609e-01 1.979934215545654297e+00 1.532104969024658203e+00
3.391789495944976807e-01 6.321264505386352539e-01 2.284930944442749023e+00 9.660376310348510742e-01 1.868221521377563477e+00 1.615416765213012695e+00
3.497075736522674561e-01 6.822979450225830078e-01 2.192858219146728516e+00 1.064496874809265137e+00 1.756508946418762207e+00 1.698728680610656738e+00
3.602361977100372314e-01 7.324694395065307617e-01 2.100785493850708008e+00 1.162956237792968750e+00 1.644796252250671387e+00 1.782040596008300781e+00
3.707648217678070068e-01 7.826409339904785156e-01 2.008712768554687500e+00 1.261415600776672363e+00 1.533083677291870117e+00 1.865352511405944824e+00
3.812934756278991699e-01 8.328124284744262695e-01 1.916639924049377441e+00 1.359874844551086426e+00 1.421370983123779297e+00 1.948664426803588867e+00
3.918220996856689453e-01 8.829839229583740234e-01 1.824567198753356934e+00 1.458334207534790039e+00 1.309658408164978027e+00 2.031976222991943359e+00
4.023507237434387207e-01 9.331553578376770020e-01 1.732494354248046875e+00 1.556793570518493652e+00 1.197945713996887207e+00 2.115288257598876953e+00
4.128793478012084961e-01 9.833268523216247559e-01 1.640421628952026367e+00 1.655252814292907715e+00 1.086233019828796387e+00 2.198600053787231445e+00
4.234079718589782715e-01 1.033498406410217285e+00 1.548348903656005859e+00 1.753712177276611328e+00 9.745204448699951172e-01 2.281912088394165039e+00
4.234079718589782715e-01 1.033498406410217285e+00 1.548348903656005859e+00 1.753712177276611328e+00 9.745204448699951172e-01 2.281912088394165039e+00
4.234079718589782715e-01 1.033498406410217285e+00 1.548348903656005859e+00 1.753712177276611328e+00 9.745204448699951172e-01 2.281912088394165039e+00
4.234079718589782715e-01 1.033498406410217285e+00 1.548348903656005859e+00 1.753712177276611328e+00 9.745204448699951172e-01 2.281912088394165039e+00
4.234079718589782715e-01 1.033498406410217285e+00 1.548348903656005859e+00 1.753712177276611328e+00 9.745204448699951172e-01 2.281912088394165039e+00
4.234079718589782715e-01 1.033498406410217285e+00 1.548348903656005859e+00 1.753712177276611328e+00 9.745204448699951172e-01 2.281912088394165039e+00
4.234079718589782715e-01 1.033498406410217285e+00 1.548348903656005859e+00 1.753712177276611328e+00 9.745204448699951172e-01 2.281912088394165039e+00
4.234079718589782715e-01 1.033498406410217285e+00 1.548348903656005859e+00 1.753712177276611328e+00 9.745204448699951172e-01 2.281912088394165039e+00
4.234079718589782715e-01 1.033498406410217285e+00 1.548348903656005859e+00 1.753712177276611328e+00 9.745204448699951172e-01 2.281912088394165039e+00
4.234079718589782715e-01 1.033498406410217285e+00 1.548348903656005859e+00 1.753712177276611328e+00 9.745204448699951172e-01 2.281912088394165039e+00
4.234079718589782715e-01 1.033498406410217285e+00 1.548348903656005859e+00 1.753712177276611328e+00 9.745204448699951172e-01 2.281912088394165039e+00
4.234079718589782715e-01 1.033498406410217285e+00 1.548348903656005859e+00 1.753712177276611328e+00 9.745204448699951172e-01 2.281912088394165039e+00
4.234079718589782715e-01 1.033498406410217285e+00 1.548348903656005859e+00 1.753712177276611328e+00 9.745204448699951172e-01 2.281912088394165039e+00
4.234079718589782715e-01 1.033498406410217285e+00 1.548348903656005859e+00 1.753712177276611328e+00 9.745204448699951172e-01 2.281912088394165039e+00
4.234079718589782715e-01 1.033498406410217285e+00 1.548348903656005859e+00 1.753712177276611328e+00 9.745204448699951172e-01 2.281912088394165039e+00
4.234079718589782715e-01 1.033498406410217285e+00 1.548348903656005859e+00 1.753712177276611328e+00 9.745204448699951172e-01 2.281912088394165039e+00
4.234079718589782715e-01 1.033498406410217285e+00 1.548348903656005859e+00 1.753712177276611328e+00 9.745204448699951172e-01 2.281912088394165039e+00
4.234079718589782715e-01 1.033498406410217285e+00 1.548348903656005859e+00 1.753712177276611328e+00 9.745204448699951172e-01 2.281912088394165039e+00
4.234079718589782715e-01 1.033498406410217285e+00 1.548348903656005859e+00 1.753712177276611328e+00 9.745204448699951172e-01 2.281912088394165039e+00
4.234079718589782715e-01 1.033498406410217285e+00 1.548348903656005859e+00 1.753712177276611328e+00 9.745204448699951172e-01 2.281912088394165039e+00
4.234079718589782715e-01 1.033498406410217285e+00 1.548348903656005859e+00 1.753712177276611328e+00 9.745204448699951172e-01 2.281912088394165039e+00
4.234079718589782715e-01 1.033498406410217285e+00 1.548348903656005859e+00 1.753712177276611328e+00 9.745204448699951172e-01 2.281912088394165039e+00
4.234079718589782715e-01 1.033498406410217285e+00 1.548348903656005859e+00 1.753712177276611328e+00 9.745204448699951172e-01 2.281912088394165039e+00
4.234079718589782715e-01 1.033498406410217285e+00 1.548348903656005859e+00 1.753712177276611328e+00 9.745204448699951172e-01 2.281912088394165039e+00
4.234079718589782715e-01 1.033498406410217285e+00 1.548348903656005859e+00 1.753712177276611328e+00 9.745204448699951172e-01 2.281912088394165039e+00
4.234079718589782715e-01 1.033498406410217285e+00 1.548348903656005859e+00 1.753712177276611328e+00 9.745204448699951172e-01 2.281912088394165039e+00
4.234079718589782715e-01 1.033498406410217285e+00 1.548348903656005859e+00 1.753712177276611328e+00 9.745204448699951172e-01 2.281912088394165039e+00
4.234079718589782715e-01 1.033498406410217285e+00 1.548348903656005859e+00 1.753712177276611328e+00 9.745204448699951172e-01 2.281912088394165039e+00
4.234079718589782715e-01 1.033498406410217285e+00 1.548348903656005859e+00 1.753712177276611328e+00 9.745204448699951172e-01 2.281912088394165039e+00
4.234079718589782715e-01 1.033498406410217285e+00 1.548348903656005859e+00 1.753712177276611328e+00 9.745204448699951172e-01 2.281912088394165039e+00
4.234079718589782715e-01 1.033498406410217285e+00 1.548348903656005859e+00 1.753712177276611328e+00 9.745204448699951172e-01 2.281912088394165039e+00
4.234079718589782715e-01 1.033498406410217285e+00 1.548348903656005859e+00 1.753712177276611328e+00 9.745204448699951172e-01 2.281912088394165039e+00
4.234079718589782715e-01 1.033498406410217285e+00 1.548348903656005859e+00 1.753712177276611328e+00 9.745204448699951172e-01 2.281912088394165039e+00
4.234079718589782715e-01 1.033498406410217285e+00 1.548348903656005859e+00 1.753712177276611328e+00 9.745204448699951172e-01 2.281912088394165039e+00
4.234079718589782715e-01 1.033498406410217285e+00 1.548348903656005859e+00 1.753712177276611328e+00 9.745204448699951172e-01 2.281912088394165039e+00
4.234079718589782715e-01 1.033498406410217285e+00 1.548348903656005859e+00 1.753712177276611328e+00 9.745204448699951172e-01 2.281912088394165039e+00
4.234079718589782715e-01 1.033498406410217285e+00 1.548348903656005859e+00 1.753712177276611328e+00 9.745204448699951172e-01 2.281912088394165039e+00
4.234079718589782715e-01 1.033498406410217285e+00 1.548348903656005859e+00 1.753712177276611328e+00 9.745204448699951172e-01 2.281912088394165039e+00
4.234079718589782715e-01 1.033498406410217285e+00 1.548348903656005859e+00 1.753712177276611328e+00 9.745204448699951172e-01 2.281912088394165039e+00
4.234079718589782715e-01 1.033498406410217285e+00 1.548348903656005859e+00 1.753712177276611328e+00 9.745204448699951172e-01 2.281912088394165039e+00
4.234079718589782715e-01 1.033498406410217285e+00 1.548348903656005859e+00 1.753712177276611328e+00 9.745204448699951172e-01 2.281912088394165039e+00
4.234079718589782715e-01 1.033498406410217285e+00 1.548348903656005859e+00 1.753712177276611328e+00 9.745204448699951172e-01 2.281912088394165039e+00
4.234079718589782715e-01 1.033498406410217285e+00 1.548348903656005859e+00 1.753712177276611328e+00 9.745204448699951172e-01 2.281912088394165039e+00
4.234079718589782715e-01 1.033498406410217285e+00 1.548348903656005859e+00 1.753712177276611328e+00 9.745204448699951172e-01 2.281912088394165039e+00
4.234079718589782715e-01 1.033498406410217285e+00 1.548348903656005859e+00 1.753712177276611328e+00 9.745204448699951172e-01 2.281912088394165039e+00
4.234079718589782715e-01 1.033498406410217285e+00 1.548348903656005859e+00 1.753712177276611328e+00 9.745204448699951172e-01 2.281912088394165039e+00
4.234079718589782715e-01 1.033498406410217285e+00 1.548348903656005859e+00 1.753712177276611328e+00 9.745204448699951172e-01 2.281912088394165039e+00
4.234079718589782715e-01 1.033498406410217285e+00 1.548348903656005859e+00 1.753712177276611328e+00 9.745204448699951172e-01 2.281912088394165039e+00
4.234079718589782715e-01 1.033498406410217285e+00 1.548348903656005859e+00 1.753712177276611328e+00 9.745204448699951172e-01 2.281912088394165039e+00
4.234079718589782715e-01 1.033498406410217285e+00 1.548348903656005859e+00 1.753712177276611328e+00 9.745204448699951172e-01 2.281912088394165039e+00
4.234079718589782715e-01 1.033498406410217285e+00 1.548348903656005859e+00 1.753712177276611328e+00 9.745204448699951172e-01 2.281912088394165039e+00
4.234079718589782715e-01 1.033498406410217285e+00 1.548348903656005859e+00 1.753712177276611328e+00 9.745204448699951172e-01 2.281912088394165039e+00
4.234079718589782715e-01 1.033498406410217285e+00 1.548348903656005859e+00 1.753712177276611328e+00 9.745204448699951172e-01 2.281912088394165039e+00
4.234079718589782715e-01 1.033498406410217285e+00 1.548348903656005859e+00 1.753712177276611328e+00 9.745204448699951172e-01 2.281912088394165039e+00
4.234079718589782715e-01 1.033498406410217285e+00 1.548348903656005859e+00 1.753712177276611328e+00 9.745204448699951172e-01 2.281912088394165039e+00
4.234079718589782715e-01 1.033498406410217285e+00 1.548348903656005859e+00 1.753712177276611328e+00 9.745204448699951172e-01 2.281912088394165039e+00
4.234079718589782715e-01 1.033498406410217285e+00 1.548348903656005859e+00 1.753712177276611328e+00 9.745204448699951172e-01 2.281912088394165039e+00
4.234079718589782715e-01 1.033498406410217285e+00 1.548348903656005859e+00 1.753712177276611328e+00 9.745204448699951172e-01 2.281912088394165039e+00
4.234079718589782715e-01 1.033498406410217285e+00 1.548348903656005859e+00 1.753712177276611328e+00 9.745204448699951172e-01 2.281912088394165039e+00
4.234079718589782715e-01 1.033498406410217285e+00 1.548348903656005859e+00 1.753712177276611328e+00 9.745204448699951172e-01 2.281912088394165039e+00
4.234079718589782715e-01 1.033498406410217285e+00 1.548348903656005859e+00 1.753712177276611328e+00 9.745204448699951172e-01 2.281912088394165039e+00
