0.000000000000000000e+00 0.000000000000000000e+00 0.000000000000000000e+00 0.000000000000000000e+00 0.000000000000000000e+00 0.000000000000000000e+00
0.000000000000000000e+00 0.000000000000000000e+00 0.000000000000000000e+00 0.000000000000000000e+00 0.000000000000000000e+00 0.000000000000000000e+00
0.000000000000000000e+00 0.000000000000000000e+00 0.000000000000000000e+00 0.000000000000000000e+00 0.000000000000000000e+00 0.000000000000000000e+00
0.000000000000000000e+00 0.000000000000000000e+00 0.000000000000000000e+00 0.000000000000000000e+00 0.000000000000000000e+00 0.000000000000000000e+00
0.000000000000000000e+00 0.000000000000000000e+00 0.000000000000000000e+00 0.000000000000000000e+00 0.000000000000000000e+00 0.000000000000000000e+00
0.000000000000000000e+00 0.000000000000000000e+00 0.000000000000000000e+00 0.000000000000000000e+00 0.000000000000000000e+00 0.000000000000000000e+00
0.000000000000000000e+00 0.000000000000000000e+00 0.000000000000000000e+00 0.000000000000000000e+00 0.000000000000000000e+00 0.000000000000000000e+00
0.000000000000000000e+00 0.000000000000000000e+00 0.000000000000000000e+00 0.000000000000000000e+00 0.000000000000000000e+00 0.000000000000000000e+00
0.000000000000000000e+00 0.000000000000000000e+00 0.000000000000000000e+00 0.000000000000000000e+00 0.000000000000000000e+00 0.000000000000000000e+00
0.000000000000000000e+00 0.000000000000000000e+00 0.000000000000000000e+00 0.000000000000000000e+00 0.000000000000000000e+00 0.000000000000000000e+00
0.000000000000000000e+00 0.000000000000000000e+00 0.000000000000000000e+00 0.000000000000000000e+00 0.000000000000000000e+00 0.000000000000000000e+00
0.000000000000000000e+00 0.000000000000000000e+00 0.000000000000000000e+00 0.000000000000000000e+00 0.000000000000000000e+00 0.000000000000000000e+00
0.000000000000000000e+00 0.000000000000000000e+00 0.000000000000000000e+00 0.000000000000000000e+00 0.000000000000000000e+00 0.000000000000000000e+00
0.000000000000000000e+00 0.000000000000000000e+00 0.000000000000000000e+00 0.000000000000000000e+00 0.000000000000000000e+00 0.000000000000000000e+00
0.000000000000000000e+00 0.000000000000000000e+00 0.000000000000000000e+00 0.000000000000000000e+00 0.000000000000000000e+00 0.000000000000000000e+00
0.000000000000000000e+00 0.000000000000000000e+00 0.000000000000000000e+00 0.000000000000000000e+00 0.000000000000000000e+00 0.000000000000000000e+00
0.000000000000000000e+00 0.000000000000000000e+00 0.000000000000000000e+00 0.000000000000000000e+00 0.000000000000000000e+00 0.000000000000000000e+00
0.000000000000000000e+00 0.000000000000000000e+00 0.000000000000000000e+00 0.000000000000000000e+00 0.000000000000000000e+00 0.000000000000000000e+00
0.000000000000000000e+00 0.000000000000000000e+00 0.000000000000000000e+00 0.000000000000000000e+00 0.000000000000000000e+00 0.000000000000000000e+00
0.000000000000000000e+00 0.000000000000000000e+00 0.000000000000000000e+00 0.000000000000000000e+00 0.000000000000000000e+00 0.000000000000000000e+00
0.000000000000000000e+00 0.000000000000000000e+00 0.000000000000000000e+00 0.000000000000000000e+00 0.000000000000000000e+00 0.000000000000000000e+00
0.000000000000000000e+00 0.000000000000000000e+00 0.000000000000000000e+00 0.000000000000000000e+00 0.000000000000000000e+00 0.000000000000000000e+00
0.000000000000000000e+00 0.000000000000000000e+00 0.000000000000000000e+00 0.000000000000000000e+00 0.000000000000000000e+00 0.000000000000000000e+00
0.000000000000000000e+00 0.000000000000000000e+00 0.000000000000000000e+00 0.000000000000000000e+00 0.000000000000000000e+00 0.000000000000000000e+00
0.000000000000000000e+00 0.000000000000000000e+00 0.000000000000000000e+00 0.000000000000000000e+00 0.000000000000000000e+00 0.000000000000000000e+00
0.000000000000000000e+00 0.000000000000000000e+00 0.000000000000000000e+00 0.000000000000000000e+00 0.000000000000000000e+00 0.000000000000000000e+00
0.000000000000000000e+00 0.000000000000000000e+00 0.000000000000000000e+00 0.000000000000000000e+00 0.000000000000000000e+00 0.000000000000000000e+00
0.000000000000000000e+00 0.000000000000000000e+00 0.000000000000000000e+00 0.000000000000000000e+00 0.000000000000000000e+00 0.000000000000000000e+00
0.000000000000000000e+00 0.000000000000000000e+00 0.000000000000000000e+00 0.000000000000000000e+00 0.000000000000000000e+00 0.000000000000000000e+00
0.000000000000000000e+00 0.000000000000000000e+00 0.000000000000000000e+00 0.000000000000000000e+00 0.000000000000000000e+00 0.000000000000000000e+00
0.000000000000000000e+00 0.000000000000000000e+00 0.000000000000000000e+00 0.000000000000000000e+00 0.000000000000000000e+00 0.000000000000000000e+00
0.000000000000000000e+00 0.000000000000000000e+00 0.000000000000000000e+00 0.000000000000000000e+00 0.000000000000000000e+00 0.000000000000000000e+00
0.000000000000000000e+00 0.000000000000000000e+00 0.000000000000000000e+00 0.000000000000000000e+00 0.000000000000000000e+00 0.000000000000000000e+00
0.000000000000000000e+00 0.000000000000000000e+00 0.000000000000000000e+00 0.000000000000000000e+00 0.000000000000000000e+00 0.000000000000000000e+00
0.000000000000000000e+00 0.000000000000000000e+00 0.000000000000000000e+00 0.000000000000000000e+00 0.000000000000000000e+00 0.000000000000000000e+00
0.000000000000000000e+00 0.000000000000000000e+00 0.000000000000000000e+00 0.000000000000000000e+00 0.000000000000000000e+00 0.000000000000000000e+00
0.000000000000000000e+00 0.000000000000000000e+00 0.000000000000000000e+00 0.000000000000000000e+00 0.000000000000000000e+00 0.000000000000000000e+00
0.000000000000000000e+00 0.000000000000000000e+00 0.000000000000000000e+00 0.000000000000000000e+00 0.000000000000000000e+00 0.000000000000000000e+00
0.000000000000000000e+00 0.000000000000000000e+00 0.000000000000000000e+00 0.000000000000000000e+00 0.000000000000000000e+00 0.000000000000000000e+00
0.000000000000000000e+00 0.000000000000000000e+00 0.000000000000000000e+00 0.000000000000000000e+00 0.000000000000000000e+00 0.000000000000000000e+00
0.000000000000000000e+00 0.000000000000000000e+00 0.000000000000000000e+00 0.000000000000000000e+00 0.000000000000000000e+00 0.000000000000000000e+00
0.000000000000000000e+00 0.000000000000000000e+00 0.000000000000000000e+00 0.000000000000000000e+00 0.000000000000000000e+00 0.000000000000000000e+00
0.000000000000000000e+00 0.000000000000000000e+00 0.000000000000000000e+00 0.000000000000000000e+00 0.000000000000000000e+00 0.000000000000000000e+00
0.000000000000000000e+00 0.000000000000000000e+00 0.000000000000000000e+00 0.000000000000000000e+00 0.000000000000000000e+00 0.000000000000000000e+00
0.000000000000000000e+00 0.000000000000000000e+00 0.000000000000000000e+00 0.000000000000000000e+00 0.000000000000000000e+00 0.000000000000000000e+00
0.000000000000000000e+00 0.000000000000000000e+00 0.000000000000000000e+00 0.000000000000000000e+00 0.000000000000000000e+00 0.000000000000000000e+00
0.000000000000000000e+00 0.000000000000000000e+00 0.000000000000000000e+00 0.000000000000000000e+00 0.000000000000000000e+00 0.000000000000000000e+00
0.000000000000000000e+00 0.000000000000000000e+00 0.000000000000000000e+00 0.000000000000000000e+00 0.000000000000000000e+00 0.000000000000000000e+00
0.000000000000000000e+00 0.000000000000000000e+00 0.000000000000000000e+00 0.000000000000000000e+00 0.000000000000000000e+00 0.000000000000000000e+00
0.000000000000000000e+00 0.000000000000000000e+00 0.000000000000000000e+00 0.000000000000000000e+00 0.000000000000000000e+00 0.000000000000000000e+00
0.000000000000000000e+00 0.000000000000000000e+00 0.000000000000000000e+00 0.000000000000000000e+00 0.000000000000000000e+00 0.000000000000000000e+00
0.000000000000000000e+00 0.000000000000000000e+00 0.000000000000000000e+00 0.000000000000000000e+00 0.000000000000000000e+00 0.000000000000000000e+00
0.000000000000000000e+00 0.000000000000000000e+00 0.000000000000000000e+00 0.000000000000000000e+00 0.000000000000000000e+00 0.000000000000000000e+00
0.000000000000000000e+00 0.000000000000000000e+00 0.000000000000000000e+00 0.000000000000000000e+00 0.000000000000000000e+00 0.000000000000000000e+00
0.000000000000000000e+00 0.000000000000000000e+00 0.000000000000000000e+00 0.000000000000000000e+00 0.000000000000000000e+00 0.000000000000000000e+00
0.000000000000000000e+00 0.000000000000000000e+00 0.000000000000000000e+00 0.000000000000000000e+00 0.000000000000000000e+00 0.000000000000000000e+00
0.000000000000000000e+00 0.000000000000000000e+00 0.000000000000000000e+00 0.000000000000000000e+00 0.000000000000000000e+00 0.000000000000000000e+00
0.000000000000000000e+00 0.000000000000000000e+00 0.000000000000000000e+00 0.000000000000000000e+00 0.000000000000000000e+00 0.000000000000000000e+00
0.000000000000000000e+00 0.000000000000000000e+00 0.000000000000000000e+00 0.000000000000000000e+00 0.000000000000000000e+00 0.000000000000000000e+00
0.000000000000000000e+00 0.000000000000000000e+00 0.000000000000000000e+00 0.000000000000000000e+00 0.000000000000000000e+00 0.000000000000000000e+00
0.000000000000000000e+00 0.000000000000000000e+00 0.000000000000000000e+00 0.000000000000000000e+00 0.000000000000000000e+00 0.000000000000000000e+00
0.000000000000000000e+00 0.000000000000000000e+00 0.000000000000000000e+00 0.000000000000000000e+00 0.000000000000000000e+00 0.000000000000000000e+00
0.000000000000000000e+00 0.000000000000000000e+00 0.000000000000000000e+00 0.000000000000000000e+00 0.000000000000000000e+00 0.000000000000000000e+00
0.000000000000000000e+00 0.000000000000000000e+00 0.000000000000000000e+00 0.000000000000000000e+00 0.000000000000000000e+00 0.000000000000000000e+00
0.000000000000000000e+00 0.000000000000000000e+00 0.000000000000000000e+00 0.000000000000000000e+00 0.000000000000000000e+00 0.000000000000000000e+00
0.000000000000000000e+00 0.000000000000000000e+00 0.000000000000000000e+00 0.000000000000000000e+00 0.000000000000000000e+00 0.000000000000000000e+00
0.000000000000000000e+00 0.000000000000000000e+00 0.000000000000000000e+00 0.000000000000000000e+00 0.000000000000000000e+00 0.000000000000000000e+00
0.000000000000000000e+00 0.000000000000000000e+00 0.000000000000000000e+00 0.000000000000000000e+00 0.000000000000000000e+00 0.000000000000000000e+00
0.000000000000000000e+00 0.000000000000000000e+00 0.000000000000000000e+00 0.000000000000000000e+00 0.000000000000000000e+00 0.000000000000000000e+00
0.000000000000000000e+00 0.000000000000000000e+00 0.000000000000000000e+00 0.000000000000000000e+00 0.000000000000000000e+00 0.000000000000000000e+00
0.000000000000000000e+00 0.000000000000000000e+00 0.000000000000000000e+00 0.000000000000000000e+00 0.000000000000000000e+00 0.000000000000000000e+00
0.000000000000000000e+00 0.000000000000000000e+00 0.000000000000000000e+00 0.000000000000000000e+00 0.000000000000000000e+00 0.000000000000000000e+00
0.000000000000000000e+00 0.000000000000000000e+00 0.000000000000000000e+00 0.000000000000000000e+00 0.000000000000000000e+00 0.000000000000000000e+00
0.000000000000000000e+00 0.000000000000000000e+00 0.000000000000000000e+00 0.000000000000000000e+00 0.000000000000000000e+00 0.000000000000000000e+00
0.000000000000000000e+00 0.000000000000000000e+00 0.000000000000000000e+00 0.000000000000000000e+00 0.000000000000000000e+00 0.000000000000000000e+00
0.000000000000000000e+00 0.000000000000000000e+00 0.000000000000000000e+00 0.000000000000000000e+00 0.000000000000000000e+00 0.000000000000000000e+00
0.000000000000000000e+00 0.000000000000000000e+00 0.000000000000000000e+00 0.000000000000000000e+00 0.000000000000000000e+00 0.000000000000000000e+00
0.000000000000000000e+00 0.000000000000000000e+00 0.000000000000000000e+00 0.000000000000000000e+00 0.000000000000000000e+00 0.000000000000000000e+00
0.000000000000000000e+00 0.000000000000000000e+00 0.000000000000000000e+00 0.000000000000000000e+00 0.000000000000000000e+00 0.000000000000000000e+00
0.000000000000000000e+00 0.000000000000000000e+00 0.000000000000000000e+00 0.000000000000000000e+00 0.000000000000000000e+00 0.000000000000000000e+00
0.000000000000000000e+00 0.000000000000000000e+00 0.000000000000000000e+00 0.000000000000000000e+00 0.000000000000000000e+00 0.000000000000000000e+00
0.000000000000000000e+00 0.000000000000000000e+00 0.000000000000000000e+00 0.000000000000000000e+00 0.000000000000000000e+00 0.000000000000000000e+00
0.000000000000000000e+00 0.000000000000000000e+00 0.000000000000000000e+00 0.000000000000000000e+00 0.000000000000000000e+00 0.000000000000000000e+00
0.000000000000000000e+00 0.000000000000000000e+00 0.000000000000000000e+00 0.000000000000000000e+00 0.000000000000000000e+00 0.000000000000000000e+00
0.000000000000000000e+00 0.000000000000000000e+00 0.000000000000000000e+00 0.000000000000000000e+00 0.000000000000000000e+00 0.000000000000000000e+00
0.000000000000000000e+00 0.000000000000000000e+00 0.000000000000000000e+00 0.000000000000000000e+00 0.000000000000000000e+00 0.000000000000000000e+00
0.000000000000000000e+00 0.000000000000000000e+00 0.000000000000000000e+00 0.000000000000000000e+00 0.000000000000000000e+00 0.000000000000000000e+00
0.000000000000000000e+00 0.000000000000000000e+00 0.000000000000000000e+00 0.000000000000000000e+00 0.000000000000000000e+00 0.000000000000000000e+00
0.000000000000000000e+00 0.000000000000000000e+00 0.000000000000000000e+00 0.000000000000000000e+00 0.000000000000000000e+00 0.000000000000000000e+00
0.000000000000000000e+00 0.000000000000000000e+00 0.000000000000000000e+00 0.000000000000000000e+00 0.000000000000000000e+00 0.000000000000000000e+00
0.000000000000000000e+00 0.000000000000000000e+00 0.000000000000000000e+00 0.000000000000000000e+00 0.000000000000000000e+00 0.000000000000000000e+00
0.000000000000000000e+00 0.000000000000000000e+00 0.000000000000000000e+00 0.000000000000000000e+00 0.000000000000000000e+00 0.000000000000000000e+00
0.000000000000000000e+00 0.000000000000000000e+00 0.000000000000000000e+00 0.000000000000000000e+00 0.000000000000000000e+00 0.000000000000000000e+00
0.000000000000000000e+00 0.000000000000000000e+00 0.000000000000000000e+00 0.000000000000000000e+00 0.000000000000000000e+00 0.000000000000000000e+00
0.000000000000000000e+00 0.000000000000000000e+00 0.000000000000000000e+00 0.000000000000000000e+00 0.000000000000000000e+00 0.000000000000000000e+00
0.000000000000000000e+00 0.000000000000000000e+00 0.000000000000000000e+00 0.000000000000000000e+00 0.000000000000000000e+00 0.000000000000000000e+00
0.000000000000000000e+00 0.000000000000000000e+00 0.000000000000000000e+00 0.000000000000000000e+00 0.000000000000000000e+00 0.000000000000000000e+00
0.000000000000000000e+00 0.000000000000000000e+00 0.000000000000000000e+00 0.000000000000000000e+00 0.000000000000000000e+00 0.000000000000000000e+00
0.000000000000000000e+00 0.000000000000000000e+00 0.000000000000000000e+00 0.000000000000000000e+00 0.000000000000000000e+00 0.000000000000000000e+00
0.000000000000000000e+00 0.000000000000000000e+00 0.000000000000000000e+00 0.000000000000000000e+00 0.000000000000000000e+00 0.000000000000000000e+00
0.000000000000000000e+00 0.000000000000000000e+00 0.000000000000000000e+00 0.000000000000000000e+00 0.000000000000000000e+00 0.000000000000000000e+00
1.422144770622253418e-01 4.027740284800529480e-02 1.734822988510131836e-01 1.209895834326744080e-01 9.771151235327124596e-04 1.032371148467063904e-01
2.844289541244506836e-01 8.055480569601058960e-02 3.469645977020263672e-01 2.419791668653488159e-01 1.954230247065424919e-03 2.064742296934127808e-01
4.266434609889984131e-01 1.208322122693061829e-01 5.204468965530395508e-01 3.629687428474426270e-01 2.931345487013459206e-03 3.097113370895385742e-01
5.688579082489013672e-01 1.611096113920211792e-01 6.939291954040527344e-01 4.839583337306976318e-01 3.908460494130849838e-03 4.129484593868255615e-01
7.110724449157714844e-01 2.013870179653167725e-01 8.674114346504211426e-01 6.049479246139526367e-01 4.885575734078884125e-03 5.161855816841125488e-01
8.532869219779968262e-01 2.416644245386123657e-01 1.040893793106079102e+00 7.259374856948852539e-01 5.862690974026918411e-03 6.194226741790771484e-01
9.955013990402221680e-01 2.819418311119079590e-01 1.214376091957092285e+00 8.469271063804626465e-01 6.839806213974952698e-03 7.226598262786865234e-01
1.137715816497802734e+00 3.222192227840423584e-01 1.387858390808105469e+00 9.679166674613952637e-01 7.816920988261699677e-03 8.258969187736511230e-01
1.279930353164672852e+00 3.624966442584991455e-01 1.561340570449829102e+00 1.088906288146972656e+00 8.794036693871021271e-03 9.291340112686157227e-01
1.422144889831542969e+00 4.027740359306335449e-01 1.734822869300842285e+00 1.209895849227905273e+00 9.771151468157768250e-03 1.032371163368225098e+00
1.564359307289123535e+00 4.430514276027679443e-01 1.908305168151855469e+00 1.330885410308837891e+00 1.074826624244451523e-02 1.135608196258544922e+00
1.706573843955993652e+00 4.833288490772247314e-01 2.081787586212158203e+00 1.451874971389770508e+00 1.172538194805383682e-02 1.238845348358154297e+00
1.848788261413574219e+00 5.236062407493591309e-01 2.255269765853881836e+00 1.572864532470703125e+00 1.270249672234058380e-02 1.342082500457763672e+00
1.991002798080444336e+00 5.638836622238159180e-01 2.428752183914184570e+00 1.693854212760925293e+00 1.367961242794990540e-02 1.445319652557373047e+00
2.133217334747314453e+00 6.041610240936279297e-01 2.602234363555908203e+00 1.814843773841857910e+00 1.465672720223665237e-02 1.548556685447692871e+00
2.020656824111938477e+00 5.648703575134277344e-01 2.542854309082031250e+00 1.703302264213562012e+00 8.334980159997940063e-02 1.491973638534545898e+00
1.908096551895141602e+00 5.255796909332275391e-01 2.483474254608154297e+00 1.591760754585266113e+00 1.520428806543350220e-01 1.435390591621398926e+00
1.795536160469055176e+00 4.862890243530273438e-01 2.424093961715698242e+00 1.480219364166259766e+00 2.207359522581100464e-01 1.378807544708251953e+00
1.682975769042968750e+00 4.469983577728271484e-01 2.364713907241821289e+00 1.368677854537963867e+00 2.894290387630462646e-01 1.322224497795104980e+00
1.570415377616882324e+00 4.077076613903045654e-01 2.305333852767944336e+00 1.257136464118957520e+00 3.581221103668212891e-01 1.265641331672668457e+00
1.457854986190795898e+00 3.684169948101043701e-01 2.245953798294067383e+00 1.145594954490661621e+00 4.268151819705963135e-01 1.209058284759521484e+00
1.345294594764709473e+00 3.291263282299041748e-01 2.186573743820190430e+00 1.034053444862365723e+00 4.955082535743713379e-01 1.152475237846374512e+00
1.232734203338623047e+00 2.898356318473815918e-01 2.127193450927734375e+00 9.225120544433593750e-01 5.642013549804687500e-01 1.095892190933227539e+00
1.120173811912536621e+00 2.505449652671813965e-01 2.067813396453857422e+00 8.109705448150634766e-01 6.328943967819213867e-01 1.039309144020080566e+00
1.007613539695739746e+00 2.112542837858200073e-01 2.008433341979980469e+00 6.994290947914123535e-01 7.015874981880187988e-01 9.827260971069335938e-01
8.950530886650085449e-01 1.719636023044586182e-01 1.949053168296813965e+00 5.878876447677612305e-01 7.702805995941162109e-01 9.261429905891418457e-01
7.824927568435668945e-01 1.326729357242584229e-01 1.889673113822937012e+00 4.763461649417877197e-01 8.389736413955688477e-01 8.695599436759948730e-01
6.699323654174804688e-01 9.338225424289703369e-02 1.830293059349060059e+00 3.648047149181365967e-01 9.076667428016662598e-01 8.129768967628479004e-01
5.573719739913940430e-01 5.409157276153564453e-02 1.770912885665893555e+00 2.532632350921630859e-01 9.763597846031188965e-01 7.563937902450561523e-01
4.448116123676300049e-01 1.480089686810970306e-02 1.711532831192016602e+00 1.417217850685119629e-01 1.045052886009216309e+00 6.998107433319091797e-01
4.496372342109680176e-01 3.871096298098564148e-02 1.726912498474121094e+00 1.618845909833908081e-01 1.066379070281982422e+00 7.510860562324523926e-01
4.544628858566284180e-01 6.262103468179702759e-02 1.742292284965515137e+00 1.820474117994308472e-01 1.087705373764038086e+00 8.023613691329956055e-01
4.592885076999664307e-01 8.653110265731811523e-02 1.757671952247619629e+00 2.022102177143096924e-01 1.109031558036804199e+00 8.536366820335388184e-01
4.641141295433044434e-01 1.104411706328392029e-01 1.773051619529724121e+00 2.223730385303497314e-01 1.130357861518859863e+00 9.049119949340820312e-01
4.689397811889648438e-01 1.343512386083602905e-01 1.788431406021118164e+00 2.425358444452285767e-01 1.151684045791625977e+00 9.561873078346252441e-01
4.737654030323028564e-01 1.582612991333007812e-01 1.803811073303222656e+00 2.626986503601074219e-01 1.173010230064392090e+00 1.007462620735168457e+00
4.785910248756408691e-01 1.821713745594024658e-01 1.819190740585327148e+00 2.828614711761474609e-01 1.194336533546447754e+00 1.058737874031066895e+00
4.834166765213012695e-01 2.060814350843429565e-01 1.834570527076721191e+00 3.030242919921875000e-01 1.215662717819213867e+00 1.110013246536254883e+00
4.882422983646392822e-01 2.299915105104446411e-01 1.849950194358825684e+00 3.231871128082275391e-01 1.236989021301269531e+00 1.161288499832153320e+00
4.930679202079772949e-01 2.539015710353851318e-01 1.865329861640930176e+00 3.433499038219451904e-01 1.258315205574035645e+00 1.212563872337341309e+00
4.978935718536376953e-01 2.778116464614868164e-01 1.880709648132324219e+00 3.635127246379852295e-01 1.279641389846801758e+00 1.263839125633239746e+00
5.027192234992980957e-01 3.017217218875885010e-01 1.896089315414428711e+00 3.836755454540252686e-01 1.300967693328857422e+00 1.315114498138427734e+00
5.075448155403137207e-01 3.256317675113677979e-01 1.911468982696533203e+00 4.038383662700653076e-01 1.322293877601623535e+00 1.366389751434326172e+00
5.123704671859741211e-01 3.495418429374694824e-01 1.926848769187927246e+00 4.240011572837829590e-01 1.343620181083679199e+00 1.417665123939514160e+00
5.171961188316345215e-01 3.734519183635711670e-01 1.942228436470031738e+00 4.441639780998229980e-01 1.364946365356445312e+00 1.468940377235412598e+00
5.220217108726501465e-01 3.973619937896728516e-01 1.957608222961425781e+00 4.643267989158630371e-01 1.386272549629211426e+00 1.520215630531311035e+00
5.268473625183105469e-01 4.212720394134521484e-01 1.972987890243530273e+00 4.844896197319030762e-01 1.407598853111267090e+00 1.571491003036499023e+00
5.316730141639709473e-01 4.451821148395538330e-01 1.988367557525634766e+00 5.046524405479431152e-01 1.428925037384033203e+00 1.622766256332397461e+00
5.364986062049865723e-01 4.690921902656555176e-01 2.003747224807739258e+00 5.248152613639831543e-01 1.450251340866088867e+00 1.674041628837585449e+00
5.413242578506469727e-01 4.930022656917572021e-01 2.019127130508422852e+00 5.449780225753784180e-01 1.471577525138854980e+00 1.725316882133483887e+00
5.461499094963073730e-01 5.169123411178588867e-01 2.034506797790527344e+00 5.651408433914184570e-01 1.492903709411621094e+00 1.776592254638671875e+00
5.509755015373229980e-01 5.408223867416381836e-01 2.049886465072631836e+00 5.853036642074584961e-01 1.514230012893676758e+00 1.827867507934570312e+00
5.558011531829833984e-01 5.647324323654174805e-01 2.065266132354736328e+00 6.054664850234985352e-01 1.535556197166442871e+00 1.879142880439758301e+00
5.606268048286437988e-01 5.886425375938415527e-01 2.080645799636840820e+00 6.256293058395385742e-01 1.556882500648498535e+00 1.930418133735656738e+00
5.654523968696594238e-01 6.125525832176208496e-01 2.096025466918945312e+00 6.457921266555786133e-01 1.578208684921264648e+00 1.981693506240844727e+00
5.702780485153198242e-01 6.364626884460449219e-01 2.111405372619628906e+00 6.659549474716186523e-01 1.599534869194030762e+00 2.032968759536743164e+00
5.751037001609802246e-01 6.603727340698242188e-01 2.126785039901733398e+00 6.861177682876586914e-01 1.620861172676086426e+00 2.084244012832641602e+00
5.799292922019958496e-01 6.842827796936035156e-01 2.142164707183837891e+00 7.062805294990539551e-01 1.642187356948852539e+00 2.135519504547119141e+00
5.847549438476562500e-01 7.081928849220275879e-01 2.157544374465942383e+00 7.264433503150939941e-01 1.663513660430908203e+00 2.186794757843017578e+00
5.895805954933166504e-01 7.321029305458068848e-01 2.172924041748046875e+00 7.466061711311340332e-01 1.684839844703674316e+00 2.238070011138916016e+00
6.081985235214233398e-01 8.037388324737548828e-01 2.151850938796997070e+00 7.638972997665405273e-01 1.716594338417053223e+00 2.225584983825683594e+00
6.268165111541748047e-01 8.753746747970581055e-01 2.130777597427368164e+00 7.811883687973022461e-01 1.748348832130432129e+00 2.213099956512451172e+00
6.454344391822814941e-01 9.470105767250061035e-01 2.109704256057739258e+00 7.984794378280639648e-01 1.780103445053100586e+00 2.200614929199218750e+00
6.640524268150329590e-01 1.018646478652954102e+00 2.088630914688110352e+00 8.157705068588256836e-01 1.811857938766479492e+00 2.188129901885986328e+00
6.826703548431396484e-01 1.090282320976257324e+00 2.067557811737060547e+00 8.330616354942321777e-01 1.843612432479858398e+00 2.175645112991333008e+00
7.012883424758911133e-01 1.161918282508850098e+00 2.046484470367431641e+00 8.503527045249938965e-01 1.875366926193237305e+00 2.163160085678100586e+00
7.199062705039978027e-01 1.233554124832153320e+00 2.025411128997802734e+00 8.676437735557556152e-01 1.907121419906616211e+00 2.150675058364868164e+00
7.385242581367492676e-01 1.305189967155456543e+00 2.004337787628173828e+00 8.849348425865173340e-01 1.938876032829284668e+00 2.138190031051635742e+00
7.571421861648559570e-01 1.376825928688049316e+00 1.983264565467834473e+00 9.022259712219238281e-01 1.970630526542663574e+00 2.125705003738403320e+00
7.757601737976074219e-01 1.448461771011352539e+00 1.962191343307495117e+00 9.195170402526855469e-01 2.002385139465332031e+00 2.113219976425170898e+00
7.943781018257141113e-01 1.520097613334655762e+00 1.941118001937866211e+00 9.368081092834472656e-01 2.034139633178710938e+00 2.100734949111938477e+00
8.129960894584655762e-01 1.591733574867248535e+00 1.920044779777526855e+00 9.540992379188537598e-01 2.065894126892089844e+00 2.088249921798706055e+00
8.316140174865722656e-01 1.663369417190551758e+00 1.898971557617187500e+00 9.713903069496154785e-01 2.097648620605468750e+00 2.075765132904052734e+00
8.502320051193237305e-01 1.735005259513854980e+00 1.877898216247558594e+00 9.886813759803771973e-01 2.129403114318847656e+00 2.063280105590820312e+00
8.688499331474304199e-01 1.806641221046447754e+00 1.856824994087219238e+00 1.005972504615783691e+00 2.161157608032226562e+00 2.050795078277587891e+00
8.874679207801818848e-01 1.878277063369750977e+00 1.835751652717590332e+00 1.023263573646545410e+00 2.192912101745605469e+00 2.038310050964355469e+00
9.060858488082885742e-01 1.949912905693054199e+00 1.814678430557250977e+00 1.040554642677307129e+00 2.224666595458984375e+00 2.025825023651123047e+00
9.247038364410400391e-01 2.021548748016357422e+00 1.793605089187622070e+00 1.057845711708068848e+00 2.256421089172363281e+00 2.013339996337890625e+00
9.433217644691467285e-01 2.093184709548950195e+00 1.772531867027282715e+00 1.075136780738830566e+00 2.288175582885742188e+00 2.000854969024658203e+00
9.619397521018981934e-01 2.164820671081542969e+00 1.751458525657653809e+00 1.092427849769592285e+00 2.319930315017700195e+00 1.988370060920715332e+00
9.805576801300048828e-01 2.236456394195556641e+00 1.730385303497314453e+00 1.109719038009643555e+00 2.351684808731079102e+00 1.975885033607482910e+00
9.991756677627563477e-01 2.308092355728149414e+00 1.709311962127685547e+00 1.127010107040405273e+00 2.383439302444458008e+00 1.963400006294250488e+00
1.017793655395507812e+00 2.379728317260742188e+00 1.688238739967346191e+00 1.144301176071166992e+00 2.415193796157836914e+00 1.950914978981018066e+00
1.036411523818969727e+00 2.451364040374755859e+00 1.667165398597717285e+00 1.161592245101928711e+00 2.446948289871215820e+00 1.938430070877075195e+00
1.055029511451721191e+00 2.523000001907348633e+00 1.646092176437377930e+00 1.178883314132690430e+00 2.478702783584594727e+00 1.925945043563842773e+00
1.073647499084472656e+00 2.594635963439941406e+00 1.625018835067749023e+00 1.196174383163452148e+00 2.510457277297973633e+00 1.913460016250610352e+00
1.092265486717224121e+00 2.666271686553955078e+00 1.603945612907409668e+00 1.213465452194213867e+00 2.542211771011352539e+00 1.900974988937377930e+00
1.110883355140686035e+00 2.737907648086547852e+00 1.582872390747070312e+00 1.230756640434265137e+00 2.573966264724731445e+00 1.888490080833435059e+00
1.129501342773437500e+00 2.809543609619140625e+00 1.561799049377441406e+00 1.248047709465026855e+00 2.605720996856689453e+00 1.876005053520202637e+00
1.148119330406188965e+00 2.881179571151733398e+00 1.540725827217102051e+00 1.265338778495788574e+00 2.637475490570068359e+00 1.863520026206970215e+00
1.148119330406188965e+00 2.881179571151733398e+00 1.540725827217102051e+00 1.265338778495788574e+00 2.637475490570068359e+00 1.863520026206970215e+00
1.148119330406188965e+00 2.881179571151733398e+00 1.540725827217102051e+00 1.265338778495788574e+00 2.637475490570068359e+00 1.863520026206970215e+00
1.148119330406188965e+00 2.881179571151733398e+00 1.540725827217102051e+00 1.265338778495788574e+00 2.637475490570068359e+00 1.863520026206970215e+00
1.148119330406188965e+00 2.881179571151733398e+00 1.540725827217102051e+00 1.265338778495788574e+00 2.637475490570068359e+00 1.863520026206970215e+00
1.148119330406188965e+00 2.881179571151733398e+00 1.540725827217102051e+00 1.265338778495788574e+00 2.637475490570068359e+00 1.863520026206970215e+00
1.148119330406188965e+00 2.881179571151733398e+00 1.540725827217102051e+00 1.265338778495788574e+00 2.637475490570068359e+00 1.863520026206970215e+00
1.148119330406188965e+00 2.881179571151733398e+00 1.540725827217102051e+00 1.265338778495788574e+00 2.637475490570068359e+00 1.863520026206970215e+00
1.148119330406188965e+00 2.881179571151733398e+00 1.540725827217102051e+00 1.265338778495788574e+00 2.637475490570068359e+00 1.863520026206970215e+00
1.148119330406188965e+00 2.881179571151733398e+00 1.540725827217102051e+00 1.265338778495788574e+00 2.637475490570068359e+00 1.863520026206970215e+00
1.148119330406188965e+00 2.881179571151733398e+00 1.540725827217102051e+00 1.265338778495788574e+00 2.637475490570068359e+00 1.863520026206970215e+00
1.148119330406188965e+00 2.881179571151733398e+00 1.540725827217102051e+00 1.265338778495788574e+00 2.637475490570068359e+00 1.863520026206970215e+00
1.148119330406188965e+00 2.881179571151733398e+00 1.540725827217102051e+00 1.265338778495788574e+00 2.637475490570068359e+00 1.863520026206970215e+00
1.148119330406188965e+00 2.881179571151733398e+00 1.540725827217102051e+00 1.265338778495788574e+00 2.637475490570068359e+00 1.863520026206970215e+00
1.148119330406188965e+00 2.881179571151733398e+00 1.540725827217102051e+00 1.265338778495788574e+00 2.637475490570068359e+00 1.863520026206970215e+00
1.148119330406188965e+00 2.881179571151733398e+00 1.540725827217102051e+00 1.265338778495788574e+00 2.637475490570068359e+00 1.863520026206970215e+00
1.148119330406188965e+00 2.881179571151733398e+00 1.540725827217102051e+00 1.265338778495788574e+00 2.637475490570068359e+00 1.863520026206970215e+00
1.148119330406188965e+00 2.881179571151733398e+00 1.540725827217102051e+00 1.265338778495788574e+00 2.637475490570068359e+00 1.863520026206970215e+00
1.148119330406188965e+00 2.881179571151733398e+00 1.540725827217102051e+00 1.265338778495788574e+00 2.637475490570068359e+00 1.863520026206970215e+00
1.148119330406188965e+00 2.881179571151733398e+00 1.540725827217102051e+00 1.265338778495788574e+00 2.637475490570068359e+00 1.863520026206970215e+00
1.148119330406188965e+00 2.881179571151733398e+00 1.540725827217102051e+00 1.265338778495788574e+00 2.637475490570068359e+00 1.863520026206970215e+00
1.148119330406188965e+00 2.881179571151733398e+00 1.540725827217102051e+00 1.265338778495788574e+00 2.637475490570068359e+00 1.863520026206970215e+00
1.148119330406188965e+00 2.881179571151733398e+00 1.540725827217102051e+00 1.265338778495788574e+00 2.637475490570068359e+00 1.863520026206970215e+00
1.148119330406188965e+00 2.881179571151733398e+00 1.540725827217102051e+00 1.265338778495788574e+00 2.637475490570068359e+00 1.863520026206970215e+00
1.148119330406188965e+00 2.881179571151733398e+00 1.540725827217102051e+00 1.265338778495788574e+00 2.637475490570068359e+00 1.863520026206970215e+00
1.148119330406188965e+00 2.881179571151733398e+00 1.540725827217102051e+00 1.265338778495788574e+00 2.637475490570068359e+00 1.863520026206970215e+00
1.148119330406188965e+00 2.881179571151733398e+00 1.540725827217102051e+00 1.265338778495788574e+00 2.637475490570068359e+00 1.863520026206970215e+00
1.148119330406188965e+00 2.881179571151733398e+00 1.540725827217102051e+00 1.265338778495788574e+00 2.637475490570068359e+00 1.863520026206970215e+00
1.148119330406188965e+00 2.881179571151733398e+00 1.540725827217102051e+00 1.265338778495788574e+00 2.637475490570068359e+00 1.863520026206970215e+00
1.148119330406188965e+00 2.881179571151733398e+00 1.540725827217102051e+00 1.265338778495788574e+00 2.637475490570068359e+00 1.863520026206970215e+00
1.148119330406188965e+00 2.881179571151733398e+00 1.540725827217102051e+00 1.265338778495788574e+00 2.637475490570068359e+00 1.863520026206970215e+00
1.148119330406188965e+00 2.881179571151733398e+00 1.540725827217102051e+00 1.265338778495788574e+00 2.637475490570068359e+00 1.863520026206970215e+00
1.148119330406188965e+00 2.881179571151733398e+00 1.540725827217102051e+00 1.265338778495788574e+00 2.637475490570068359e+00 1.863520026206970215e+00
1.148119330406188965e+00 2.881179571151733398e+00 1.540725827217102051e+00 1.265338778495788574e+00 2.637475490570068359e+00 1.863520026206970215e+00
1.148119330406188965e+00 2.881179571151733398e+00 1.540725827217102051e+00 1.265338778495788574e+00 2.637475490570068359e+00 1.863520026206970215e+00
1.148119330406188965e+00 2.881179571151733398e+00 1.540725827217102051e+00 1.265338778495788574e+00 2.637475490570068359e+00 1.863520026206970215e+00
1.148119330406188965e+00 2.881179571151733398e+00 1.540725827217102051e+00 1.265338778495788574e+00 2.637475490570068359e+00 1.863520026206970215e+00
1.148119330406188965e+00 2.881179571151733398e+00 1.540725827217102051e+00 1.265338778495788574e+00 2.637475490570068359e+00 1.863520026206970215e+00
1.148119330406188965e+00 2.881179571151733398e+00 1.540725827217102051e+00 1.265338778495788574e+00 2.637475490570068359e+00 1.863520026206970215e+00
1.148119330406188965e+00 2.881179571151733398e+00 1.540725827217102051e+00 1.265338778495788574e+00 2.637475490570068359e+00 1.863520026206970215e+00
1.148119330406188965e+00 2.881179571151733398e+00 1.540725827217102051e+00 1.265338778495788574e+00 2.637475490570068359e+00 1.863520026206970215e+00
1.148119330406188965e+00 2.881179571151733398e+00 1.540725827217102051e+00 1.265338778495788574e+00 2.637475490570068359e+00 1.863520026206970215e+00
1.148119330406188965e+00 2.881179571151733398e+00 1.540725827217102051e+00 1.265338778495788574e+00 2.637475490570068359e+00 1.863520026206970215e+00
1.148119330406188965e+00 2.881179571151733398e+00 1.540725827217102051e+00 1.265338778495788574e+00 2.637475490570068359e+00 1.863520026206970215e+00
1.148119330406188965e+00 2.881179571151733398e+00 1.540725827217102051e+00 1.265338778495788574e+00 2.637475490570068359e+00 1.863520026206970215e+00
1.148119330406188965e+00 2.881179571151733398e+00 1.540725827217102051e+00 1.265338778495788574e+00 2.637475490570068359e+00 1.863520026206970215e+00
1.148119330406188965e+00 2.881179571151733398e+00 1.540725827217102051e+00 1.265338778495788574e+00 2.637475490570068359e+00 1.863520026206970215e+00
1.148119330406188965e+00 2.881179571151733398e+00 1.540725827217102051e+00 1.265338778495788574e+00 2.637475490570068359e+00 1.863520026206970215e+00
1.148119330406188965e+00 2.881179571151733398e+00 1.540725827217102051e+00 1.265338778495788574e+00 2.637475490570068359e+00 1.863520026206970215e+00
1.148119330406188965e+00 2.881179571151733398e+00 1.540725827217102051e+00 1.265338778495788574e+00 2.637475490570068359e+00 1.863520026206970215e+00
1.148119330406188965e+00 2.881179571151733398e+00 1.540725827217102051e+00 1.265338778495788574e+00 2.637475490570068359e+00 1.863520026206970215e+00
1.148119330406188965e+00 2.881179571151733398e+00 1.540725827217102051e+00 1.265338778495788574e+00 2.637475490570068359e+00 1.863520026206970215e+00
1.148119330406188965e+00 2.881179571151733398e+00 1.540725827217102051e+00 1.265338778495788574e+00 2.637475490570068359e+00 1.863520026206970215e+00
1.148119330406188965e+00 2.881179571151733398e+00 1.540725827217102051e+00 1.265338778495788574e+00 2.637475490570068359e+00 1.863520026206970215e+00
1.148119330406188965e+00 2.881179571151733398e+00 1.540725827217102051e+00 1.265338778495788574e+00 2.637475490570068359e+00 1.863520026206970215e+00
1.148119330406188965e+00 2.881179571151733398e+00 1.540725827217102051e+00 1.265338778495788574e+00 2.637475490570068359e+00 1.863520026206970215e+00
1.148119330406188965e+00 2.881179571151733398e+00 1.540725827217102051e+00 1.265338778495788574e+00 2.637475490570068359e+00 1.863520026206970215e+00
1.148119330406188965e+00 2.881179571151733398e+00 1.540725827217102051e+00 1.265338778495788574e+00 2.637475490570068359e+00 1.863520026206970215e+00
1.148119330406188965e+00 2.881179571151733398e+00 1.540725827217102051e+00 1.265338778495788574e+00 2.637475490570068359e+00 1.863520026206970215e+00
1.148119330406188965e+00 2.881179571151733398e+00 1.540725827217102051e+00 1.265338778495788574e+00 2.637475490570068359e+00 1.863520026206970215e+00
1.148119330406188965e+00 2.881179571151733398e+00 1.540725827217102051e+00 1.265338778495788574e+00 2.637475490570068359e+00 1.863520026206970215e+00
