0.000000000000000000e+00 0.000000000000000000e+00 0.000000000000000000e+00 0.000000000000000000e+00 0.000000000000000000e+00 0.000000000000000000e+00
0.000000000000000000e+00 0.000000000000000000e+00 0.000000000000000000e+00 0.000000000000000000e+00 0.000000000000000000e+00 0.000000000000000000e+00
0.000000000000000000e+00 0.000000000000000000e+00 0.000000000000000000e+00 0.000000000000000000e+00 0.000000000000000000e+00 0.000000000000000000e+00
0.000000000000000000e+00 0.000000000000000000e+00 0.000000000000000000e+00 0.000000000000000000e+00 0.000000000000000000e+00 0.000000000000000000e+00
0.000000000000000000e+00 0.000000000000000000e+00 0.000000000000000000e+00 0.000000000000000000e+00 0.000000000000000000e+00 0.000000000000000000e+00
0.000000000000000000e+00 0.000000000000000000e+00 0.000000000000000000e+00 0.000000000000000000e+00 0.000000000000000000e+00 0.000000000000000000e+00
0.000000000000000000e+00 0.000000000000000000e+00 0.000000000000000000e+00 0.000000000000000000e+00 0.000000000000000000e+00 0.000000000000000000e+00
0.000000000000000000e+00 0.000000000000000000e+00 0.000000000000000000e+00 0.000000000000000000e+00 0.000000000000000000e+00 0.000000000000000000e+00
0.000000000000000000e+00 0.000000000000000000e+00 0.000000000000000000e+00 0.000000000000000000e+00 0.000000000000000000e+00 0.000000000000000000e+00
0.000000000000000000e+00 0.000000000000000000e+00 0.000000000000000000e+00 0.000000000000000000e+00 0.000000000000000000e+00 0.000000000000000000e+00
0.000000000000000000e+00 0.000000000000000000e+00 0.000000000000000000e+00 0.000000000000000000e+00 0.000000000000000000e+00 0.000000000000000000e+00
0.000000000000000000e+00 0.000000000000000000e+00 0.000000000000000000e+00 0.000000000000000000e+00 0.000000000000000000e+00 0.000000000000000000e+00
0.000000000000000000e+00 0.000000000000000000e+00 0.000000000000000000e+00 0.000000000000000000e+00 0.000000000000000000e+00 0.000000000000000000e+00
0.000000000000000000e+00 0.000000000000000000e+00 0.000000000000000000e+00 0.000000000000000000e+00 0.000000000000000000e+00 0.000000000000000000e+00
0.000000000000000000e+00 0.000000000000000000e+00 0.000000000000000000e+00 0.000000000000000000e+00 0.000000000000000000e+00 0.000000000000000000e+00
0.000000000000000000e+00 0.000000000000000000e+00 0.000000000000000000e+00 0.000000000000000000e+00 0.000000000000000000e+00 0.000000000000000000e+00
0.000000000000000000e+00 0.000000000000000000e+00 0.000000000000000000e+00 0.000000000000000000e+00 0.000000000000000000e+00 0.000000000000000000e+00
0.000000000000000000e+00 0.000000000000000000e+00 0.000000000000000000e+00 0.000000000000000000e+00 0.000000000000000000e+00 0.000000000000000000e+00
0.000000000000000000e+00 0.000000000000000000e+00 0.000000000000000000e+00 0.000000000000000000e+00 0.000000000000000000e+00 0.000000000000000000e+00
0.000000000000000000e+00 0.000000000000000000e+00 0.000000000000000000e+00 0.000000000000000000e+00 0.000000000000000000e+00 0.000000000000000000e+00
0.000000000000000000e+00 0.000000000000000000e+00 0.000000000000000000e+00 0.000000000000000000e+00 0.000000000000000000e+00 0.000000000000000000e+00
0.000000000000000000e+00 0.000000000000000000e+00 0.000000000000000000e+00 0.000000000000000000e+00 0.000000000000000000e+00 0.000000000000000000e+00
0.000000000000000000e+00 0.000000000000000000e+00 0.000000000000000000e+00 0.000000000000000000e+00 0.000000000000000000e+00 0.000000000000000000e+00
0.000000000000000000e+00 0.000000000000000000e+00 0.000000000000000000e+00 0.000000000000000000e+00 0.000000000000000000e+00 0.000000000000000000e+00
0.000000000000000000e+00 0.000000000000000000e+00 0.000000000000000000e+00 0.000000000000000000e+00 0.000000000000000000e+00 0.000000000000000000e+00
0.000000000000000000e+00 0.000000000000000000e+00 0.000000000000000000e+00 0.000000000000000000e+00 0.000000000000000000e+00 0.000000000000000000e+00
0.000000000000000000e+00 0.000000000000000000e+00 0.000000000000000000e+00 0.000000000000000000e+00 0.000000000000000000e+00 0.000000000000000000e+00
0.000000000000000000e+00 0.000000000000000000e+00 0.000000000000000000e+00 0.000000000000000000e+00 0.000000000000000000e+00 0.000000000000000000e+00
0.000000000000000000e+00 0.000000000000000000e+00 0.000000000000000000e+00 0.000000000000000000e+00 0.000000000000000000e+00 0.000000000000000000e+00
0.000000000000000000e+00 0.000000000000000000e+00 0.000000000000000000e+00 0.000000000000000000e+00 0.000000000000000000e+00 0.000000000000000000e+00
0.000000000000000000e+00 0.000000000000000000e+00 0.000000000000000000e+00 0.000000000000000000e+00 0.000000000000000000e+00 0.000000000000000000e+00
0.000000000000000000e+00 0.000000000000000000e+00 0.000000000000000000e+00 0.000000000000000000e+00 0.000000000000000000e+00 0.000000000000000000e+00
0.000000000000000000e+00 0.000000000000000000e+00 0.000000000000000000e+00 0.000000000000000000e+00 0.000000000000000000e+00 0.000000000000000000e+00
0.000000000000000000e+00 0.000000000000000000e+00 0.000000000000000000e+00 0.000000000000000000e+00 0.000000000000000000e+00 0.000000000000000000e+00
0.000000000000000000e+00 0.000000000000000000e+00 0.000000000000000000e+00 0.000000000000000000e+00 0.000000000000000000e+00 0.000000000000000000e+00
0.000000000000000000e+00 0.000000000000000000e+00 0.000000000000000000e+00 0.000000000000000000e+00 0.000000000000000000e+00 0.000000000000000000e+00
0.000000000000000000e+00 0.000000000000000000e+00 0.000000000000000000e+00 0.000000000000000000e+00 0.000000000000000000e+00 0.000000000000000000e+00
0.000000000000000000e+00 0.000000000000000000e+00 0.000000000000000000e+00 0.000000000000000000e+00 0.000000000000000000e+00 0.000000000000000000e+00
0.000000000000000000e+00 0.000000000000000000e+00 0.000000000000000000e+00 0.000000000000000000e+00 0.000000000000000000e+00 0.000000000000000000e+00
0.000000000000000000e+00 0.000000000000000000e+00 0.000000000000000000e+00 0.000000000000000000e+00 0.000000000000000000e+00 0.000000000000000000e+00
0.000000000000000000e+00 0.000000000000000000e+00 0.000000000000000000e+00 0.000000000000000000e+00 0.000000000000000000e+00 0.000000000000000000e+00
0.000000000000000000e+00 0.000000000000000000e+00 0.000000000000000000e+00 0.000000000000000000e+00 0.000000000000000000e+00 0.000000000000000000e+00
0.000000000000000000e+00 0.000000000000000000e+00 0.000000000000000000e+00 0.000000000000000000e+00 0.000000000000000000e+00 0.000000000000000000e+00
0.000000000000000000e+00 0.000000000000000000e+00 0.000000000000000000e+00 0.000000000000000000e+00 0.000000000000000000e+00 0.000000000000000000e+00
0.000000000000000000e+00 0.000000000000000000e+00 0.000000000000000000e+00 0.000000000000000000e+00 0.000000000000000000e+00 0.000000000000000000e+00
0.000000000000000000e+00 0.000000000000000000e+00 0.000000000000000000e+00 0.000000000000000000e+00 0.000000000000000000e+00 0.000000000000000000e+00
0.000000000000000000e+00 0.000000000000000000e+00 0.000000000000000000e+00 0.000000000000000000e+00 0.000000000000000000e+00 0.000000000000000000e+00
0.000000000000000000e+00 0.000000000000000000e+00 0.000000000000000000e+00 0.000000000000000000e+00 0.000000000000000000e+00 0.000000000000000000e+00
0.000000000000000000e+00 0.000000000000000000e+00 0.000000000000000000e+00 0.000000000000000000e+00 0.000000000000000000e+00 0.000000000000000000e+00
0.000000000000000000e+00 0.000000000000000000e+00 0.000000000000000000e+00 0.000000000000000000e+00 0.000000000000000000e+00 0.000000000000000000e+00
0.000000000000000000e+00 0.000000000000000000e+00 0.000000000000000000e+00 0.000000000000000000e+00 0.000000000000000000e+00 0.000000000000000000e+00
0.000000000000000000e+00 0.000000000000000000e+00 0.000000000000000000e+00 0.000000000000000000e+00 0.000000000000000000e+00 0.000000000000000000e+00
0.000000000000000000e+00 0.000000000000000000e+00 0.000000000000000000e+00 0.000000000000000000e+00 0.000000000000000000e+00 0.000000000000000000e+00
0.000000000000000000e+00 0.000000000000000000e+00 0.000000000000000000e+00 0.000000000000000000e+00 0.000000000000000000e+00 0.000000000000000000e+00
0.000000000000000000e+00 0.000000000000000000e+00 0.000000000000000000e+00 0.000000000000000000e+00 0.000000000000000000e+00 0.000000000000000000e+00
0.000000000000000000e+00 0.000000000000000000e+00 0.000000000000000000e+00 0.000000000000000000e+00 0.000000000000000000e+00 0.000000000000000000e+00
0.000000000000000000e+00 0.000000000000000000e+00 0.000000000000000000e+00 0.000000000000000000e+00 0.000000000000000000e+00 0.000000000000000000e+00
0.000000000000000000e+00 0.000000000000000000e+00 0.000000000000000000e+00 0.000000000000000000e+00 0.000000000000000000e+00 0.000000000000000000e+00
0.000000000000000000e+00 0.000000000000000000e+00 0.000000000000000000e+00 0.000000000000000000e+00 0.000000000000000000e+00 0.000000000000000000e+00
0.000000000000000000e+00 0.000000000000000000e+00 0.000000000000000000e+00 0.000000000000000000e+00 0.000000000000000000e+00 0.000000000000000000e+00
0.000000000000000000e+00 0.000000000000000000e+00 0.000000000000000000e+00 0.000000000000000000e+00 0.000000000000000000e+00 0.000000000000000000e+00
0.000000000000000000e+00 0.000000000000000000e+00 0.000000000000000000e+00 0.000000000000000000e+00 0.000000000000000000e+00 0.000000000000000000e+00
0.000000000000000000e+00 0.000000000000000000e+00 0.000000000000000000e+00 0.000000000000000000e+00 0.000000000000000000e+00 0.000000000000000000e+00
0.000000000000000000e+00 0.000000000000000000e+00 0.000000000000000000e+00 0.000000000000000000e+00 0.000000000000000000e+00 0.000000000000000000e+00
0.000000000000000000e+00 0.000000000000000000e+00 0.000000000000000000e+00 0.000000000000000000e+00 0.000000000000000000e+00 0.000000000000000000e+00
0.000000000000000000e+00 0.000000000000000000e+00 0.000000000000000000e+00 0.000000000000000000e+00 0.000000000000000000e+00 0.000000000000000000e+00
0.000000000000000000e+00 0.000000000000000000e+00 0.000000000000000000e+00 0.000000000000000000e+00 0.000000000000000000e+00 0.000000000000000000e+00
0.000000000000000000e+00 0.000000000000000000e+00 0.000000000000000000e+00 0.000000000000000000e+00 0.000000000000000000e+00 0.000000000000000000e+00
0.000000000000000000e+00 0.000000000000000000e+00 0.000000000000000000e+00 0.000000000000000000e+00 0.000000000000000000e+00 0.000000000000000000e+00
0.000000000000000000e+00 0.000000000000000000e+00 0.000000000000000000e+00 0.000000000000000000e+00 0.000000000000000000e+00 0.000000000000000000e+00
0.000000000000000000e+00 0.000000000000000000e+00 0.000000000000000000e+00 0.000000000000000000e+00 0.000000000000000000e+00 0.000000000000000000e+00
0.000000000000000000e+00 0.000000000000000000e+00 0.000000000000000000e+00 0.000000000000000000e+00 0.000000000000000000e+00 0.000000000000000000e+00
0.000000000000000000e+00 0.000000000000000000e+00 0.000000000000000000e+00 0.000000000000000000e+00 0.000000000000000000e+00 0.000000000000000000e+00
0.000000000000000000e+00 0.000000000000000000e+00 0.000000000000000000e+00 0.000000000000000000e+00 0.000000000000000000e+00 0.000000000000000000e+00
0.000000000000000000e+00 0.000000000000000000e+00 0.000000000000000000e+00 0.000000000000000000e+00 0.000000000000000000e+00 0.000000000000000000e+00
0.000000000000000000e+00 0.000000000000000000e+00 0.000000000000000000e+00 0.000000000000000000e+00 0.000000000000000000e+00 0.000000000000000000e+00
0.000000000000000000e+00 0.000000000000000000e+00 0.000000000000000000e+00 0.000000000000000000e+00 0.000000000000000000e+00 0.000000000000000000e+00
0.000000000000000000e+00 0.000000000000000000e+00 0.000000000000000000e+00 0.000000000000000000e+00 0.000000000000000000e+00 0.000000000000000000e+00
0.000000000000000000e+00 0.000000000000000000e+00 0.000000000000000000e+00 0.000000000000000000e+00 0.000000000000000000e+00 0.000000000000000000e+00
0.000000000000000000e+00 0.000000000000000000e+00 0.000000000000000000e+00 0.000000000000000000e+00 0.000000000000000000e+00 0.000000000000000000e+00
0.000000000000000000e+00 0.000000000000000000e+00 0.000000000000000000e+00 0.000000000000000000e+00 0.000000000000000000e+00 0.000000000000000000e+00
0.000000000000000000e+00 0.000000000000000000e+00 0.000000000000000000e+00 0.000000000000000000e+00 0.000000000000000000e+00 0.000000000000000000e+00
0.000000000000000000e+00 0.000000000000000000e+00 0.000000000000000000e+00 0.000000000000000000e+00 0.000000000000000000e+00 0.000000000000000000e+00
0.000000000000000000e+00 0.000000000000000000e+00 0.000000000000000000e+00 0.000000000000000000e+00 0.000000000000000000e+00 0.000000000000000000e+00
0.000000000000000000e+00 0.000000000000000000e+00 0.000000000000000000e+00 0.000000000000000000e+00 0.000000000000000000e+00 0.000000000000000000e+00
0.000000000000000000e+00 0.000000000000000000e+00 0.000000000000000000e+00 0.000000000000000000e+00 0.000000000000000000e+00 0.000000000000000000e+00
0.000000000000000000e+00 0.000000000000000000e+00 0.000000000000000000e+00 0.000000000000000000e+00 0.000000000000000000e+00 0.000000000000000000e+00
0.000000000000000000e+00 0.000000000000000000e+00 0.000000000000000000e+00 0.000000000000000000e+00 0.000000000000000000e+00 0.000000000000000000e+00
0.000000000000000000e+00 0.000000000000000000e+00 0.000000000000000000e+00 0.000000000000000000e+00 0.000000000000000000e+00 0.000000000000000000e+00
0.000000000000000000e+00 0.000000000000000000e+00 0.000000000000000000e+00 0.000000000000000000e+00 0.000000000000000000e+00 0.000000000000000000e+00
0.000000000000000000e+00 0.000000000000000000e+00 0.000000000000000000e+00 0.000000000000000000e+00 0.000000000000000000e+00 0.000000000000000000e+00
0.000000000000000000e+00 0.000000000000000000e+00 0.000000000000000000e+00 0.000000000000000000e+00 0.000000000000000000e+00 0.000000000000000000e+00
0.000000000000000000e+00 0.000000000000000000e+00 0.000000000000000000e+00 0.000000000000000000e+00 0.000000000000000000e+00 0.000000000000000000e+00
0.000000000000000000e+00 0.000000000000000000e+00 0.000000000000000000e+00 0.000000000000000000e+00 0.000000000000000000e+00 0.000000000000000000e+00
0.000000000000000000e+00 0.000000000000000000e+00 0.000000000000000000e+00 0.000000000000000000e+00 0.000000000000000000e+00 0.000000000000000000e+00
0.000000000000000000e+00 0.000000000000000000e+00 0.000000000000000000e+00 0.000000000000000000e+00 0.000000000000000000e+00 0.000000000000000000e+00
0.000000000000000000e+00 0.000000000000000000e+00 0.000000000000000000e+00 0.000000000000000000e+00 0.000000000000000000e+00 0.000000000000000000e+00
0.000000000000000000e+00 0.000000000000000000e+00 0.000000000000000000e+00 0.000000000000000000e+00 0.000000000000000000e+00 0.000000000000000000e+00
0.000000000000000000e+00 0.000000000000000000e+00 0.000000000000000000e+00 0.000000000000000000e+00 0.000000000000000000e+00 0.000000000000000000e+00
0.000000000000000000e+00 0.000000000000000000e+00 0.000000000000000000e+00 0.000000000000000000e+00 0.000000000000000000e+00 0.000000000000000000e+00
0.000000000000000000e+00 0.000000000000000000e+00 0.000000000000000000e+00 0.000000000000000000e+00 0.000000000000000000e+00 0.000000000000000000e+00
0.000000000000000000e+00 0.000000000000000000e+00 0.000000000000000000e+00 0.000000000000000000e+00 0.000000000000000000e+00 0.000000000000000000e+00
0.000000000000000000e+00 0.000000000000000000e+00 0.000000000000000000e+00 0.000000000000000000e+00 0.000000000000000000e+00 0.000000000000000000e+00
0.000000000000000000e+00 0.000000000000000000e+00 0.000000000000000000e+00 0.000000000000000000e+00 0.000000000000000000e+00 0.000000000000000000e+00
0.000000000000000000e+00 0.000000000000000000e+00 0.000000000000000000e+00 0.000000000000000000e+00 0.000000000000000000e+00 0.000000000000000000e+00
0.000000000000000000e+00 0.000000000000000000e+00 0.000000000000000000e+00 0.000000000000000000e+00 0.000000000000000000e+00 0.000000000000000000e+00
0.000000000000000000e+00 0.000000000000000000e+00 0.000000000000000000e+00 0.000000000000000000e+00 0.000000000000000000e+00 0.000000000000000000e+00
0.000000000000000000e+00 0.000000000000000000e+00 0.000000000000000000e+00 0.000000000000000000e+00 0.000000000000000000e+00 0.000000000000000000e+00
0.000000000000000000e+00 0.000000000000000000e+00 0.000000000000000000e+00 0.000000000000000000e+00 0.000000000000000000e+00 0.000000000000000000e+00
0.000000000000000000e+00 0.000000000000000000e+00 0.000000000000000000e+00 0.000000000000000000e+00 0.000000000000000000e+00 0.000000000000000000e+00
0.000000000000000000e+00 0.000000000000000000e+00 0.000000000000000000e+00 0.000000000000000000e+00 0.000000000000000000e+00 0.000000000000000000e+00
0.000000000000000000e+00 0.000000000000000000e+00 0.000000000000000000e+00 0.000000000000000000e+00 0.000000000000000000e+00 0.000000000000000000e+00
0.000000000000000000e+00 0.000000000000000000e+00 0.000000000000000000e+00 0.000000000000000000e+00 0.000000000000000000e+00 0.000000000000000000e+00
0.000000000000000000e+00 0.000000000000000000e+00 0.000000000000000000e+00 0.000000000000000000e+00 0.000000000000000000e+00 0.000000000000000000e+00
0.000000000000000000e+00 0.000000000000000000e+00 0.000000000000000000e+00 0.000000000000000000e+00 0.000000000000000000e+00 0.000000000000000000e+00
0.000000000000000000e+00 0.000000000000000000e+00 0.000000000000000000e+00 0.000000000000000000e+00 0.000000000000000000e+00 0.000000000000000000e+00
0.000000000000000000e+00 0.000000000000000000e+00 0.000000000000000000e+00 0.000000000000000000e+00 0.000000000000000000e+00 0.000000000000000000e+00
0.000000000000000000e+00 0.000000000000000000e+00 0.000000000000000000e+00 0.000000000000000000e+00 0.000000000000000000e+00 0.000000000000000000e+00
0.000000000000000000e+00 0.000000000000000000e+00 0.000000000000000000e+00 0.000000000000000000e+00 0.000000000000000000e+00 0.000000000000000000e+00
0.000000000000000000e+00 0.000000000000000000e+00 0.000000000000000000e+00 0.000000000000000000e+00 0.000000000000000000e+00 0.000000000000000000e+00
4.153901338577270508e-01 2.776347398757934570e+00 6.415961980819702148e-01 9.256330132484436035e-01 7.403587102890014648e-01 2.937401771545410156e+00
4.153901338577270508e-01 2.776347398757934570e+00 6.415961980819702148e-01 9.256330132484436035e-01 7.403587102890014648e-01 2.937401771545410156e+00
4.153901338577270508e-01 2.776347398757934570e+00 6.415961980819702148e-01 9.256330132484436035e-01 7.403587102890014648e-01 2.937401771545410156e+00
4.153901338577270508e-01 2.776347398757934570e+00 6.415961980819702148e-01 9.256330132484436035e-01 7.403587102890014648e-01 2.937401771545410156e+00
4.153901338577270508e-01 2.776347398757934570e+00 6.415961980819702148e-01 9.256330132484436035e-01 7.403587102890014648e-01 2.937401771545410156e+00
4.153901338577270508e-01 2.776347398757934570e+00 6.415961980819702148e-01 9.256330132484436035e-01 7.403587102890014648e-01 2.937401771545410156e+00
4.153901338577270508e-01 2.776347398757934570e+00 6.415961980819702148e-01 9.256330132484436035e-01 7.403587102890014648e-01 2.937401771545410156e+00
4.153901338577270508e-01 2.776347398757934570e+00 6.415961980819702148e-01 9.256330132484436035e-01 7.403587102890014648e-01 2.937401771545410156e+00
4.153901338577270508e-01 2.776347398757934570e+00 6.415961980819702148e-01 9.256330132484436035e-01 7.403587102890014648e-01 2.937401771545410156e+00
4.153901338577270508e-01 2.776347398757934570e+00 6.415961980819702148e-01 9.256330132484436035e-01 7.403587102890014648e-01 2.937401771545410156e+00
2.998346805572509766e+00 2.563068628311157227e+00 2.223604917526245117e+00 1.452895760536193848e+00 4.599060416221618652e-01 6.442814469337463379e-01
2.998346805572509766e+00 2.563068628311157227e+00 2.223604917526245117e+00 1.452895760536193848e+00 4.599060416221618652e-01 6.442814469337463379e-01
2.998346805572509766e+00 2.563068628311157227e+00 2.223604917526245117e+00 1.452895760536193848e+00 4.599060416221618652e-01 6.442814469337463379e-01
2.998346805572509766e+00 2.563068628311157227e+00 2.223604917526245117e+00 1.452895760536193848e+00 4.599060416221618652e-01 6.442814469337463379e-01
2.998346805572509766e+00 2.563068628311157227e+00 2.223604917526245117e+00 1.452895760536193848e+00 4.599060416221618652e-01 6.442814469337463379e-01
2.738393306732177734e+00 1.011342525482177734e+00 8.183167576789855957e-01 2.131675720214843750e+00 1.115200638771057129e+00 2.692404747009277344e+00
2.738393306732177734e+00 1.011342525482177734e+00 8.183167576789855957e-01 2.131675720214843750e+00 1.115200638771057129e+00 2.692404747009277344e+00
2.738393306732177734e+00 1.011342525482177734e+00 8.183167576789855957e-01 2.131675720214843750e+00 1.115200638771057129e+00 2.692404747009277344e+00
2.738393306732177734e+00 1.011342525482177734e+00 8.183167576789855957e-01 2.131675720214843750e+00 1.115200638771057129e+00 2.692404747009277344e+00
2.738393306732177734e+00 1.011342525482177734e+00 8.183167576789855957e-01 2.131675720214843750e+00 1.115200638771057129e+00 2.692404747009277344e+00
2.738393306732177734e+00 1.011342525482177734e+00 8.183167576789855957e-01 2.131675720214843750e+00 1.115200638771057129e+00 2.692404747009277344e+00
2.738393306732177734e+00 1.011342525482177734e+00 8.183167576789855957e-01 2.131675720214843750e+00 1.115200638771057129e+00 2.692404747009277344e+00
1.883479714393615723e+00 6.318084597587585449e-01 2.905925512313842773e+00 4.324268102645874023e-01 2.114183425903320312e+00 1.413683295249938965e+00
1.883479714393615723e+00 6.318084597587585449e-01 2.905925512313842773e+00 4.324268102645874023e-01 2.114183425903320312e+00 1.413683295249938965e+00
1.883479714393615723e+00 6.318084597587585449e-01 2.905925512313842773e+00 4.324268102645874023e-01 2.114183425903320312e+00 1.413683295249938965e+00
1.883479714393615723e+00 6.318084597587585449e-01 2.905925512313842773e+00 4.324268102645874023e-01 2.114183425903320312e+00 1.413683295249938965e+00
1.883479714393615723e+00 6.318084597587585449e-01 2.905925512313842773e+00 4.324268102645874023e-01 2.114183425903320312e+00 1.413683295249938965e+00
1.883479714393615723e+00 6.318084597587585449e-01 2.905925512313842773e+00 4.324268102645874023e-01 2.114183425903320312e+00 1.413683295249938965e+00
1.883479714393615723e+00 6.318084597587585449e-01 2.905925512313842773e+00 4.324268102645874023e-01 2.114183425903320312e+00 1.413683295249938965e+00
1.883479714393615723e+00 6.318084597587585449e-01 2.905925512313842773e+00 4.324268102645874023e-01 2.114183425903320312e+00 1.413683295249938965e+00
1.839945316314697266e+00 2.817916870117187500e+00 1.786481380462646484e+00 1.605334043502807617e+00 8.495514392852783203e-01 8.516380190849304199e-01
1.839945316314697266e+00 2.817916870117187500e+00 1.786481380462646484e+00 1.605334043502807617e+00 8.495514392852783203e-01 8.516380190849304199e-01
1.839945316314697266e+00 2.817916870117187500e+00 1.786481380462646484e+00 1.605334043502807617e+00 8.495514392852783203e-01 8.516380190849304199e-01
1.839945316314697266e+00 2.817916870117187500e+00 1.786481380462646484e+00 1.605334043502807617e+00 8.495514392852783203e-01 8.516380190849304199e-01
1.839945316314697266e+00 2.817916870117187500e+00 1.786481380462646484e+00 1.605334043502807617e+00 8.495514392852783203e-01 8.516380190849304199e-01
1.839945316314697266e+00 2.817916870117187500e+00 1.786481380462646484e+00 1.605334043502807617e+00 8.495514392852783203e-01 8.516380190849304199e-01
1.839945316314697266e+00 2.817916870117187500e+00 1.786481380462646484e+00 1.605334043502807617e+00 8.495514392852783203e-01 8.516380190849304199e-01
1.839945316314697266e+00 2.817916870117187500e+00 1.786481380462646484e+00 1.605334043502807617e+00 8.495514392852783203e-01 8.516380190849304199e-01
1.839945316314697266e+00 2.817916870117187500e+00 1.786481380462646484e+00 1.605334043502807617e+00 8.495514392852783203e-01 8.516380190849304199e-01
1.839945316314697266e+00 2.817916870117187500e+00 1.786481380462646484e+00 1.605334043502807617e+00 8.495514392852783203e-01 8.516380190849304199e-01
1.839945316314697266e+00 2.817916870117187500e+00 1.786481380462646484e+00 1.605334043502807617e+00 8.495514392852783203e-01 8.516380190849304199e-01
4.630279541015625000e-02 5.532587170600891113e-01 2.422180175781250000e+00 2.368285655975341797e+00 9.970518350601196289e-01 1.075832962989807129e+00
4.630279541015625000e-02 5.532587170600891113e-01 2.422180175781250000e+00 2.368285655975341797e+00 9.970518350601196289e-01 1.075832962989807129e+00
4.630279541015625000e-02 5.532587170600891113e-01 2.422180175781250000e+00 2.368285655975341797e+00 9.970518350601196289e-01 1.075832962989807129e+00
4.630279541015625000e-02 5.532587170600891113e-01 2.422180175781250000e+00 2.368285655975341797e+00 9.970518350601196289e-01 1.075832962989807129e+00
4.630279541015625000e-02 5.532587170600891113e-01 2.422180175781250000e+00 2.368285655975341797e+00 9.970518350601196289e-01 1.075832962989807129e+00
4.630279541015625000e-02 5.532587170600891113e-01 2.422180175781250000e+00 2.368285655975341797e+00 9.970518350601196289e-01 1.075832962989807129e+00
4.630279541015625000e-02 5.532587170600891113e-01 2.422180175781250000e+00 2.368285655975341797e+00 9.970518350601196289e-01 1.075832962989807129e+00
4.630279541015625000e-02 5.532587170600891113e-01 2.422180175781250000e+00 2.368285655975341797e+00 9.970518350601196289e-01 1.075832962989807129e+00
4.630279541015625000e-02 5.532587170600891113e-01 2.422180175781250000e+00 2.368285655975341797e+00 9.970518350601196289e-01 1.075832962989807129e+00
4.630279541015625000e-02 5.532587170600891113e-01 2.422180175781250000e+00 2.368285655975341797e+00 9.970518350601196289e-01 1.075832962989807129e+00
4.630279541015625000e-02 5.532587170600891113e-01 2.422180175781250000e+00 2.368285655975341797e+00 9.970518350601196289e-01 1.075832962989807129e+00
4.630279541015625000e-02 5.532587170600891113e-01 2.422180175781250000e+00 2.368285655975341797e+00 9.970518350601196289e-01 1.075832962989807129e+00
4.630279541015625000e-02 5.532587170600891113e-01 2.422180175781250000e+00 2.368285655975341797e+00 9.970518350601196289e-01 1.075832962989807129e+00
4.630279541015625000e-02 5.532587170600891113e-01 2.422180175781250000e+00 2.368285655975341797e+00 9.970518350601196289e-01 1.075832962989807129e+00
4.630279541015625000e-02 5.532587170600891113e-01 2.422180175781250000e+00 2.368285655975341797e+00 9.970518350601196289e-01 1.075832962989807129e+00
5.116313695907592773e-02 7.539902329444885254e-01 2.143889904022216797e+00 2.332992315292358398e+00 2.461964607238769531e+00 1.469907760620117188e-01
5.116313695907592773e-02 7.539902329444885254e-01 2.143889904022216797e+00 2.332992315292358398e+00 2.461964607238769531e+00 1.469907760620117188e-01
5.116313695907592773e-02 7.539902329444885254e-01 2.143889904022216797e+00 2.332992315292358398e+00 2.461964607238769531e+00 1.469907760620117188e-01
5.116313695907592773e-02 7.539902329444885254e-01 2.143889904022216797e+00 2.332992315292358398e+00 2.461964607238769531e+00 1.469907760620117188e-01
5.116313695907592773e-02 7.539902329444885254e-01 2.143889904022216797e+00 2.332992315292358398e+00 2.461964607238769531e+00 1.469907760620117188e-01
5.116313695907592773e-02 7.539902329444885254e-01 2.143889904022216797e+00 2.332992315292358398e+00 2.461964607238769531e+00 1.469907760620117188e-01
5.116313695907592773e-02 7.539902329444885254e-01 2.143889904022216797e+00 2.332992315292358398e+00 2.461964607238769531e+00 1.469907760620117188e-01
5.116313695907592773e-02 7.539902329444885254e-01 2.143889904022216797e+00 2.332992315292358398e+00 2.461964607238769531e+00 1.469907760620117188e-01
5.116313695907592773e-02 7.539902329444885254e-01 2.143889904022216797e+00 2.332992315292358398e+00 2.461964607238769531e+00 1.469907760620117188e-01
5.116313695907592773e-02 7.539902329444885254e-01 2.143889904022216797e+00 2.332992315292358398e+00 2.461964607238769531e+00 1.469907760620117188e-01
5.116313695907592773e-02 7.539902329444885254e-01 2.143889904022216797e+00 2.332992315292358398e+00 2.461964607238769531e+00 1.469907760620117188e-01
5.116313695907592773e-02 7.539902329444885254e-01 2.143889904022216797e+00 2.332992315292358398e+00 2.461964607238769531e+00 1.469907760620117188e-01
5.116313695907592773e-02 7.539902329444885254e-01 2.143889904022216797e+00 2.332992315292358398e+00 2.461964607238769531e+00 1.469907760620117188e-01
5.116313695907592773e-02 7.539902329444885254e-01 2.143889904022216797e+00 2.332992315292358398e+00 2.461964607238769531e+00 1.469907760620117188e-01
5.116313695907592773e-02 7.539902329444885254e-01 2.143889904022216797e+00 2.332992315292358398e+00 2.461964607238769531e+00 1.469907760620117188e-01
5.116313695907592773e-02 7.539902329444885254e-01 2.143889904022216797e+00 2.332992315292358398e+00 2.461964607238769531e+00 1.469907760620117188e-01
5.116313695907592773e-02 7.539902329444885254e-01 2.143889904022216797e+00 2.332992315292358398e+00 2.461964607238769531e+00 1.469907760620117188e-01
5.116313695907592773e-02 7.539902329444885254e-01 2.143889904022216797e+00 2.332992315292358398e+00 2.461964607238769531e+00 1.469907760620117188e-01
5.116313695907592773e-02 7.539902329444885254e-01 2.143889904022216797e+00 2.332992315292358398e+00 2.461964607238769531e+00 1.469907760620117188e-01
5.116313695907592773e-02 7.539902329444885254e-01 2.143889904022216797e+00 2.332992315292358398e+00 2.461964607238769531e+00 1.469907760620117188e-01
5.116313695907592773e-02 7.539902329444885254e-01 2.143889904022216797e+00 2.332992315292358398e+00 2.461964607238769531e+00 1.469907760620117188e-01
5.116313695907592773e-02 7.539902329444885254e-01 2.143889904022216797e+00 2.332992315292358398e+00 2.461964607238769531e+00 1.469907760620117188e-01
5.116313695907592773e-02 7.539902329444885254e-01 2.143889904022216797e+00 2.332992315292358398e+00 2.461964607238769531e+00 1.469907760620117188e-01
5.116313695907592773e-02 7.539902329444885254e-01 2.143889904022216797e+00 2.332992315292358398e+00 2.461964607238769531e+00 1.469907760620117188e-01
5.116313695907592773e-02 7.539902329444885254e-01 2.143889904022216797e+00 2.332992315292358398e+00 2.461964607238769531e+00 1.469907760620117188e-01
5.116313695907592773e-02 7.539902329444885254e-01 2.143889904022216797e+00 2.332992315292358398e+00 2.461964607238769531e+00 1.469907760620117188e-01
5.116313695907592773e-02 7.539902329444885254e-01 2.143889904022216797e+00 2.332992315292358398e+00 2.461964607238769531e+00 1.469907760620117188e-01
5.116313695907592773e-02 7.539902329444885254e-01 2.143889904022216797e+00 2.332992315292358398e+00 2.461964607238769531e+00 1.469907760620117188e-01
5.116313695907592773e-02 7.539902329444885254e-01 2.143889904022216797e+00 2.332992315292358398e+00 2.461964607238769531e+00 1.469907760620117188e-01
5.116313695907592773e-02 7.539902329444885254e-01 2.143889904022216797e+00 2.332992315292358398e+00 2.461964607238769531e+00 1.469907760620117188e-01
5.116313695907592773e-02 7.539902329444885254e-01 2.143889904022216797e+00 2.332992315292358398e+00 2.461964607238769531e+00 1.469907760620117188e-01
5.116313695907592773e-02 7.539902329444885254e-01 2.143889904022216797e+00 2.332992315292358398e+00 2.461964607238769531e+00 1.469907760620117188e-01
5.116313695907592773e-02 7.539902329444885254e-01 2.143889904022216797e+00 2.332992315292358398e+00 2.461964607238769531e+00 1.469907760620117188e-01
5.116313695907592773e-02 7.539902329444885254e-01 2.143889904022216797e+00 2.332992315292358398e+00 2.461964607238769531e+00 1.469907760620117188e-01
5.116313695907592773e-02 7.539902329444885254e-01 2.143889904022216797e+00 2.332992315292358398e+00 2.461964607238769531e+00 1.469907760620117188e-01
5.116313695907592773e-02 7.539902329444885254e-01 2.143889904022216797e+00 2.332992315292358398e+00 2.461964607238769531e+00 1.469907760620117188e-01
5.116313695907592773e-02 7.539902329444885254e-01 2.143889904022216797e+00 2.332992315292358398e+00 2.461964607238769531e+00 1.469907760620117188e-01
5.116313695907592773e-02 7.539902329444885254e-01 2.143889904022216797e+00 2.332992315292358398e+00 2.461964607238769531e+00 1.469907760620117188e-01
5.116313695907592773e-02 7.539902329444885254e-01 2.143889904022216797e+00 2.332992315292358398e+00 2.461964607238769531e+00 1.469907760620117188e-01
5.116313695907592773e-02 7.539902329444885254e-01 2.143889904022216797e+00 2.332992315292358398e+00 2.461964607238769531e+00 1.469907760620117188e-01
5.116313695907592773e-02 7.539902329444885254e-01 2.143889904022216797e+00 2.332992315292358398e+00 2.461964607238769531e+00 1.469907760620117188e-01
5.116313695907592773e-02 7.539902329444885254e-01 2.143889904022216797e+00 2.332992315292358398e+00 2.461964607238769531e+00 1.469907760620117188e-01
5.116313695907592773e-02 7.539902329444885254e-01 2.143889904022216797e+00 2.332992315292358398e+00 2.461964607238769531e+00 1.469907760620117188e-01
5.116313695907592773e-02 7.539902329444885254e-01 2.143889904022216797e+00 2.332992315292358398e+00 2.461964607238769531e+00 1.469907760620117188e-01
5.116313695907592773e-02 7.539902329444885254e-01 2.143889904022216797e+00 2.332992315292358398e+00 2.461964607238769531e+00 1.469907760620117188e-01
5.116313695907592773e-02 7.539902329444885254e-01 2.143889904022216797e+00 2.332992315292358398e+00 2.461964607238769531e+00 1.469907760620117188e-01
5.116313695907592773e-02 7.539902329444885254e-01 2.143889904022216797e+00 2.332992315292358398e+00 2.461964607238769531e+00 1.469907760620117188e-01
5.116313695907592773e-02 7.539902329444885254e-01 2.143889904022216797e+00 2.332992315292358398e+00 2.461964607238769531e+00 1.469907760620117188e-01
5.116313695907592773e-02 7.539902329444885254e-01 2.143889904022216797e+00 2.332992315292358398e+00 2.461964607238769531e+00 1.469907760620117188e-01
5.116313695907592773e-02 7.539902329444885254e-01 2.143889904022216797e+00 2.332992315292358398e+00 2.461964607238769531e+00 1.469907760620117188e-01
5.116313695907592773e-02 7.539902329444885254e-01 2.143889904022216797e+00 2.332992315292358398e+00 2.461964607238769531e+00 1.469907760620117188e-01
5.116313695907592773e-02 7.539902329444885254e-01 2.143889904022216797e+00 2.332992315292358398e+00 2.461964607238769531e+00 1.469907760620117188e-01
5.116313695907592773e-02 7.539902329444885254e-01 2.143889904022216797e+00 2.332992315292358398e+00 2.461964607238769531e+00 1.469907760620117188e-01
5.116313695907592773e-02 7.539902329444885254e-01 2.143889904022216797e+00 2.332992315292358398e+00 2.461964607238769531e+00 1.469907760620117188e-01
5.116313695907592773e-02 7.539902329444885254e-01 2.143889904022216797e+00 2.332992315292358398e+00 2.461964607238769531e+00 1.469907760620117188e-01
5.116313695907592773e-02 7.539902329444885254e-01 2.143889904022216797e+00 2.332992315292358398e+00 2.461964607238769531e+00 1.469907760620117188e-01
5.116313695907592773e-02 7.539902329444885254e-01 2.143889904022216797e+00 2.332992315292358398e+00 2.461964607238769531e+00 1.469907760620117188e-01
5.116313695907592773e-02 7.539902329444885254e-01 2.143889904022216797e+00 2.332992315292358398e+00 2.461964607238769531e+00 1.469907760620117188e-01
5.116313695907592773e-02 7.539902329444885254e-01 2.143889904022216797e+00 2.332992315292358398e+00 2.461964607238769531e+00 1.469907760620117188e-01
5.116313695907592773e-02 7.539902329444885254e-01 2.143889904022216797e+00 2.332992315292358398e+00 2.461964607238769531e+00 1.469907760620117188e-01
5.116313695907592773e-02 7.539902329444885254e-01 2.143889904022216797e+00 2.332992315292358398e+00 2.461964607238769531e+00 1.469907760620117188e-01
5.116313695907592773e-02 7.539902329444885254e-01 2.143889904022216797e+00 2.332992315292358398e+00 2.461964607238769531e+00 1.469907760620117188e-01
5.116313695907592773e-02 7.539902329444885254e-01 2.143889904022216797e+00 2.332992315292358398e+00 2.461964607238769531e+00 1.469907760620117188e-01
5.116313695907592773e-02 7.539902329444885254e-01 2.143889904022216797e+00 2.332992315292358398e+00 2.461964607238769531e+00 1.469907760620117188e-01
5.116313695907592773e-02 7.539902329444885254e-01 2.143889904022216797e+00 2.332992315292358398e+00 2.461964607238769531e+00 1.469907760620117188e-01
5.116313695907592773e-02 7.539902329444885254e-01 2.143889904022216797e+00 2.332992315292358398e+00 2.461964607238769531e+00 1.469907760620117188e-01
5.116313695907592773e-02 7.539902329444885254e-01 2.143889904022216797e+00 2.332992315292358398e+00 2.461964607238769531e+00 1.469907760620117188e-01
5.116313695907592773e-02 7.539902329444885254e-01 2.143889904022216797e+00 2.332992315292358398e+00 2.461964607238769531e+00 1.469907760620117188e-01
5.116313695907592773e-02 7.539902329444885254e-01 2.143889904022216797e+00 2.332992315292358398e+00 2.461964607238769531e+00 1.469907760620117188e-01
5.116313695907592773e-02 7.539902329444885254e-01 2.143889904022216797e+00 2.332992315292358398e+00 2.461964607238769531e+00 1.469907760620117188e-01
5.116313695907592773e-02 7.539902329444885254e-01 2.143889904022216797e+00 2.332992315292358398e+00 2.461964607238769531e+00 1.469907760620117188e-01
5.116313695907592773e-02 7.539902329444885254e-01 2.143889904022216797e+00 2.332992315292358398e+00 2.461964607238769531e+00 1.469907760620117188e-01
5.116313695907592773e-02 7.539902329444885254e-01 2.143889904022216797e+00 2.332992315292358398e+00 2.461964607238769531e+00 1.469907760620117188e-01
5.116313695907592773e-02 7.539902329444885254e-01 2.143889904022216797e+00 2.332992315292358398e+00 2.461964607238769531e+00 1.469907760620117188e-01
5.116313695907592773e-02 7.539902329444885254e-01 2.143889904022216797e+00 2.332992315292358398e+00 2.461964607238769531e+00 1.469907760620117188e-01
5.116313695907592773e-02 7.539902329444885254e-01 2.143889904022216797e+00 2.332992315292358398e+00 2.461964607238769531e+00 1.469907760620117188e-01
5.116313695907592773e-02 7.539902329444885254e-01 2.143889904022216797e+00 2.332992315292358398e+00 2.461964607238769531e+00 1.469907760620117188e-01
5.116313695907592773e-02 7.539902329444885254e-01 2.143889904022216797e+00 2.332992315292358398e+00 2.461964607238769531e+00 1.469907760620117188e-01
5.116313695907592773e-02 7.539902329444885254e-01 2.143889904022216797e+00 2.332992315292358398e+00 2.461964607238769531e+00 1.469907760620117188e-01
5.116313695907592773e-02 7.539902329444885254e-01 2.143889904022216797e+00 2.332992315292358398e+00 2.461964607238769531e+00 1.469907760620117188e-01
5.116313695907592773e-02 7.539902329444885254e-01 2.143889904022216797e+00 2.332992315292358398e+00 2.461964607238769531e+00 1.469907760620117188e-01
5.116313695907592773e-02 7.539902329444885254e-01 2.143889904022216797e+00 2.332992315292358398e+00 2.461964607238769531e+00 1.469907760620117188e-01
5.116313695907592773e-02 7.539902329444885254e-01 2.143889904022216797e+00 2.332992315292358398e+00 2.461964607238769531e+00 1.469907760620117188e-01
5.116313695907592773e-02 7.539902329444885254e-01 2.143889904022216797e+00 2.332992315292358398e+00 2.461964607238769531e+00 1.469907760620117188e-01
5.116313695907592773e-02 7.539902329444885254e-01 2.143889904022216797e+00 2.332992315292358398e+00 2.461964607238769531e+00 1.469907760620117188e-01
5.116313695907592773e-02 7.539902329444885254e-01 2.143889904022216797e+00 2.332992315292358398e+00 2.461964607238769531e+00 1.469907760620117188e-01
5.116313695907592773e-02 7.539902329444885254e-01 2.143889904022216797e+00 2.332992315292358398e+00 2.461964607238769531e+00 1.469907760620117188e-01
5.116313695907592773e-02 7.539902329444885254e-01 2.143889904022216797e+00 2.332992315292358398e+00 2.461964607238769531e+00 1.469907760620117188e-01
5.116313695907592773e-02 7.539902329444885254e-01 2.143889904022216797e+00 2.332992315292358398e+00 2.461964607238769531e+00 1.469907760620117188e-01
5.116313695907592773e-02 7.539902329444885254e-01 2.143889904022216797e+00 2.332992315292358398e+00 2.461964607238769531e+00 1.469907760620117188e-01
5.116313695907592773e-02 7.539902329444885254e-01 2.143889904022216797e+00 2.332992315292358398e+00 2.461964607238769531e+00 1.469907760620117188e-01
5.116313695907592773e-02 7.539902329444885254e-01 2.143889904022216797e+00 2.332992315292358398e+00 2.461964607238769531e+00 1.469907760620117188e-01
5.116313695907592773e-02 7.539902329444885254e-01 2.143889904022216797e+00 2.332992315292358398e+00 2.461964607238769531e+00 1.469907760620117188e-01
5.116313695907592773e-02 7.539902329444885254e-01 2.143889904022216797e+00 2.332992315292358398e+00 2.461964607238769531e+00 1.469907760620117188e-01
5.116313695907592773e-02 7.539902329444885254e-01 2.143889904022216797e+00 2.332992315292358398e+00 2.461964607238769531e+00 1.469907760620117188e-01
5.116313695907592773e-02 7.539902329444885254e-01 2.143889904022216797e+00 2.332992315292358398e+00 2.461964607238769531e+00 1.469907760620117188e-01
5.116313695907592773e-02 7.539902329444885254e-01 2.143889904022216797e+00 2.332992315292358398e+00 2.461964607238769531e+00 1.469907760620117188e-01
5.116313695907592773e-02 7.539902329444885254e-01 2.143889904022216797e+00 2.332992315292358398e+00 2.461964607238769531e+00 1.469907760620117188e-01
5.116313695907592773e-02 7.539902329444885254e-01 2.143889904022216797e+00 2.332992315292358398e+00 2.461964607238769531e+00 1.469907760620117188e-01
5.116313695907592773e-02 7.539902329444885254e-01 2.143889904022216797e+00 2.332992315292358398e+00 2.461964607238769531e+00 1.469907760620117188e-01
5.116313695907592773e-02 7.539902329444885254e-01 2.143889904022216797e+00 2.332992315292358398e+00 2.461964607238769531e+00 1.469907760620117188e-01
5.116313695907592773e-02 7.539902329444885254e-01 2.143889904022216797e+00 2.332992315292358398e+00 2.461964607238769531e+00 1.469907760620117188e-01
5.116313695907592773e-02 7.539902329444885254e-01 2.143889904022216797e+00 2.332992315292358398e+00 2.461964607238769531e+00 1.469907760620117188e-01
5.116313695907592773e-02 7.539902329444885254e-01 2.143889904022216797e+00 2.332992315292358398e+00 2.461964607238769531e+00 1.469907760620117188e-01
5.116313695907592773e-02 7.539902329444885254e-01 2.143889904022216797e+00 2.332992315292358398e+00 2.461964607238769531e+00 1.469907760620117188e-01
5.116313695907592773e-02 7.539902329444885254e-01 2.143889904022216797e+00 2.332992315292358398e+00 2.461964607238769531e+00 1.469907760620117188e-01
5.116313695907592773e-02 7.539902329444885254e-01 2.143889904022216797e+00 2.332992315292358398e+00 2.461964607238769531e+00 1.469907760620117188e-01
5.116313695907592773e-02 7.539902329444885254e-01 2.143889904022216797e+00 2.332992315292358398e+00 2.461964607238769531e+00 1.469907760620117188e-01
5.116313695907592773e-02 7.539902329444885254e-01 2.143889904022216797e+00 2.332992315292358398e+00 2.461964607238769531e+00 1.469907760620117188e-01
5.116313695907592773e-02 7.539902329444885254e-01 2.143889904022216797e+00 2.332992315292358398e+00 2.461964607238769531e+00 1.469907760620117188e-01
5.116313695907592773e-02 7.539902329444885254e-01 2.143889904022216797e+00 2.332992315292358398e+00 2.461964607238769531e+00 1.469907760620117188e-01
5.116313695907592773e-02 7.539902329444885254e-01 2.143889904022216797e+00 2.332992315292358398e+00 2.461964607238769531e+00 1.469907760620117188e-01
5.116313695907592773e-02 7.539902329444885254e-01 2.143889904022216797e+00 2.332992315292358398e+00 2.461964607238769531e+00 1.469907760620117188e-01
5.116313695907592773e-02 7.539902329444885254e-01 2.143889904022216797e+00 2.332992315292358398e+00 2.461964607238769531e+00 1.469907760620117188e-01
5.116313695907592773e-02 7.539902329444885254e-01 2.143889904022216797e+00 2.332992315292358398e+00 2.461964607238769531e+00 1.469907760620117188e-01
5.116313695907592773e-02 7.539902329444885254e-01 2.143889904022216797e+00 2.332992315292358398e+00 2.461964607238769531e+00 1.469907760620117188e-01
5.116313695907592773e-02 7.539902329444885254e-01 2.143889904022216797e+00 2.332992315292358398e+00 2.461964607238769531e+00 1.469907760620117188e-01
5.116313695907592773e-02 7.539902329444885254e-01 2.143889904022216797e+00 2.332992315292358398e+00 2.461964607238769531e+00 1.469907760620117188e-01
5.116313695907592773e-02 7.539902329444885254e-01 2.143889904022216797e+00 2.332992315292358398e+00 2.461964607238769531e+00 1.469907760620117188e-01
5.116313695907592773e-02 7.539902329444885254e-01 2.143889904022216797e+00 2.332992315292358398e+00 2.461964607238769531e+00 1.469907760620117188e-01
