0.000000000000000000e+00 0.000000000000000000e+00 0.000000000000000000e+00 0.000000000000000000e+00 0.000000000000000000e+00 0.000000000000000000e+00
0.000000000000000000e+00 0.000000000000000000e+00 0.000000000000000000e+00 0.000000000000000000e+00 0.000000000000000000e+00 0.000000000000000000e+00
0.000000000000000000e+00 0.000000000000000000e+00 0.000000000000000000e+00 0.000000000000000000e+00 0.000000000000000000e+00 0.000000000000000000e+00
0.000000000000000000e+00 0.000000000000000000e+00 0.000000000000000000e+00 0.000000000000000000e+00 0.000000000000000000e+00 0.000000000000000000e+00
0.000000000000000000e+00 0.000000000000000000e+00 0.000000000000000000e+00 0.000000000000000000e+00 0.000000000000000000e+00 0.000000000000000000e+00
0.000000000000000000e+00 0.000000000000000000e+00 0.000000000000000000e+00 0.000000000000000000e+00 0.000000000000000000e+00 0.000000000000000000e+00
0.000000000000000000e+00 0.000000000000000000e+00 0.000000000000000000e+00 0.000000000000000000e+00 0.000000000000000000e+00 0.000000000000000000e+00
0.000000000000000000e+00 0.000000000000000000e+00 0.000000000000000000e+00 0.000000000000000000e+00 0.000000000000000000e+00 0.000000000000000000e+00
0.000000000000000000e+00 0.000000000000000000e+00 0.000000000000000000e+00 0.000000000000000000e+00 0.000000000000000000e+00 0.000000000000000000e+00
0.000000000000000000e+00 0.000000000000000000e+00 0.000000000000000000e+00 0.000000000000000000e+00 0.000000000000000000e+00 0.000000000000000000e+00
0.000000000000000000e+00 0.000000000000000000e+00 0.000000000000000000e+00 0.000000000000000000e+00 0.000000000000000000e+00 0.000000000000000000e+00
0.000000000000000000e+00 0.000000000000000000e+00 0.000000000000000000e+00 0.000000000000000000e+00 0.000000000000000000e+00 0.000000000000000000e+00
0.000000000000000000e+00 0.000000000000000000e+00 0.000000000000000000e+00 0.000000000000000000e+00 0.000000000000000000e+00 0.000000000000000000e+00
0.000000000000000000e+00 0.000000000000000000e+00 0.000000000000000000e+00 0.000000000000000000e+00 0.000000000000000000e+00 0.000000000000000000e+00
0.000000000000000000e+00 0.000000000000000000e+00 0.000000000000000000e+00 0.000000000000000000e+00 0.000000000000000000e+00 0.000000000000000000e+00
0.000000000000000000e+00 0.000000000000000000e+00 0.000000000000000000e+00 0.000000000000000000e+00 0.000000000000000000e+00 0.000000000000000000e+00
0.000000000000000000e+00 0.000000000000000000e+00 0.000000000000000000e+00 0.000000000000000000e+00 0.000000000000000000e+00 0.000000000000000000e+00
0.000000000000000000e+00 0.000000000000000000e+00 0.000000000000000000e+00 0.000000000000000000e+00 0.000000000000000000e+00 0.000000000000000000e+00
0.000000000000000000e+00 0.000000000000000000e+00 0.000000000000000000e+00 0.000000000000000000e+00 0.000000000000000000e+00 0.000000000000000000e+00
0.000000000000000000e+00 0.000000000000000000e+00 0.000000000000000000e+00 0.000000000000000000e+00 0.000000000000000000e+00 0.000000000000000000e+00
0.000000000000000000e+00 0.000000000000000000e+00 0.000000000000000000e+00 0.000000000000000000e+00 0.000000000000000000e+00 0.000000000000000000e+00
0.000000000000000000e+00 0.000000000000000000e+00 0.000000000000000000e+00 0.000000000000000000e+00 0.000000000000000000e+00 0.000000000000000000e+00
0.000000000000000000e+00 0.000000000000000000e+00 0.000000000000000000e+00 0.000000000000000000e+00 0.000000000000000000e+00 0.000000000000000000e+00
0.000000000000000000e+00 0.000000000000000000e+00 0.000000000000000000e+00 0.000000000000000000e+00 0.000000000000000000e+00 0.000000000000000000e+00
0.000000000000000000e+00 0.000000000000000000e+00 0.000000000000000000e+00 0.000000000000000000e+00 0.000000000000000000e+00 0.000000000000000000e+00
0.000000000000000000e+00 0.000000000000000000e+00 0.000000000000000000e+00 0.000000000000000000e+00 0.000000000000000000e+00 0.000000000000000000e+00
0.000000000000000000e+00 0.000000000000000000e+00 0.000000000000000000e+00 0.000000000000000000e+00 0.000000000000000000e+00 0.000000000000000000e+00
0.000000000000000000e+00 0.000000000000000000e+00 0.000000000000000000e+00 0.000000000000000000e+00 0.000000000000000000e+00 0.000000000000000000e+00
0.000000000000000000e+00 0.000000000000000000e+00 0.000000000000000000e+00 0.000000000000000000e+00 0.000000000000000000e+00 0.000000000000000000e+00
0.000000000000000000e+00 0.000000000000000000e+00 0.000000000000000000e+00 0.000000000000000000e+00 0.000000000000000000e+00 0.000000000000000000e+00
0.000000000000000000e+00 0.000000000000000000e+00 0.000000000000000000e+00 0.000000000000000000e+00 0.000000000000000000e+00 0.000000000000000000e+00
0.000000000000000000e+00 0.000000000000000000e+00 0.000000000000000000e+00 0.000000000000000000e+00 0.000000000000000000e+00 0.000000000000000000e+00
0.000000000000000000e+00 0.000000000000000000e+00 0.000000000000000000e+00 0.000000000000000000e+00 0.000000000000000000e+00 0.000000000000000000e+00
0.000000000000000000e+00 0.000000000000000000e+00 0.000000000000000000e+00 0.000000000000000000e+00 0.000000000000000000e+00 0.000000000000000000e+00
0.000000000000000000e+00 0.000000000000000000e+00 0.000000000000000000e+00 0.000000000000000000e+00 0.000000000000000000e+00 0.000000000000000000e+00
0.000000000000000000e+00 0.000000000000000000e+00 0.000000000000000000e+00 0.000000000000000000e+00 0.000000000000000000e+00 0.000000000000000000e+00
0.000000000000000000e+00 0.000000000000000000e+00 0.000000000000000000e+00 0.000000000000000000e+00 0.000000000000000000e+00 0.000000000000000000e+00
0.000000000000000000e+00 0.000000000000000000e+00 0.000000000000000000e+00 0.000000000000000000e+00 0.000000000000000000e+00 0.000000000000000000e+00
0.000000000000000000e+00 0.000000000000000000e+00 0.000000000000000000e+00 0.000000000000000000e+00 0.000000000000000000e+00 0.000000000000000000e+00
0.000000000000000000e+00 0.000000000000000000e+00 0.000000000000000000e+00 0.000000000000000000e+00 0.000000000000000000e+00 0.000000000000000000e+00
0.000000000000000000e+00 0.000000000000000000e+00 0.000000000000000000e+00 0.000000000000000000e+00 0.000000000000000000e+00 0.000000000000000000e+00
0.000000000000000000e+00 0.000000000000000000e+00 0.000000000000000000e+00 0.000000000000000000e+00 0.000000000000000000e+00 0.000000000000000000e+00
0.000000000000000000e+00 0.000000000000000000e+00 0.000000000000000000e+00 0.000000000000000000e+00 0.000000000000000000e+00 0.000000000000000000e+00
0.000000000000000000e+00 0.000000000000000000e+00 0.000000000000000000e+00 0.000000000000000000e+00 0.000000000000000000e+00 0.000000000000000000e+00
0.000000000000000000e+00 0.000000000000000000e+00 0.000000000000000000e+00 0.000000000000000000e+00 0.000000000000000000e+00 0.000000000000000000e+00
0.000000000000000000e+00 0.000000000000000000e+00 0.000000000000000000e+00 0.000000000000000000e+00 0.000000000000000000e+00 0.000000000000000000e+00
0.000000000000000000e+00 0.000000000000000000e+00 0.000000000000000000e+00 0.000000000000000000e+00 0.000000000000000000e+00 0.000000000000000000e+00
0.000000000000000000e+00 0.000000000000000000e+00 0.000000000000000000e+00 0.000000000000000000e+00 0.000000000000000000e+00 0.000000000000000000e+00
0.000000000000000000e+00 0.000000000000000000e+00 0.000000000000000000e+00 0.000000000000000000e+00 0.000000000000000000e+00 0.000000000000000000e+00
0.000000000000000000e+00 0.000000000000000000e+00 0.000000000000000000e+00 0.000000000000000000e+00 0.000000000000000000e+00 0.000000000000000000e+00
0.000000000000000000e+00 0.000000000000000000e+00 0.000000000000000000e+00 0.000000000000000000e+00 0.000000000000000000e+00 0.000000000000000000e+00
0.000000000000000000e+00 0.000000000000000000e+00 0.000000000000000000e+00 0.000000000000000000e+00 0.000000000000000000e+00 0.000000000000000000e+00
0.000000000000000000e+00 0.000000000000000000e+00 0.000000000000000000e+00 0.000000000000000000e+00 0.000000000000000000e+00 0.000000000000000000e+00
0.000000000000000000e+00 0.000000000000000000e+00 0.000000000000000000e+00 0.000000000000000000e+00 0.000000000000000000e+00 0.000000000000000000e+00
0.000000000000000000e+00 0.000000000000000000e+00 0.000000000000000000e+00 0.000000000000000000e+00 0.000000000000000000e+00 0.000000000000000000e+00
0.000000000000000000e+00 0.000000000000000000e+00 0.000000000000000000e+00 0.000000000000000000e+00 0.000000000000000000e+00 0.000000000000000000e+00
0.000000000000000000e+00 0.000000000000000000e+00 0.000000000000000000e+00 0.000000000000000000e+00 0.000000000000000000e+00 0.000000000000000000e+00
0.000000000000000000e+00 0.000000000000000000e+00 0.000000000000000000e+00 0.000000000000000000e+00 0.000000000000000000e+00 0.000000000000000000e+00
0.000000000000000000e+00 0.000000000000000000e+00 0.000000000000000000e+00 0.000000000000000000e+00 0.000000000000000000e+00 0.000000000000000000e+00
0.000000000000000000e+00 0.000000000000000000e+00 0.000000000000000000e+00 0.000000000000000000e+00 0.000000000000000000e+00 0.000000000000000000e+00
0.000000000000000000e+00 0.000000000000000000e+00 0.000000000000000000e+00 0.000000000000000000e+00 0.000000000000000000e+00 0.000000000000000000e+00
0.000000000000000000e+00 0.000000000000000000e+00 0.000000000000000000e+00 0.000000000000000000e+00 0.000000000000000000e+00 0.000000000000000000e+00
0.000000000000000000e+00 0.000000000000000000e+00 0.000000000000000000e+00 0.000000000000000000e+00 0.000000000000000000e+00 0.000000000000000000e+00
0.000000000000000000e+00 0.000000000000000000e+00 0.000000000000000000e+00 0.000000000000000000e+00 0.000000000000000000e+00 0.000000000000000000e+00
0.000000000000000000e+00 0.000000000000000000e+00 0.000000000000000000e+00 0.000000000000000000e+00 0.000000000000000000e+00 0.000000000000000000e+00
0.000000000000000000e+00 0.000000000000000000e+00 0.000000000000000000e+00 0.000000000000000000e+00 0.000000000000000000e+00 0.000000000000000000e+00
0.000000000000000000e+00 0.000000000000000000e+00 0.000000000000000000e+00 0.000000000000000000e+00 0.000000000000000000e+00 0.000000000000000000e+00
0.000000000000000000e+00 0.000000000000000000e+00 0.000000000000000000e+00 0.000000000000000000e+00 0.000000000000000000e+00 0.000000000000000000e+00
0.000000000000000000e+00 0.000000000000000000e+00 0.000000000000000000e+00 0.000000000000000000e+00 0.000000000000000000e+00 0.000000000000000000e+00
0.000000000000000000e+00 0.000000000000000000e+00 0.000000000000000000e+00 0.000000000000000000e+00 0.000000000000000000e+00 0.000000000000000000e+00
0.000000000000000000e+00 0.000000000000000000e+00 0.000000000000000000e+00 0.000000000000000000e+00 0.000000000000000000e+00 0.000000000000000000e+00
0.000000000000000000e+00 0.000000000000000000e+00 0.000000000000000000e+00 0.000000000000000000e+00 0.000000000000000000e+00 0.000000000000000000e+00
0.000000000000000000e+00 0.000000000000000000e+00 0.000000000000000000e+00 0.000000000000000000e+00 0.000000000000000000e+00 0.000000000000000000e+00
0.000000000000000000e+00 0.000000000000000000e+00 0.000000000000000000e+00 0.000000000000000000e+00 0.000000000000000000e+00 0.000000000000000000e+00
0.000000000000000000e+00 0.000000000000000000e+00 0.000000000000000000e+00 0.000000000000000000e+00 0.000000000000000000e+00 0.000000000000000000e+00
0.000000000000000000e+00 0.000000000000000000e+00 0.000000000000000000e+00 0.000000000000000000e+00 0.000000000000000000e+00 0.000000000000000000e+00
0.000000000000000000e+00 0.000000000000000000e+00 0.000000000000000000e+00 0.000000000000000000e+00 0.000000000000000000e+00 0.000000000000000000e+00
0.000000000000000000e+00 0.000000000000000000e+00 0.000000000000000000e+00 0.000000000000000000e+00 0.000000000000000000e+00 0.000000000000000000e+00
0.000000000000000000e+00 0.000000000000000000e+00 0.000000000000000000e+00 0.000000000000000000e+00 0.000000000000000000e+00 0.000000000000000000e+00
0.000000000000000000e+00 0.000000000000000000e+00 0.000000000000000000e+00 0.000000000000000000e+00 0.000000000000000000e+00 0.000000000000000000e+00
0.000000000000000000e+00 0.000000000000000000e+00 0.000000000000000000e+00 0.000000000000000000e+00 0.000000000000000000e+00 0.000000000000000000e+00
0.000000000000000000e+00 0.000000000000000000e+00 0.000000000000000000e+00 0.000000000000000000e+00 0.000000000000000000e+00 0.000000000000000000e+00
0.000000000000000000e+00 0.000000000000000000e+00 0.000000000000000000e+00 0.000000000000000000e+00 0.000000000000000000e+00 0.000000000000000000e+00
0.000000000000000000e+00 0.000000000000000000e+00 0.000000000000000000e+00 0.000000000000000000e+00 0.000000000000000000e+00 0.000000000000000000e+00
0.000000000000000000e+00 0.000000000000000000e+00 0.000000000000000000e+00 0.000000000000000000e+00 0.000000000000000000e+00 0.000000000000000000e+00
0.000000000000000000e+00 0.000000000000000000e+00 0.000000000000000000e+00 0.000000000000000000e+00 0.000000000000000000e+00 0.000000000000000000e+00
0.000000000000000000e+00 0.000000000000000000e+00 0.000000000000000000e+00 0.000000000000000000e+00 0.000000000000000000e+00 0.000000000000000000e+00
0.000000000000000000e+00 0.000000000000000000e+00 0.000000000000000000e+00 0.000000000000000000e+00 0.000000000000000000e+00 0.000000000000000000e+00
0.000000000000000000e+00 0.000000000000000000e+00 0.000000000000000000e+00 0.000000000000000000e+00 0.000000000000000000e+00 0.000000000000000000e+00
0.000000000000000000e+00 0.000000000000000000e+00 0.000000000000000000e+00 0.000000000000000000e+00 0.000000000000000000e+00 0.000000000000000000e+00
0.000000000000000000e+00 0.000000000000000000e+00 0.000000000000000000e+00 0.000000000000000000e+00 0.000000000000000000e+00 0.000000000000000000e+00
0.000000000000000000e+00 0.000000000000000000e+00 0.000000000000000000e+00 0.000000000000000000e+00 0.000000000000000000e+00 0.000000000000000000e+00
0.000000000000000000e+00 0.000000000000000000e+00 0.000000000000000000e+00 0.000000000000000000e+00 0.000000000000000000e+00 0.000000000000000000e+00
0.000000000000000000e+00 0.000000000000000000e+00 0.000000000000000000e+00 0.000000000000000000e+00 0.000000000000000000e+00 0.000000000000000000e+00
0.000000000000000000e+00 0.000000000000000000e+00 0.000000000000000000e+00 0.000000000000000000e+00 0.000000000000000000e+00 0.000000000000000000e+00
0.000000000000000000e+00 0.000000000000000000e+00 0.000000000000000000e+00 0.000000000000000000e+00 0.000000000000000000e+00 0.000000000000000000e+00
0.000000000000000000e+00 0.000000000000000000e+00 0.000000000000000000e+00 0.000000000000000000e+00 0.000000000000000000e+00 0.000000000000000000e+00
0.000000000000000000e+00 0.000000000000000000e+00 0.000000000000000000e+00 0.000000000000000000e+00 0.000000000000000000e+00 0.000000000000000000e+00
0.000000000000000000e+00 0.000000000000000000e+00 0.000000000000000000e+00 0.000000000000000000e+00 0.000000000000000000e+00 0.000000000000000000e+00
0.000000000000000000e+00 0.000000000000000000e+00 0.000000000000000000e+00 0.000000000000000000e+00 0.000000000000000000e+00 0.000000000000000000e+00
0.000000000000000000e+00 0.000000000000000000e+00 0.000000000000000000e+00 0.000000000000000000e+00 0.000000000000000000e+00 0.000000000000000000e+00
0.000000000000000000e+00 0.000000000000000000e+00 0.000000000000000000e+00 0.000000000000000000e+00 0.000000000000000000e+00 0.000000000000000000e+00
0.000000000000000000e+00 0.000000000000000000e+00 0.000000000000000000e+00 0.000000000000000000e+00 0.000000000000000000e+00 0.000000000000000000e+00
0.000000000000000000e+00 0.000000000000000000e+00 0.000000000000000000e+00 0.000000000000000000e+00 0.000000000000000000e+00 0.000000000000000000e+00
0.000000000000000000e+00 0.000000000000000000e+00 0.000000000000000000e+00 0.000000000000000000e+00 0.000000000000000000e+00 0.000000000000000000e+00
0.000000000000000000e+00 0.000000000000000000e+00 0.000000000000000000e+00 0.000000000000000000e+00 0.000000000000000000e+00 0.000000000000000000e+00
0.000000000000000000e+00 0.000000000000000000e+00 0.000000000000000000e+00 0.000000000000000000e+00 0.000000000000000000e+00 0.000000000000000000e+00
0.000000000000000000e+00 0.000000000000000000e+00 0.000000000000000000e+00 0.000000000000000000e+00 0.000000000000000000e+00 0.000000000000000000e+00
0.000000000000000000e+00 0.000000000000000000e+00 0.000000000000000000e+00 0.000000000000000000e+00 0.000000000000000000e+00 0.000000000000000000e+00
0.000000000000000000e+00 0.000000000000000000e+00 0.000000000000000000e+00 0.000000000000000000e+00 0.000000000000000000e+00 0.000000000000000000e+00
0.000000000000000000e+00 0.000000000000000000e+00 0.000000000000000000e+00 0.000000000000000000e+00 0.000000000000000000e+00 0.000000000000000000e+00
0.000000000000000000e+00 0.000000000000000000e+00 0.000000000000000000e+00 0.000000000000000000e+00 0.000000000000000000e+00 0.000000000000000000e+00
0.000000000000000000e+00 0.000000000000000000e+00 0.000000000000000000e+00 0.000000000000000000e+00 0.000000000000000000e+00 0.000000000000000000e+00
0.000000000000000000e+00 0.000000000000000000e+00 0.000000000000000000e+00 0.000000000000000000e+00 0.000000000000000000e+00 0.000000000000000000e+00
0.000000000000000000e+00 0.000000000000000000e+00 0.000000000000000000e+00 0.000000000000000000e+00 0.000000000000000000e+00 0.000000000000000000e+00
0.000000000000000000e+00 0.000000000000000000e+00 0.000000000000000000e+00 0.000000000000000000e+00 0.000000000000000000e+00 0.000000000000000000e+00
0.000000000000000000e+00 0.000000000000000000e+00 0.000000000000000000e+00 0.000000000000000000e+00 0.000000000000000000e+00 0.000000000000000000e+00
0.000000000000000000e+00 0.000000000000000000e+00 0.000000000000000000e+00 0.000000000000000000e+00 0.000000000000000000e+00 0.000000000000000000e+00
0.000000000000000000e+00 0.000000000000000000e+00 0.000000000000000000e+00 0.000000000000000000e+00 0.000000000000000000e+00 0.000000000000000000e+00
0.000000000000000000e+00 0.000000000000000000e+00 0.000000000000000000e+00 0.000000000000000000e+00 0.000000000000000000e+00 0.000000000000000000e+00
1.500000000000000000e+00 1.500000000000000000e+00 1.500000000000000000e+00 1.500000000000000000e+00 1.500000000000000000e+00 1.500000000000000000e+00
1.812895178794860840e+00 1.812895178794860840e+00 1.812895178794860840e+00 1.812895178794860840e+00 1.812895178794860840e+00 1.812895178794860840e+00
2.112024068832397461e+00 2.112024068832397461e+00 2.112024068832397461e+00 2.112024068832397461e+00 2.112024068832397461e+00 2.112024068832397461e+00
2.384226083755493164e+00 2.384226083755493164e+00 2.384226083755493164e+00 2.384226083755493164e+00 2.384226083755493164e+00 2.384226083755493164e+00
2.617525100708007812e+00 2.617525100708007812e+00 2.617525100708007812e+00 2.617525100708007812e+00 2.617525100708007812e+00 2.617525100708007812e+00
2.801656961441040039e+00 2.801656961441040039e+00 2.801656961441040039e+00 2.801656961441040039e+00 2.801656961441040039e+00 2.801656961441040039e+00
2.928520202636718750e+00 2.928520202636718750e+00 2.928520202636718750e+00 2.928520202636718750e+00 2.928520202636718750e+00 2.928520202636718750e+00
2.992533683776855469e+00 2.992533683776855469e+00 2.992533683776855469e+00 2.992533683776855469e+00 2.992533683776855469e+00 2.992533683776855469e+00
2.990880727767944336e+00 2.990880727767944336e+00 2.990880727767944336e+00 2.990880727767944336e+00 2.990880727767944336e+00 2.990880727767944336e+00
2.923634290695190430e+00 2.923634290695190430e+00 2.923634290695190430e+00 2.923634290695190430e+00 2.923634290695190430e+00 2.923634290695190430e+00
2.793752670288085938e+00 2.793752670288085938e+00 2.793752670288085938e+00 2.793752670288085938e+00 2.793752670288085938e+00 2.793752670288085938e+00
2.606950521469116211e+00 2.606950521469116211e+00 2.606950521469116211e+00 2.606950521469116211e+00 2.606950521469116211e+00 2.606950521469116211e+00
2.371446371078491211e+00 2.371446371078491211e+00 2.371446371078491211e+00 2.371446371078491211e+00 2.371446371078491211e+00 2.371446371078491211e+00
2.097601652145385742e+00 2.097601652145385742e+00 2.097601652145385742e+00 2.097601652145385742e+00 2.097601652145385742e+00 2.097601652145385742e+00
1.797464370727539062e+00 1.797464370727539062e+00 1.797464370727539062e+00 1.797464370727539062e+00 1.797464370727539062e+00 1.797464370727539062e+00
1.484239816665649414e+00 1.484239816665649414e+00 1.484239816665649414e+00 1.484239816665649414e+00 1.484239816665649414e+00 1.484239816665649414e+00
1.171708583831787109e+00 1.171708583831787109e+00 1.171708583831787109e+00 1.171708583831787109e+00 1.171708583831787109e+00 1.171708583831787109e+00
8.736210465431213379e-01 8.736210465431213379e-01 8.736210465431213379e-01 8.736210465431213379e-01 8.736210465431213379e-01 8.736210465431213379e-01
6.030920147895812988e-01 6.030920147895812988e-01 6.030920147895812988e-01 6.030920147895812988e-01 6.030920147895812988e-01 6.030920147895812988e-01
3.720238208770751953e-01 3.720238208770751953e-01 3.720238208770751953e-01 3.720238208770751953e-01 3.720238208770751953e-01 3.720238208770751953e-01
1.905827075242996216e-01 1.905827075242996216e-01 1.905827075242996216e-01 1.905827075242996216e-01 1.905827075242996216e-01 1.905827075242996216e-01
6.675144284963607788e-02 6.675144284963607788e-02 6.675144284963607788e-02 6.675144284963607788e-02 6.675144284963607788e-02 6.675144284963607788e-02
5.978163797408342361e-03 5.978163797408342361e-03 5.978163797408342361e-03 5.978163797408342361e-03 5.978163797408342361e-03 5.978163797408342361e-03
1.093668863177299500e-02 1.093668863177299500e-02 1.093668863177299500e-02 1.093668863177299500e-02 1.093668863177299500e-02 1.093668863177299500e-02
8.140885829925537109e-02 8.140885829925537109e-02 8.140885829925537109e-02 8.140885829925537109e-02 8.140885829925537109e-02 8.140885829925537109e-02
2.142941504716873169e-01 2.142941504716873169e-01 2.142941504716873169e-01 2.142941504716873169e-01 2.142941504716873169e-01 2.142941504716873169e-01
4.037460684776306152e-01 4.037460684776306152e-01 4.037460684776306152e-01 4.037460684776306152e-01 4.037460684776306152e-01 4.037460684776306152e-01
6.414293646812438965e-01 6.414293646812438965e-01 6.414293646812438965e-01 6.414293646812438965e-01 6.414293646812438965e-01 6.414293646812438965e-01
9.168868064880371094e-01 9.168868064880371094e-01 9.168868064880371094e-01 9.168868064880371094e-01 9.168868064880371094e-01 9.168868064880371094e-01
1.217999219894409180e+00 1.217999219894409180e+00 1.217999219894409180e+00 1.217999219894409180e+00 1.217999219894409180e+00 1.217999219894409180e+00
1.531518697738647461e+00 1.531518697738647461e+00 1.531518697738647461e+00 1.531518697738647461e+00 1.531518697738647461e+00 1.531518697738647461e+00
1.843651413917541504e+00 1.843651413917541504e+00 1.843651413917541504e+00 1.843651413917541504e+00 1.843651413917541504e+00 1.843651413917541504e+00
2.140664815902709961e+00 2.140664815902709961e+00 2.140664815902709961e+00 2.140664815902709961e+00 2.140664815902709961e+00 2.140664815902709961e+00
2.409491062164306641e+00 2.409491062164306641e+00 2.409491062164306641e+00 2.409491062164306641e+00 2.409491062164306641e+00 2.409491062164306641e+00
2.638302803039550781e+00 2.638302803039550781e+00 2.638302803039550781e+00 2.638302803039550781e+00 2.638302803039550781e+00 2.638302803039550781e+00
2.817033052444458008e+00 2.817033052444458008e+00 2.817033052444458008e+00 2.817033052444458008e+00 2.817033052444458008e+00 2.817033052444458008e+00
2.937818527221679688e+00 2.937818527221679688e+00 2.937818527221679688e+00 2.937818527221679688e+00 2.937818527221679688e+00 2.937818527221679688e+00
2.995345115661621094e+00 2.995345115661621094e+00 2.995345115661621094e+00 2.995345115661621094e+00 2.995345115661621094e+00 2.995345115661621094e+00
2.987081527709960938e+00 2.987081527709960938e+00 2.987081527709960938e+00 2.987081527709960938e+00 2.987081527709960938e+00 2.987081527709960938e+00
2.913391351699829102e+00 2.913391351699829102e+00 2.913391351699829102e+00 2.913391351699829102e+00 2.913391351699829102e+00 2.913391351699829102e+00
2.777517080307006836e+00 2.777517080307006836e+00 2.777517080307006836e+00 2.777517080307006836e+00 2.777517080307006836e+00 2.777517080307006836e+00
2.585436344146728516e+00 2.585436344146728516e+00 2.585436344146728516e+00 2.585436344146728516e+00 2.585436344146728516e+00 2.585436344146728516e+00
2.345600128173828125e+00 2.345600128173828125e+00 2.345600128173828125e+00 2.345600128173828125e+00 2.345600128173828125e+00 2.345600128173828125e+00
2.068560361862182617e+00 2.068560361862182617e+00 2.068560361862182617e+00 2.068560361862182617e+00 2.068560361862182617e+00 2.068560361862182617e+00
1.766506075859069824e+00 1.766506075859069824e+00 1.766506075859069824e+00 1.766506075859069824e+00 1.766506075859069824e+00 1.766506075859069824e+00
1.452726364135742188e+00 1.452726364135742188e+00 1.452726364135742188e+00 1.452726364135742188e+00 1.452726364135742188e+00 1.452726364135742188e+00
1.141026496887207031e+00 1.141026496887207031e+00 1.141026496887207031e+00 1.141026496887207031e+00 1.141026496887207031e+00 1.141026496887207031e+00
8.451202511787414551e-01 8.451202511787414551e-01 8.451202511787414551e-01 8.451202511787414551e-01 8.451202511787414551e-01 8.451202511787414551e-01
5.780264735221862793e-01 5.780264735221862793e-01 5.780264735221862793e-01 5.780264735221862793e-01 5.780264735221862793e-01 5.780264735221862793e-01
3.514963388442993164e-01 3.514963388442993164e-01 3.514963388442993164e-01 3.514963388442993164e-01 3.514963388442993164e-01 3.514963388442993164e-01
1.754964143037796021e-01 1.754964143037796021e-01 1.754964143037796021e-01 1.754964143037796021e-01 1.754964143037796021e-01 1.754964143037796021e-01
5.777005851268768311e-02 5.777005851268768311e-02 5.777005851268768311e-02 5.777005851268768311e-02 5.777005851268768311e-02 5.777005851268768311e-02
3.496846184134483337e-03 3.496846184134483337e-03 3.496846184134483337e-03 3.496846184134483337e-03 3.496846184134483337e-03 3.496846184134483337e-03
1.506461016833782196e-02 1.506461016833782196e-02 1.506461016833782196e-02 1.506461016833782196e-02 1.506461016833782196e-02 1.506461016833782196e-02
9.196440875530242920e-02 9.196440875530242920e-02 9.196440875530242920e-02 9.196440875530242920e-02 9.196440875530242920e-02 9.196440875530242920e-02
2.308129072189331055e-01 2.308129072189331055e-01 2.308129072189331055e-01 2.308129072189331055e-01 2.308129072189331055e-01 2.308129072189331055e-01
4.255012571811676025e-01 4.255012571811676025e-01 4.255012571811676025e-01 4.255012571811676025e-01 4.255012571811676025e-01 4.255012571811676025e-01
6.674638390541076660e-01 6.674638390541076660e-01 6.674638390541076660e-01 6.674638390541076660e-01 6.674638390541076660e-01 6.674638390541076660e-01
9.460551738739013672e-01 9.460551738739013672e-01 9.460551738739013672e-01 9.460551738739013672e-01 9.460551738739013672e-01 9.460551738739013672e-01
1.249018073081970215e+00 1.249018073081970215e+00 1.249018073081970215e+00 1.249018073081970215e+00 1.249018073081970215e+00 1.249018073081970215e+00
1.563023447990417480e+00 1.563023447990417480e+00 1.563023447990417480e+00 1.563023447990417480e+00 1.563023447990417480e+00 1.563023447990417480e+00
1.874255895614624023e+00 1.874255895614624023e+00 1.874255895614624023e+00 1.874255895614624023e+00 1.874255895614624023e+00 1.874255895614624023e+00
2.169022560119628906e+00 2.169022560119628906e+00 2.169022560119628906e+00 2.169022560119628906e+00 2.169022560119628906e+00 2.169022560119628906e+00
2.434354305267333984e+00 2.434354305267333984e+00 2.434354305267333984e+00 2.434354305267333984e+00 2.434354305267333984e+00 2.434354305267333984e+00
2.658577680587768555e+00 2.658577680587768555e+00 2.658577680587768555e+00 2.658577680587768555e+00 2.658577680587768555e+00 2.658577680587768555e+00
2.831827878952026367e+00 2.831827878952026367e+00 2.831827878952026367e+00 2.831827878952026367e+00 2.831827878952026367e+00 2.831827878952026367e+00
2.946481943130493164e+00 2.946481943130493164e+00 2.946481943130493164e+00 2.946481943130493164e+00 2.946481943130493164e+00 2.946481943130493164e+00
2.997496128082275391e+00 2.997496128082275391e+00 2.997496128082275391e+00 2.997496128082275391e+00 2.997496128082275391e+00 2.997496128082275391e+00
2.982625484466552734e+00 2.982625484466552734e+00 2.982625484466552734e+00 2.982625484466552734e+00 2.982625484466552734e+00 2.982625484466552734e+00
2.902524471282958984e+00 2.902524471282958984e+00 2.902524471282958984e+00 2.902524471282958984e+00 2.902524471282958984e+00 2.902524471282958984e+00
2.760717153549194336e+00 2.760717153549194336e+00 2.760717153549194336e+00 2.760717153549194336e+00 2.760717153549194336e+00 2.760717153549194336e+00
2.563442707061767578e+00 2.563442707061767578e+00 2.563442707061767578e+00 2.563442707061767578e+00 2.563442707061767578e+00 2.563442707061767578e+00
2.319380283355712891e+00 2.319380283355712891e+00 2.319380283355712891e+00 2.319380283355712891e+00 2.319380283355712891e+00 2.319380283355712891e+00
2.039268016815185547e+00 2.039268016815185547e+00 2.039268016815185547e+00 2.039268016815185547e+00 2.039268016815185547e+00 2.039268016815185547e+00
1.735430002212524414e+00 1.735430002212524414e+00 1.735430002212524414e+00 1.735430002212524414e+00 1.735430002212524414e+00 1.735430002212524414e+00
1.421233773231506348e+00 1.421233773231506348e+00 1.421233773231506348e+00 1.421233773231506348e+00 1.421233773231506348e+00 1.421233773231506348e+00
1.110502958297729492e+00 1.110502958297729492e+00 1.110502958297729492e+00 1.110502958297729492e+00 1.110502958297729492e+00 1.110502958297729492e+00
8.169087171554565430e-01 8.169087171554565430e-01 8.169087171554565430e-01 8.169087171554565430e-01 8.169087171554565430e-01 8.169087171554565430e-01
5.533680915832519531e-01 5.533680915832519531e-01 5.533680915832519531e-01 5.533680915832519531e-01 5.533680915832519531e-01 5.533680915832519531e-01
3.314760029315948486e-01 3.314760029315948486e-01 3.314760029315948486e-01 3.314760029315948486e-01 3.314760029315948486e-01 3.314760029315948486e-01
1.609949618577957153e-01 1.609949618577957153e-01 1.609949618577957153e-01 1.609949618577957153e-01 1.609949618577957153e-01 1.609949618577957153e-01
4.942552000284194946e-02 4.942552000284194946e-02 4.942552000284194946e-02 4.942552000284194946e-02 4.942552000284194946e-02 4.942552000284194946e-02
1.676342450082302094e-03 1.676342450082302094e-03 1.676342450082302094e-03 1.676342450082302094e-03 1.676342450082302094e-03 1.676342450082302094e-03
1.984823681414127350e-02 1.984823681414127350e-02 1.984823681414127350e-02 1.984823681414127350e-02 1.984823681414127350e-02 1.984823681414127350e-02
1.031417027115821838e-01 1.031417027115821838e-01 1.031417027115821838e-01 1.031417027115821838e-01 1.031417027115821838e-01 1.031417027115821838e-01
2.478921115398406982e-01 2.478921115398406982e-01 2.478921115398406982e-01 2.478921115398406982e-01 2.478921115398406982e-01 2.478921115398406982e-01
4.477309286594390869e-01 4.477309286594390869e-01 4.477309286594390869e-01 4.477309286594390869e-01 4.477309286594390869e-01 4.477309286594390869e-01
6.938659548759460449e-01 6.938659548759460449e-01 6.938659548759460449e-01 6.938659548759460449e-01 6.938659548759460449e-01 6.938659548759460449e-01
9.754681587219238281e-01 9.754681587219238281e-01 9.754681587219238281e-01 9.754681587219238281e-01 9.754681587219238281e-01 9.754681587219238281e-01
1.280147910118103027e+00 1.280147910118103027e+00 1.280147910118103027e+00 1.280147910118103027e+00 1.280147910118103027e+00 1.280147910118103027e+00
1.594500422477722168e+00 1.594500422477722168e+00 1.594500422477722168e+00 1.594500422477722168e+00 1.594500422477722168e+00 1.594500422477722168e+00
1.904695153236389160e+00 1.904695153236389160e+00 1.904695153236389160e+00 1.904695153236389160e+00 1.904695153236389160e+00 1.904695153236389160e+00
2.197084665298461914e+00 2.197084665298461914e+00 2.197084665298461914e+00 2.197084665298461914e+00 2.197084665298461914e+00 2.197084665298461914e+00
2.458805084228515625e+00 2.458805084228515625e+00 2.458805084228515625e+00 2.458805084228515625e+00 2.458805084228515625e+00 2.458805084228515625e+00
2.678341150283813477e+00 2.678341150283813477e+00 2.678341150283813477e+00 2.678341150283813477e+00 2.678341150283813477e+00 2.678341150283813477e+00
2.846034526824951172e+00 2.846034526824951172e+00 2.846034526824951172e+00 2.846034526824951172e+00 2.846034526824951172e+00 2.846034526824951172e+00
2.954506874084472656e+00 2.954506874084472656e+00 2.954506874084472656e+00 2.954506874084472656e+00 2.954506874084472656e+00 2.954506874084472656e+00
2.998985767364501953e+00 2.998985767364501953e+00 2.998985767364501953e+00 2.998985767364501953e+00 2.998985767364501953e+00 2.998985767364501953e+00
2.977514743804931641e+00 2.977514743804931641e+00 2.977514743804931641e+00 2.977514743804931641e+00 2.977514743804931641e+00 2.977514743804931641e+00
2.891037940979003906e+00 2.891037940979003906e+00 2.891037940979003906e+00 2.891037940979003906e+00 2.891037940979003906e+00 2.891037940979003906e+00
2.743360519409179688e+00 2.743360519409179688e+00 2.743360519409179688e+00 2.743360519409179688e+00 2.743360519409179688e+00 2.743360519409179688e+00
2.540979385375976562e+00 2.540979385375976562e+00 2.540979385375976562e+00 2.540979385375976562e+00 2.540979385375976562e+00 2.540979385375976562e+00
2.292798757553100586e+00 2.292798757553100586e+00 2.292798757553100586e+00 2.292798757553100586e+00 2.292798757553100586e+00 2.292798757553100586e+00
2.009737730026245117e+00 2.009737730026245117e+00 2.009737730026245117e+00 2.009737730026245117e+00 2.009737730026245117e+00 2.009737730026245117e+00
1.704249978065490723e+00 1.704249978065490723e+00 1.704249978065490723e+00 1.704249978065490723e+00 1.704249978065490723e+00 1.704249978065490723e+00
1.389775991439819336e+00 1.389775991439819336e+00 1.389775991439819336e+00 1.389775991439819336e+00 1.389775991439819336e+00 1.389775991439819336e+00
1.080151438713073730e+00 1.080151438713073730e+00 1.080151438713073730e+00 1.080151438713073730e+00 1.080151438713073730e+00 1.080151438713073730e+00
7.889987230300903320e-01 7.889987230300903320e-01 7.889987230300903320e-01 7.889987230300903320e-01 7.889987230300903320e-01 7.889987230300903320e-01
5.291277170181274414e-01 5.291277170181274414e-01 5.291277170181274414e-01 5.291277170181274414e-01 5.291277170181274414e-01 5.291277170181274414e-01
3.119716644287109375e-01 3.119716644287109375e-01 3.119716644287109375e-01 3.119716644287109375e-01 3.119716644287109375e-01 3.119716644287109375e-01
1.470847874879837036e-01 1.470847874879837036e-01 1.470847874879837036e-01 1.470847874879837036e-01 1.470847874879837036e-01 1.470847874879837036e-01
4.172151163220405579e-02 4.172151163220405579e-02 4.172151163220405579e-02 4.172151163220405579e-02 4.172151163220405579e-02 4.172151163220405579e-02
5.174563266336917877e-04 5.174563266336917877e-04 5.174563266336917877e-04 5.174563266336917877e-04 5.174563266336917877e-04 5.174563266336917877e-04
2.528545632958412170e-02 2.528545632958412170e-02 2.528545632958412170e-02 2.528545632958412170e-02 2.528545632958412170e-02 2.528545632958412170e-02
1.149358078837394714e-01 1.149358078837394714e-01 1.149358078837394714e-01 1.149358078837394714e-01 1.149358078837394714e-01 1.149358078837394714e-01
2.655242085456848145e-01 2.655242085456848145e-01 2.655242085456848145e-01 2.655242085456848145e-01 2.655242085456848145e-01 2.655242085456848145e-01
4.704252779483795166e-01 4.704252779483795166e-01 4.704252779483795166e-01 4.704252779483795166e-01 4.704252779483795166e-01 4.704252779483795166e-01
7.206240892410278320e-01 7.206240892410278320e-01 7.206240892410278320e-01 7.206240892410278320e-01 7.206240892410278320e-01 7.206240892410278320e-01
1.005112767219543457e+00 1.005112767219543457e+00 1.005112767219543457e+00 1.005112767219543457e+00 1.005112767219543457e+00 1.005112767219543457e+00
1.311374664306640625e+00 1.311374664306640625e+00 1.311374664306640625e+00 1.311374664306640625e+00 1.311374664306640625e+00 1.311374664306640625e+00
1.625935554504394531e+00 1.625935554504394531e+00 1.625935554504394531e+00 1.625935554504394531e+00 1.625935554504394531e+00 1.625935554504394531e+00
1.934955716133117676e+00 1.934955716133117676e+00 1.934955716133117676e+00 1.934955716133117676e+00 1.934955716133117676e+00 1.934955716133117676e+00
2.224839210510253906e+00 2.224839210510253906e+00 2.224839210510253906e+00 2.224839210510253906e+00 2.224839210510253906e+00 2.224839210510253906e+00
2.482832431793212891e+00 2.482832431793212891e+00 2.482832431793212891e+00 2.482832431793212891e+00 2.482832431793212891e+00 2.482832431793212891e+00
2.697584390640258789e+00 2.697584390640258789e+00 2.697584390640258789e+00 2.697584390640258789e+00 2.697584390640258789e+00 2.697584390640258789e+00
2.859646558761596680e+00 2.859646558761596680e+00 2.859646558761596680e+00 2.859646558761596680e+00 2.859646558761596680e+00 2.859646558761596680e+00
2.961889266967773438e+00 2.961889266967773438e+00 2.961889266967773438e+00 2.961889266967773438e+00 2.961889266967773438e+00 2.961889266967773438e+00
2.999813795089721680e+00 2.999813795089721680e+00 2.999813795089721680e+00 2.999813795089721680e+00 2.999813795089721680e+00 2.999813795089721680e+00
2.971751689910888672e+00 2.971751689910888672e+00 2.971751689910888672e+00 2.971751689910888672e+00 2.971751689910888672e+00 2.971751689910888672e+00
2.878937482833862305e+00 2.878937482833862305e+00 2.878937482833862305e+00 2.878937482833862305e+00 2.878937482833862305e+00 2.878937482833862305e+00
2.725454807281494141e+00 2.725454807281494141e+00 2.725454807281494141e+00 2.725454807281494141e+00 2.725454807281494141e+00 2.725454807281494141e+00
2.518056392669677734e+00 2.518056392669677734e+00 2.518056392669677734e+00 2.518056392669677734e+00 2.518056392669677734e+00 2.518056392669677734e+00
2.265866994857788086e+00 2.265866994857788086e+00 2.265866994857788086e+00 2.265866994857788086e+00 2.265866994857788086e+00 2.265866994857788086e+00
1.979982256889343262e+00 1.979982256889343262e+00 1.979982256889343262e+00 1.979982256889343262e+00 1.979982256889343262e+00 1.979982256889343262e+00
1.672979712486267090e+00 1.672979712486267090e+00 1.672979712486267090e+00 1.672979712486267090e+00 1.672979712486267090e+00 1.672979712486267090e+00
1.358366847038269043e+00 1.358366847038269043e+00 1.358366847038269043e+00 1.358366847038269043e+00 1.358366847038269043e+00 1.358366847038269043e+00
1.049985289573669434e+00 1.049985289573669434e+00 1.049985289573669434e+00 1.049985289573669434e+00 1.049985289573669434e+00 1.049985289573669434e+00
7.614027857780456543e-01 7.614027857780456543e-01 7.614027857780456543e-01 7.614027857780456543e-01 7.614027857780456543e-01 7.614027857780456543e-01
5.053160190582275391e-01 5.053160190582275391e-01 5.053160190582275391e-01 5.053160190582275391e-01 5.053160190582275391e-01 5.053160190582275391e-01
2.929919362068176270e-01 2.929919362068176270e-01 2.929919362068176270e-01 2.929919362068176270e-01 2.929919362068176270e-01 2.929919362068176270e-01
1.337720304727554321e-01 1.337720304727554321e-01 1.337720304727554321e-01 1.337720304727554321e-01 1.337720304727554321e-01 1.337720304727554321e-01
3.466144204139709473e-02 3.466144204139709473e-02 3.466144204139709473e-02 3.466144204139709473e-02 3.466144204139709473e-02 3.466144204139709473e-02
2.069939364446327090e-05 2.069939364446327090e-05 2.069939364446327090e-05 2.069939364446327090e-05 2.069939364446327090e-05 2.069939364446327090e-05
3.137386962771415710e-02 3.137386962771415710e-02 3.137386962771415710e-02 3.137386962771415710e-02 3.137386962771415710e-02 3.137386962771415710e-02
1.273415237665176392e-01 1.273415237665176392e-01 1.273415237665176392e-01 1.273415237665176392e-01 1.273415237665176392e-01 1.273415237665176392e-01
2.837014198303222656e-01 2.837014198303222656e-01 2.837014198303222656e-01 2.837014198303222656e-01 2.837014198303222656e-01 2.837014198303222656e-01
4.935742318630218506e-01 4.935742318630218506e-01 4.935742318630218506e-01 4.935742318630218506e-01 4.935742318630218506e-01 4.935742318630218506e-01
7.477263212203979492e-01 7.477263212203979492e-01 7.477263212203979492e-01 7.477263212203979492e-01 7.477263212203979492e-01 7.477263212203979492e-01
1.034975886344909668e+00 1.034975886344909668e+00 1.034975886344909668e+00 1.034975886344909668e+00 1.034975886344909668e+00 1.034975886344909668e+00
1.342684864997863770e+00 1.342684864997863770e+00 1.342684864997863770e+00 1.342684864997863770e+00 1.342684864997863770e+00 1.342684864997863770e+00
1.657315135002136230e+00 1.657315135002136230e+00 1.657315135002136230e+00 1.657315135002136230e+00 1.657315135002136230e+00 1.657315135002136230e+00
1.965024113655090332e+00 1.965024113655090332e+00 1.965024113655090332e+00 1.965024113655090332e+00 1.965024113655090332e+00 1.965024113655090332e+00
2.252273797988891602e+00 2.252273797988891602e+00 2.252273797988891602e+00 2.252273797988891602e+00 2.252273797988891602e+00 2.252273797988891602e+00
2.506425857543945312e+00 2.506425857543945312e+00 2.506425857543945312e+00 2.506425857543945312e+00 2.506425857543945312e+00 2.506425857543945312e+00
2.716298580169677734e+00 2.716298580169677734e+00 2.716298580169677734e+00 2.716298580169677734e+00 2.716298580169677734e+00 2.716298580169677734e+00
2.872658491134643555e+00 2.872658491134643555e+00 2.872658491134643555e+00 2.872658491134643555e+00 2.872658491134643555e+00 2.872658491134643555e+00
2.968626022338867188e+00 2.968626022338867188e+00 2.968626022338867188e+00 2.968626022338867188e+00 2.968626022338867188e+00 2.968626022338867188e+00
2.999979257583618164e+00 2.999979257583618164e+00 2.999979257583618164e+00 2.999979257583618164e+00 2.999979257583618164e+00 2.999979257583618164e+00
2.965338468551635742e+00 2.965338468551635742e+00 2.965338468551635742e+00 2.965338468551635742e+00 2.965338468551635742e+00 2.965338468551635742e+00
2.866227865219116211e+00 2.866227865219116211e+00 2.866227865219116211e+00 2.866227865219116211e+00 2.866227865219116211e+00 2.866227865219116211e+00
2.707008123397827148e+00 2.707008123397827148e+00 2.707008123397827148e+00 2.707008123397827148e+00 2.707008123397827148e+00 2.707008123397827148e+00
2.494683980941772461e+00 2.494683980941772461e+00 2.494683980941772461e+00 2.494683980941772461e+00 2.494683980941772461e+00 2.494683980941772461e+00
2.238597154617309570e+00 2.238597154617309570e+00 2.238597154617309570e+00 2.238597154617309570e+00 2.238597154617309570e+00 2.238597154617309570e+00
1.950014710426330566e+00 1.950014710426330566e+00 1.950014710426330566e+00 1.950014710426330566e+00 1.950014710426330566e+00 1.950014710426330566e+00
1.641633152961730957e+00 1.641633152961730957e+00 1.641633152961730957e+00 1.641633152961730957e+00 1.641633152961730957e+00 1.641633152961730957e+00
1.327020287513732910e+00 1.327020287513732910e+00 1.327020287513732910e+00 1.327020287513732910e+00 1.327020287513732910e+00 1.327020287513732910e+00
1.020017743110656738e+00 1.020017743110656738e+00 1.020017743110656738e+00 1.020017743110656738e+00 1.020017743110656738e+00 1.020017743110656738e+00
7.341329455375671387e-01 7.341329455375671387e-01 7.341329455375671387e-01 7.341329455375671387e-01 7.341329455375671387e-01 7.341329455375671387e-01
4.819435477256774902e-01 4.819435477256774902e-01 4.819435477256774902e-01 4.819435477256774902e-01 4.819435477256774902e-01 4.819435477256774902e-01
2.745451629161834717e-01 2.745451629161834717e-01 2.745451629161834717e-01 2.745451629161834717e-01 2.745451629161834717e-01 2.745451629161834717e-01
1.210625469684600830e-01 1.210625469684600830e-01 1.210625469684600830e-01 1.210625469684600830e-01 1.210625469684600830e-01 1.210625469684600830e-01
2.824842371046543121e-02 2.824842371046543121e-02 2.824842371046543121e-02 2.824842371046543121e-02 2.824842371046543121e-02 2.824842371046543121e-02
1.862911158241331577e-04 1.862911158241331577e-04 1.862911158241331577e-04 1.862911158241331577e-04 1.862911158241331577e-04 1.862911158241331577e-04
3.811078518629074097e-02 3.811078518629074097e-02 3.811078518629074097e-02 3.811078518629074097e-02 3.811078518629074097e-02 3.811078518629074097e-02
1.403533518314361572e-01 1.403533518314361572e-01 1.403533518314361572e-01 1.403533518314361572e-01 1.403533518314361572e-01 1.403533518314361572e-01
3.024156987667083740e-01 3.024156987667083740e-01 3.024156987667083740e-01 3.024156987667083740e-01 3.024156987667083740e-01 3.024156987667083740e-01
5.171676278114318848e-01 5.171676278114318848e-01 5.171676278114318848e-01 5.171676278114318848e-01 5.171676278114318848e-01 5.171676278114318848e-01
7.751607298851013184e-01 7.751607298851013184e-01 7.751607298851013184e-01 7.751607298851013184e-01 7.751607298851013184e-01 7.751607298851013184e-01
1.065044283866882324e+00 1.065044283866882324e+00 1.065044283866882324e+00 1.065044283866882324e+00 1.065044283866882324e+00 1.065044283866882324e+00
1.374064445495605469e+00 1.374064445495605469e+00 1.374064445495605469e+00 1.374064445495605469e+00 1.374064445495605469e+00 1.374064445495605469e+00
1.688625335693359375e+00 1.688625335693359375e+00 1.688625335693359375e+00 1.688625335693359375e+00 1.688625335693359375e+00 1.688625335693359375e+00
1.994887232780456543e+00 1.994887232780456543e+00 1.994887232780456543e+00 1.994887232780456543e+00 1.994887232780456543e+00 1.994887232780456543e+00
2.279376029968261719e+00 2.279376029968261719e+00 2.279376029968261719e+00 2.279376029968261719e+00 2.279376029968261719e+00 2.279376029968261719e+00
2.529574632644653320e+00 2.529574632644653320e+00 2.529574632644653320e+00 2.529574632644653320e+00 2.529574632644653320e+00 2.529574632644653320e+00
2.734475851058959961e+00 2.734475851058959961e+00 2.734475851058959961e+00 2.734475851058959961e+00 2.734475851058959961e+00 2.734475851058959961e+00
2.885064125061035156e+00 2.885064125061035156e+00 2.885064125061035156e+00 2.885064125061035156e+00 2.885064125061035156e+00 2.885064125061035156e+00
2.974714517593383789e+00 2.974714517593383789e+00 2.974714517593383789e+00 2.974714517593383789e+00 2.974714517593383789e+00 2.974714517593383789e+00
2.999482631683349609e+00 2.999482631683349609e+00 2.999482631683349609e+00 2.999482631683349609e+00 2.999482631683349609e+00 2.999482631683349609e+00
2.958278417587280273e+00 2.958278417587280273e+00 2.958278417587280273e+00 2.958278417587280273e+00 2.958278417587280273e+00 2.958278417587280273e+00
2.852915287017822266e+00 2.852915287017822266e+00 2.852915287017822266e+00 2.852915287017822266e+00 2.852915287017822266e+00 2.852915287017822266e+00
2.688028335571289062e+00 2.688028335571289062e+00 2.688028335571289062e+00 2.688028335571289062e+00 2.688028335571289062e+00 2.688028335571289062e+00
2.470872402191162109e+00 2.470872402191162109e+00 2.470872402191162109e+00 2.470872402191162109e+00 2.470872402191162109e+00 2.470872402191162109e+00
2.211001157760620117e+00 2.211001157760620117e+00 2.211001157760620117e+00 2.211001157760620117e+00 2.211001157760620117e+00 2.211001157760620117e+00
1.919848561286926270e+00 1.919848561286926270e+00 1.919848561286926270e+00 1.919848561286926270e+00 1.919848561286926270e+00 1.919848561286926270e+00
1.610224008560180664e+00 1.610224008560180664e+00 1.610224008560180664e+00 1.610224008560180664e+00 1.610224008560180664e+00 1.610224008560180664e+00
1.295750021934509277e+00 1.295750021934509277e+00 1.295750021934509277e+00 1.295750021934509277e+00 1.295750021934509277e+00 1.295750021934509277e+00
9.902622699737548828e-01 9.902622699737548828e-01 9.902622699737548828e-01 9.902622699737548828e-01 9.902622699737548828e-01 9.902622699737548828e-01
7.072012424468994141e-01 7.072012424468994141e-01 7.072012424468994141e-01 7.072012424468994141e-01 7.072012424468994141e-01 7.072012424468994141e-01
4.590206444263458252e-01 4.590206444263458252e-01 4.590206444263458252e-01 4.590206444263458252e-01 4.590206444263458252e-01 4.590206444263458252e-01
2.566395103931427002e-01 2.566395103931427002e-01 2.566395103931427002e-01 2.566395103931427002e-01 2.566395103931427002e-01 2.566395103931427002e-01
1.089619696140289307e-01 1.089619696140289307e-01 1.089619696140289307e-01 1.089619696140289307e-01 1.089619696140289307e-01 1.089619696140289307e-01
2.248528972268104553e-02 2.248528972268104553e-02 2.248528972268104553e-02 2.248528972268104553e-02 2.248528972268104553e-02 2.248528972268104553e-02
1.014158362522721291e-03 1.014158362522721291e-03 1.014158362522721291e-03 1.014158362522721291e-03 1.014158362522721291e-03 1.014158362522721291e-03
4.549323022365570068e-02 4.549323022365570068e-02 4.549323022365570068e-02 4.549323022365570068e-02 4.549323022365570068e-02 4.549323022365570068e-02
1.539655774831771851e-01 1.539655774831771851e-01 1.539655774831771851e-01 1.539655774831771851e-01 1.539655774831771851e-01 1.539655774831771851e-01
3.216587901115417480e-01 3.216587901115417480e-01 3.216587901115417480e-01 3.216587901115417480e-01 3.216587901115417480e-01 3.216587901115417480e-01
5.411949753761291504e-01 5.411949753761291504e-01 5.411949753761291504e-01 5.411949753761291504e-01 5.411949753761291504e-01 5.411949753761291504e-01
8.029152154922485352e-01 8.029152154922485352e-01 8.029152154922485352e-01 8.029152154922485352e-01 8.029152154922485352e-01 8.029152154922485352e-01
1.095304846763610840e+00 1.095304846763610840e+00 1.095304846763610840e+00 1.095304846763610840e+00 1.095304846763610840e+00 1.095304846763610840e+00
1.405499577522277832e+00 1.405499577522277832e+00 1.405499577522277832e+00 1.405499577522277832e+00 1.405499577522277832e+00 1.405499577522277832e+00
1.719852089881896973e+00 1.719852089881896973e+00 1.719852089881896973e+00 1.719852089881896973e+00 1.719852089881896973e+00 1.719852089881896973e+00
2.024531841278076172e+00 2.024531841278076172e+00 2.024531841278076172e+00 2.024531841278076172e+00 2.024531841278076172e+00 2.024531841278076172e+00
2.306133985519409180e+00 2.306133985519409180e+00 2.306133985519409180e+00 2.306133985519409180e+00 2.306133985519409180e+00 2.306133985519409180e+00
2.552268981933593750e+00 2.552268981933593750e+00 2.552268981933593750e+00 2.552268981933593750e+00 2.552268981933593750e+00 2.552268981933593750e+00
2.752107858657836914e+00 2.752107858657836914e+00 2.752107858657836914e+00 2.752107858657836914e+00 2.752107858657836914e+00 2.752107858657836914e+00
2.896858215332031250e+00 2.896858215332031250e+00 2.896858215332031250e+00 2.896858215332031250e+00 2.896858215332031250e+00 2.896858215332031250e+00
2.980151653289794922e+00 2.980151653289794922e+00 2.980151653289794922e+00 2.980151653289794922e+00 2.980151653289794922e+00 2.980151653289794922e+00
2.998323678970336914e+00 2.998323678970336914e+00 2.998323678970336914e+00 2.998323678970336914e+00 2.998323678970336914e+00 2.998323678970336914e+00
2.950574398040771484e+00 2.950574398040771484e+00 2.950574398040771484e+00 2.950574398040771484e+00 2.950574398040771484e+00 2.950574398040771484e+00
2.839004993438720703e+00 2.839004993438720703e+00 2.839004993438720703e+00 2.839004993438720703e+00 2.839004993438720703e+00 2.839004993438720703e+00
2.668524026870727539e+00 2.668524026870727539e+00 2.668524026870727539e+00 2.668524026870727539e+00 2.668524026870727539e+00 2.668524026870727539e+00
2.446631908416748047e+00 2.446631908416748047e+00 2.446631908416748047e+00 2.446631908416748047e+00 2.446631908416748047e+00 2.446631908416748047e+00
2.183091402053833008e+00 2.183091402053833008e+00 2.183091402053833008e+00 2.183091402053833008e+00 2.183091402053833008e+00 2.183091402053833008e+00
1.889497041702270508e+00 1.889497041702270508e+00 1.889497041702270508e+00 1.889497041702270508e+00 1.889497041702270508e+00 1.889497041702270508e+00
1.578766226768493652e+00 1.578766226768493652e+00 1.578766226768493652e+00 1.578766226768493652e+00 1.578766226768493652e+00 1.578766226768493652e+00
1.264569997787475586e+00 1.264569997787475586e+00 1.264569997787475586e+00 1.264569997787475586e+00 1.264569997787475586e+00 1.264569997787475586e+00
9.607318639755249023e-01 9.607318639755249023e-01 9.607318639755249023e-01 9.607318639755249023e-01 9.607318639755249023e-01 9.607318639755249023e-01
6.806197166442871094e-01 6.806197166442871094e-01 6.806197166442871094e-01 6.806197166442871094e-01 6.806197166442871094e-01 6.806197166442871094e-01
4.365574121475219727e-01 4.365574121475219727e-01 4.365574121475219727e-01 4.365574121475219727e-01 4.365574121475219727e-01 4.365574121475219727e-01
2.392829209566116333e-01 2.392829209566116333e-01 2.392829209566116333e-01 2.392829209566116333e-01 2.392829209566116333e-01 2.392829209566116333e-01
9.747563302516937256e-02 9.747563302516937256e-02 9.747563302516937256e-02 9.747563302516937256e-02 9.747563302516937256e-02 9.747563302516937256e-02
1.737458445131778717e-02 1.737458445131778717e-02 1.737458445131778717e-02 1.737458445131778717e-02 1.737458445131778717e-02 1.737458445131778717e-02
2.503935480490326881e-03 2.503935480490326881e-03 2.503935480490326881e-03 2.503935480490326881e-03 2.503935480490326881e-03 2.503935480490326881e-03
5.351794511079788208e-02 5.351794511079788208e-02 5.351794511079788208e-02 5.351794511079788208e-02 5.351794511079788208e-02 5.351794511079788208e-02
1.681721657514572144e-01 1.681721657514572144e-01 1.681721657514572144e-01 1.681721657514572144e-01 1.681721657514572144e-01 1.681721657514572144e-01
3.414222300052642822e-01 3.414222300052642822e-01 3.414222300052642822e-01 3.414222300052642822e-01 3.414222300052642822e-01 3.414222300052642822e-01
5.656456947326660156e-01 5.656456947326660156e-01 5.656456947326660156e-01 5.656456947326660156e-01 5.656456947326660156e-01 5.656456947326660156e-01
8.309775590896606445e-01 8.309775590896606445e-01 8.309775590896606445e-01 8.309775590896606445e-01 8.309775590896606445e-01 8.309775590896606445e-01
1.125744104385375977e+00 1.125744104385375977e+00 1.125744104385375977e+00 1.125744104385375977e+00 1.125744104385375977e+00 1.125744104385375977e+00
1.436976552009582520e+00 1.436976552009582520e+00 1.436976552009582520e+00 1.436976552009582520e+00 1.436976552009582520e+00 1.436976552009582520e+00
1.750981926918029785e+00 1.750981926918029785e+00 1.750981926918029785e+00 1.750981926918029785e+00 1.750981926918029785e+00 1.750981926918029785e+00
2.053944826126098633e+00 2.053944826126098633e+00 2.053944826126098633e+00 2.053944826126098633e+00 2.053944826126098633e+00 2.053944826126098633e+00
2.332536220550537109e+00 2.332536220550537109e+00 2.332536220550537109e+00 2.332536220550537109e+00 2.332536220550537109e+00 2.332536220550537109e+00
2.574498653411865234e+00 2.574498653411865234e+00 2.574498653411865234e+00 2.574498653411865234e+00 2.574498653411865234e+00 2.574498653411865234e+00
2.769186973571777344e+00 2.769186973571777344e+00 2.769186973571777344e+00 2.769186973571777344e+00 2.769186973571777344e+00 2.769186973571777344e+00
2.908035516738891602e+00 2.908035516738891602e+00 2.908035516738891602e+00 2.908035516738891602e+00 2.908035516738891602e+00 2.908035516738891602e+00
2.984935283660888672e+00 2.984935283660888672e+00 2.984935283660888672e+00 2.984935283660888672e+00 2.984935283660888672e+00 2.984935283660888672e+00
2.996503114700317383e+00 2.996503114700317383e+00 2.996503114700317383e+00 2.996503114700317383e+00 2.996503114700317383e+00 2.996503114700317383e+00
2.942229986190795898e+00 2.942229986190795898e+00 2.942229986190795898e+00 2.942229986190795898e+00 2.942229986190795898e+00 2.942229986190795898e+00
2.824503660202026367e+00 2.824503660202026367e+00 2.824503660202026367e+00 2.824503660202026367e+00 2.824503660202026367e+00 2.824503660202026367e+00
2.648503541946411133e+00 2.648503541946411133e+00 2.648503541946411133e+00 2.648503541946411133e+00 2.648503541946411133e+00 2.648503541946411133e+00
2.421973466873168945e+00 2.421973466873168945e+00 2.421973466873168945e+00 2.421973466873168945e+00 2.421973466873168945e+00 2.421973466873168945e+00
2.154879808425903320e+00 2.154879808425903320e+00 2.154879808425903320e+00 2.154879808425903320e+00 2.154879808425903320e+00 2.154879808425903320e+00
1.858973503112792969e+00 1.858973503112792969e+00 1.858973503112792969e+00 1.858973503112792969e+00 1.858973503112792969e+00 1.858973503112792969e+00
1.547273635864257812e+00 1.547273635864257812e+00 1.547273635864257812e+00 1.547273635864257812e+00 1.547273635864257812e+00 1.547273635864257812e+00
1.233493924140930176e+00 1.233493924140930176e+00 1.233493924140930176e+00 1.233493924140930176e+00 1.233493924140930176e+00 1.233493924140930176e+00
9.314395785331726074e-01 9.314395785331726074e-01 9.314395785331726074e-01 9.314395785331726074e-01 9.314395785331726074e-01 9.314395785331726074e-01
6.543999314308166504e-01 6.543999314308166504e-01 6.543999314308166504e-01 6.543999314308166504e-01 6.543999314308166504e-01 6.543999314308166504e-01
4.145637452602386475e-01 4.145637452602386475e-01 4.145637452602386475e-01 4.145637452602386475e-01 4.145637452602386475e-01 4.145637452602386475e-01
2.224830090999603271e-01 2.224830090999603271e-01 2.224830090999603271e-01 2.224830090999603271e-01 2.224830090999603271e-01 2.224830090999603271e-01
8.660861849784851074e-02 8.660861849784851074e-02 8.660861849784851074e-02 8.660861849784851074e-02 8.660861849784851074e-02 8.660861849784851074e-02
1.291856542229652405e-02 1.291856542229652405e-02 1.291856542229652405e-02 1.291856542229652405e-02 1.291856542229652405e-02 1.291856542229652405e-02
4.654964897781610489e-03 4.654964897781610489e-03 4.654964897781610489e-03 4.654964897781610489e-03 4.654964897781610489e-03 4.654964897781610489e-03
6.218138337135314941e-02 6.218138337135314941e-02 6.218138337135314941e-02 6.218138337135314941e-02 6.218138337135314941e-02 6.218138337135314941e-02
1.829668581485748291e-01 1.829668581485748291e-01 1.829668581485748291e-01 1.829668581485748291e-01 1.829668581485748291e-01 1.829668581485748291e-01
3.616972565650939941e-01 3.616972565650939941e-01 3.616972565650939941e-01 3.616972565650939941e-01 3.616972565650939941e-01 3.616972565650939941e-01
5.905090570449829102e-01 5.905090570449829102e-01 5.905090570449829102e-01 5.905090570449829102e-01 5.905090570449829102e-01 5.905090570449829102e-01
8.593353033065795898e-01 8.593353033065795898e-01 8.593353033065795898e-01 8.593353033065795898e-01 8.593353033065795898e-01 8.593353033065795898e-01
1.156348586082458496e+00 1.156348586082458496e+00 1.156348586082458496e+00 1.156348586082458496e+00 1.156348586082458496e+00 1.156348586082458496e+00
1.468481302261352539e+00 1.468481302261352539e+00 1.468481302261352539e+00 1.468481302261352539e+00 1.468481302261352539e+00 1.468481302261352539e+00
1.782000780105590820e+00 1.782000780105590820e+00 1.782000780105590820e+00 1.782000780105590820e+00 1.782000780105590820e+00 1.782000780105590820e+00
2.083113193511962891e+00 2.083113193511962891e+00 2.083113193511962891e+00 2.083113193511962891e+00 2.083113193511962891e+00 2.083113193511962891e+00
2.358570575714111328e+00 2.358570575714111328e+00 2.358570575714111328e+00 2.358570575714111328e+00 2.358570575714111328e+00 2.358570575714111328e+00
2.596253871917724609e+00 2.596253871917724609e+00 2.596253871917724609e+00 2.596253871917724609e+00 2.596253871917724609e+00 2.596253871917724609e+00
2.785705804824829102e+00 2.785705804824829102e+00 2.785705804824829102e+00 2.785705804824829102e+00 2.785705804824829102e+00 2.785705804824829102e+00
2.918591022491455078e+00 2.918591022491455078e+00 2.918591022491455078e+00 2.918591022491455078e+00 2.918591022491455078e+00 2.918591022491455078e+00
2.989063262939453125e+00 2.989063262939453125e+00 2.989063262939453125e+00 2.989063262939453125e+00 2.989063262939453125e+00 2.989063262939453125e+00
2.994021892547607422e+00 2.994021892547607422e+00 2.994021892547607422e+00 2.994021892547607422e+00 2.994021892547607422e+00 2.994021892547607422e+00
2.933248519897460938e+00 2.933248519897460938e+00 2.933248519897460938e+00 2.933248519897460938e+00 2.933248519897460938e+00 2.933248519897460938e+00
2.809417247772216797e+00 2.809417247772216797e+00 2.809417247772216797e+00 2.809417247772216797e+00 2.809417247772216797e+00 2.809417247772216797e+00
2.627976179122924805e+00 2.627976179122924805e+00 2.627976179122924805e+00 2.627976179122924805e+00 2.627976179122924805e+00 2.627976179122924805e+00
2.396908044815063477e+00 2.396908044815063477e+00 2.396908044815063477e+00 2.396908044815063477e+00 2.396908044815063477e+00 2.396908044815063477e+00
2.126379013061523438e+00 2.126379013061523438e+00 2.126379013061523438e+00 2.126379013061523438e+00 2.126379013061523438e+00 2.126379013061523438e+00
1.828291416168212891e+00 1.828291416168212891e+00 1.828291416168212891e+00 1.828291416168212891e+00 1.828291416168212891e+00 1.828291416168212891e+00
1.515760183334350586e+00 1.515760183334350586e+00 1.515760183334350586e+00 1.515760183334350586e+00 1.515760183334350586e+00 1.515760183334350586e+00
1.202535629272460938e+00 1.202535629272460938e+00 1.202535629272460938e+00 1.202535629272460938e+00 1.202535629272460938e+00 1.202535629272460938e+00
9.023983478546142578e-01 9.023983478546142578e-01 9.023983478546142578e-01 9.023983478546142578e-01 9.023983478546142578e-01 9.023983478546142578e-01
6.285535693168640137e-01 6.285535693168640137e-01 6.285535693168640137e-01 6.285535693168640137e-01 6.285535693168640137e-01 6.285535693168640137e-01
3.930493891239166260e-01 3.930493891239166260e-01 3.930493891239166260e-01 3.930493891239166260e-01 3.930493891239166260e-01 3.930493891239166260e-01
2.062472254037857056e-01 2.062472254037857056e-01 2.062472254037857056e-01 2.062472254037857056e-01 2.062472254037857056e-01 2.062472254037857056e-01
7.636570930480957031e-02 7.636570930480957031e-02 7.636570930480957031e-02 7.636570930480957031e-02 7.636570930480957031e-02 7.636570930480957031e-02
9.119198657572269440e-03 9.119198657572269440e-03 9.119198657572269440e-03 9.119198657572269440e-03 9.119198657572269440e-03 9.119198657572269440e-03
7.466296199709177017e-03 7.466296199709177017e-03 7.466296199709177017e-03 7.466296199709177017e-03 7.466296199709177017e-03 7.466296199709177017e-03
7.147972285747528076e-02 7.147972285747528076e-02 7.147972285747528076e-02 7.147972285747528076e-02 7.147972285747528076e-02 7.147972285747528076e-02
1.983431130647659302e-01 1.983431130647659302e-01 1.983431130647659302e-01 1.983431130647659302e-01 1.983431130647659302e-01 1.983431130647659302e-01
3.824749290943145752e-01 3.824749290943145752e-01 3.824749290943145752e-01 3.824749290943145752e-01 3.824749290943145752e-01 3.824749290943145752e-01
6.157739758491516113e-01 6.157739758491516113e-01 6.157739758491516113e-01 6.157739758491516113e-01 6.157739758491516113e-01 6.157739758491516113e-01
8.879759311676025391e-01 8.879759311676025391e-01 8.879759311676025391e-01 8.879759311676025391e-01 8.879759311676025391e-01 8.879759311676025391e-01
1.187104821205139160e+00 1.187104821205139160e+00 1.187104821205139160e+00 1.187104821205139160e+00 1.187104821205139160e+00 1.187104821205139160e+00
1.500000000000000000e+00 1.500000000000000000e+00 1.500000000000000000e+00 1.500000000000000000e+00 1.500000000000000000e+00 1.500000000000000000e+00
