0.000000000000000000e+00 0.000000000000000000e+00 0.000000000000000000e+00 0.000000000000000000e+00 0.000000000000000000e+00 0.000000000000000000e+00
0.000000000000000000e+00 0.000000000000000000e+00 0.000000000000000000e+00 0.000000000000000000e+00 0.000000000000000000e+00 0.000000000000000000e+00
0.000000000000000000e+00 0.000000000000000000e+00 0.000000000000000000e+00 0.000000000000000000e+00 0.000000000000000000e+00 0.000000000000000000e+00
0.000000000000000000e+00 0.000000000000000000e+00 0.000000000000000000e+00 0.000000000000000000e+00 0.000000000000000000e+00 0.000000000000000000e+00
0.000000000000000000e+00 0.000000000000000000e+00 0.000000000000000000e+00 0.000000000000000000e+00 0.000000000000000000e+00 0.000000000000000000e+00
0.000000000000000000e+00 0.000000000000000000e+00 0.000000000000000000e+00 0.000000000000000000e+00 0.000000000000000000e+00 0.000000000000000000e+00
0.000000000000000000e+00 0.000000000000000000e+00 0.000000000000000000e+00 0.000000000000000000e+00 0.000000000000000000e+00 0.000000000000000000e+00
0.000000000000000000e+00 0.000000000000000000e+00 0.000000000000000000e+00 0.000000000000000000e+00 0.000000000000000000e+00 0.000000000000000000e+00
0.000000000000000000e+00 0.000000000000000000e+00 0.000000000000000000e+00 0.000000000000000000e+00 0.000000000000000000e+00 0.000000000000000000e+00
0.000000000000000000e+00 0.000000000000000000e+00 0.000000000000000000e+00 0.000000000000000000e+00 0.000000000000000000e+00 0.000000000000000000e+00
0.000000000000000000e+00 0.000000000000000000e+00 0.000000000000000000e+00 0.000000000000000000e+00 0.000000000000000000e+00 0.000000000000000000e+00
0.000000000000000000e+00 0.000000000000000000e+00 0.000000000000000000e+00 0.000000000000000000e+00 0.000000000000000000e+00 0.000000000000000000e+00
0.000000000000000000e+00 0.000000000000000000e+00 0.000000000000000000e+00 0.000000000000000000e+00 0.000000000000000000e+00 0.000000000000000000e+00
0.000000000000000000e+00 0.000000000000000000e+00 0.000000000000000000e+00 0.000000000000000000e+00 0.000000000000000000e+00 0.000000000000000000e+00
0.000000000000000000e+00 0.000000000000000000e+00 0.000000000000000000e+00 0.000000000000000000e+00 0.000000000000000000e+00 0.000000000000000000e+00
0.000000000000000000e+00 0.000000000000000000e+00 0.000000000000000000e+00 0.000000000000000000e+00 0.000000000000000000e+00 0.000000000000000000e+00
0.000000000000000000e+00 0.000000000000000000e+00 0.000000000000000000e+00 0.000000000000000000e+00 0.000000000000000000e+00 0.000000000000000000e+00
0.000000000000000000e+00 0.000000000000000000e+00 0.000000000000000000e+00 0.000000000000000000e+00 0.000000000000000000e+00 0.000000000000000000e+00
0.000000000000000000e+00 0.000000000000000000e+00 0.000000000000000000e+00 0.000000000000000000e+00 0.000000000000000000e+00 0.000000000000000000e+00
0.000000000000000000e+00 0.000000000000000000e+00 0.000000000000000000e+00 0.000000000000000000e+00 0.000000000000000000e+00 0.000000000000000000e+00
0.000000000000000000e+00 0.000000000000000000e+00 0.000000000000000000e+00 0.000000000000000000e+00 0.000000000000000000e+00 0.000000000000000000e+00
0.000000000000000000e+00 0.000000000000000000e+00 0.000000000000000000e+00 0.000000000000000000e+00 0.000000000000000000e+00 0.000000000000000000e+00
0.000000000000000000e+00 0.000000000000000000e+00 0.000000000000000000e+00 0.000000000000000000e+00 0.000000000000000000e+00 0.000000000000000000e+00
0.000000000000000000e+00 0.000000000000000000e+00 0.000000000000000000e+00 0.000000000000000000e+00 0.000000000000000000e+00 0.000000000000000000e+00
0.000000000000000000e+00 0.000000000000000000e+00 0.000000000000000000e+00 0.000000000000000000e+00 0.000000000000000000e+00 0.000000000000000000e+00
0.000000000000000000e+00 0.000000000000000000e+00 0.000000000000000000e+00 0.000000000000000000e+00 0.000000000000000000e+00 0.000000000000000000e+00
0.000000000000000000e+00 0.000000000000000000e+00 0.000000000000000000e+00 0.000000000000000000e+00 0.000000000000000000e+00 0.000000000000000000e+00
0.000000000000000000e+00 0.000000000000000000e+00 0.000000000000000000e+00 0.000000000000000000e+00 0.000000000000000000e+00 0.000000000000000000e+00
0.000000000000000000e+00 0.000000000000000000e+00 0.000000000000000000e+00 0.000000000000000000e+00 0.000000000000000000e+00 0.000000000000000000e+00
0.000000000000000000e+00 0.000000000000000000e+00 0.000000000000000000e+00 0.000000000000000000e+00 0.000000000000000000e+00 0.000000000000000000e+00
0.000000000000000000e+00 0.000000000000000000e+00 0.000000000000000000e+00 0.000000000000000000e+00 0.000000000000000000e+00 0.000000000000000000e+00
0.000000000000000000e+00 0.000000000000000000e+00 0.000000000000000000e+00 0.000000000000000000e+00 0.000000000000000000e+00 0.000000000000000000e+00
0.000000000000000000e+00 0.000000000000000000e+00 0.000000000000000000e+00 0.000000000000000000e+00 0.000000000000000000e+00 0.000000000000000000e+00
0.000000000000000000e+00 0.000000000000000000e+00 0.000000000000000000e+00 0.000000000000000000e+00 0.000000000000000000e+00 0.000000000000000000e+00
0.000000000000000000e+00 0.000000000000000000e+00 0.000000000000000000e+00 0.000000000000000000e+00 0.000000000000000000e+00 0.000000000000000000e+00
0.000000000000000000e+00 0.000000000000000000e+00 0.000000000000000000e+00 0.000000000000000000e+00 0.000000000000000000e+00 0.000000000000000000e+00
0.000000000000000000e+00 0.000000000000000000e+00 0.000000000000000000e+00 0.000000000000000000e+00 0.000000000000000000e+00 0.000000000000000000e+00
0.000000000000000000e+00 0.000000000000000000e+00 0.000000000000000000e+00 0.000000000000000000e+00 0.000000000000000000e+00 0.000000000000000000e+00
0.000000000000000000e+00 0.000000000000000000e+00 0.000000000000000000e+00 0.000000000000000000e+00 0.000000000000000000e+00 0.000000000000000000e+00
0.000000000000000000e+00 0.000000000000000000e+00 0.000000000000000000e+00 0.000000000000000000e+00 0.000000000000000000e+00 0.000000000000000000e+00
0.000000000000000000e+00 0.000000000000000000e+00 0.000000000000000000e+00 0.000000000000000000e+00 0.000000000000000000e+00 0.000000000000000000e+00
0.000000000000000000e+00 0.000000000000000000e+00 0.000000000000000000e+00 0.000000000000000000e+00 0.000000000000000000e+00 0.000000000000000000e+00
0.000000000000000000e+00 0.000000000000000000e+00 0.000000000000000000e+00 0.000000000000000000e+00 0.000000000000000000e+00 0.000000000000000000e+00
0.000000000000000000e+00 0.000000000000000000e+00 0.000000000000000000e+00 0.000000000000000000e+00 0.000000000000000000e+00 0.000000000000000000e+00
0.000000000000000000e+00 0.000000000000000000e+00 0.000000000000000000e+00 0.000000000000000000e+00 0.000000000000000000e+00 0.000000000000000000e+00
0.000000000000000000e+00 0.000000000000000000e+00 0.000000000000000000e+00 0.000000000000000000e+00 0.000000000000000000e+00 0.000000000000000000e+00
0.000000000000000000e+00 0.000000000000000000e+00 0.000000000000000000e+00 0.000000000000000000e+00 0.000000000000000000e+00 0.000000000000000000e+00
0.000000000000000000e+00 0.000000000000000000e+00 0.000000000000000000e+00 0.000000000000000000e+00 0.000000000000000000e+00 0.000000000000000000e+00
0.000000000000000000e+00 0.000000000000000000e+00 0.000000000000000000e+00 0.000000000000000000e+00 0.000000000000000000e+00 0.000000000000000000e+00
0.000000000000000000e+00 0.000000000000000000e+00 0.000000000000000000e+00 0.000000000000000000e+00 0.000000000000000000e+00 0.000000000000000000e+00
0.000000000000000000e+00 0.000000000000000000e+00 0.000000000000000000e+00 0.000000000000000000e+00 0.000000000000000000e+00 0.000000000000000000e+00
0.000000000000000000e+00 0.000000000000000000e+00 0.000000000000000000e+00 0.000000000000000000e+00 0.000000000000000000e+00 0.000000000000000000e+00
0.000000000000000000e+00 0.000000000000000000e+00 0.000000000000000000e+00 0.000000000000000000e+00 0.000000000000000000e+00 0.000000000000000000e+00
0.000000000000000000e+00 0.000000000000000000e+00 0.000000000000000000e+00 0.000000000000000000e+00 0.000000000000000000e+00 0.000000000000000000e+00
0.000000000000000000e+00 0.000000000000000000e+00 0.000000000000000000e+00 0.000000000000000000e+00 0.000000000000000000e+00 0.000000000000000000e+00
0.000000000000000000e+00 0.000000000000000000e+00 0.000000000000000000e+00 0.000000000000000000e+00 0.000000000000000000e+00 0.000000000000000000e+00
0.000000000000000000e+00 0.000000000000000000e+00 0.000000000000000000e+00 0.000000000000000000e+00 0.000000000000000000e+00 0.000000000000000000e+00
0.000000000000000000e+00 0.000000000000000000e+00 0.000000000000000000e+00 0.000000000000000000e+00 0.000000000000000000e+00 0.000000000000000000e+00
0.000000000000000000e+00 0.000000000000000000e+00 0.000000000000000000e+00 0.000000000000000000e+00 0.000000000000000000e+00 0.000000000000000000e+00
0.000000000000000000e+00 0.000000000000000000e+00 0.000000000000000000e+00 0.000000000000000000e+00 0.000000000000000000e+00 0.000000000000000000e+00
0.000000000000000000e+00 0.000000000000000000e+00 0.000000000000000000e+00 0.000000000000000000e+00 0.000000000000000000e+00 0.000000000000000000e+00
0.000000000000000000e+00 0.000000000000000000e+00 0.000000000000000000e+00 0.000000000000000000e+00 0.000000000000000000e+00 0.000000000000000000e+00
0.000000000000000000e+00 0.000000000000000000e+00 0.000000000000000000e+00 0.000000000000000000e+00 0.000000000000000000e+00 0.000000000000000000e+00
0.000000000000000000e+00 0.000000000000000000e+00 0.000000000000000000e+00 0.000000000000000000e+00 0.000000000000000000e+00 0.000000000000000000e+00
0.000000000000000000e+00 0.000000000000000000e+00 0.000000000000000000e+00 0.000000000000000000e+00 0.000000000000000000e+00 0.000000000000000000e+00
0.000000000000000000e+00 0.000000000000000000e+00 0.000000000000000000e+00 0.000000000000000000e+00 0.000000000000000000e+00 0.000000000000000000e+00
0.000000000000000000e+00 0.000000000000000000e+00 0.000000000000000000e+00 0.000000000000000000e+00 0.000000000000000000e+00 0.000000000000000000e+00
0.000000000000000000e+00 0.000000000000000000e+00 0.000000000000000000e+00 0.000000000000000000e+00 0.000000000000000000e+00 0.000000000000000000e+00
0.000000000000000000e+00 0.000000000000000000e+00 0.000000000000000000e+00 0.000000000000000000e+00 0.000000000000000000e+00 0.000000000000000000e+00
0.000000000000000000e+00 0.000000000000000000e+00 0.000000000000000000e+00 0.000000000000000000e+00 0.000000000000000000e+00 0.000000000000000000e+00
0.000000000000000000e+00 0.000000000000000000e+00 0.000000000000000000e+00 0.000000000000000000e+00 0.000000000000000000e+00 0.000000000000000000e+00
0.000000000000000000e+00 0.000000000000000000e+00 0.000000000000000000e+00 0.000000000000000000e+00 0.000000000000000000e+00 0.000000000000000000e+00
0.000000000000000000e+00 0.000000000000000000e+00 0.000000000000000000e+00 0.000000000000000000e+00 0.000000000000000000e+00 0.000000000000000000e+00
0.000000000000000000e+00 0.000000000000000000e+00 0.000000000000000000e+00 0.000000000000000000e+00 0.000000000000000000e+00 0.000000000000000000e+00
0.000000000000000000e+00 0.000000000000000000e+00 0.000000000000000000e+00 0.000000000000000000e+00 0.000000000000000000e+00 0.000000000000000000e+00
0.000000000000000000e+00 0.000000000000000000e+00 0.000000000000000000e+00 0.000000000000000000e+00 0.000000000000000000e+00 0.000000000000000000e+00
0.000000000000000000e+00 0.000000000000000000e+00 0.000000000000000000e+00 0.000000000000000000e+00 0.000000000000000000e+00 0.000000000000000000e+00
0.000000000000000000e+00 0.000000000000000000e+00 0.000000000000000000e+00 0.000000000000000000e+00 0.000000000000000000e+00 0.000000000000000000e+00
0.000000000000000000e+00 0.000000000000000000e+00 0.000000000000000000e+00 0.000000000000000000e+00 0.000000000000000000e+00 0.000000000000000000e+00
0.000000000000000000e+00 0.000000000000000000e+00 0.000000000000000000e+00 0.000000000000000000e+00 0.000000000000000000e+00 0.000000000000000000e+00
0.000000000000000000e+00 0.000000000000000000e+00 0.000000000000000000e+00 0.000000000000000000e+00 0.000000000000000000e+00 0.000000000000000000e+00
0.000000000000000000e+00 0.000000000000000000e+00 0.000000000000000000e+00 0.000000000000000000e+00 0.000000000000000000e+00 0.000000000000000000e+00
0.000000000000000000e+00 0.000000000000000000e+00 0.000000000000000000e+00 0.000000000000000000e+00 0.000000000000000000e+00 0.000000000000000000e+00
0.000000000000000000e+00 0.000000000000000000e+00 0.000000000000000000e+00 0.000000000000000000e+00 0.000000000000000000e+00 0.000000000000000000e+00
0.000000000000000000e+00 0.000000000000000000e+00 0.000000000000000000e+00 0.000000000000000000e+00 0.000000000000000000e+00 0.000000000000000000e+00
0.000000000000000000e+00 0.000000000000000000e+00 0.000000000000000000e+00 0.000000000000000000e+00 0.000000000000000000e+00 0.000000000000000000e+00
0.000000000000000000e+00 0.000000000000000000e+00 0.000000000000000000e+00 0.000000000000000000e+00 0.000000000000000000e+00 0.000000000000000000e+00
0.000000000000000000e+00 0.000000000000000000e+00 0.000000000000000000e+00 0.000000000000000000e+00 0.000000000000000000e+00 0.000000000000000000e+00
0.000000000000000000e+00 0.000000000000000000e+00 0.000000000000000000e+00 0.000000000000000000e+00 0.000000000000000000e+00 0.000000000000000000e+00
0.000000000000000000e+00 0.000000000000000000e+00 0.000000000000000000e+00 0.000000000000000000e+00 0.000000000000000000e+00 0.000000000000000000e+00
0.000000000000000000e+00 0.000000000000000000e+00 0.000000000000000000e+00 0.000000000000000000e+00 0.000000000000000000e+00 0.000000000000000000e+00
0.000000000000000000e+00 0.000000000000000000e+00 0.000000000000000000e+00 0.000000000000000000e+00 0.000000000000000000e+00 0.000000000000000000e+00
0.000000000000000000e+00 0.000000000000000000e+00 0.000000000000000000e+00 0.000000000000000000e+00 0.000000000000000000e+00 0.000000000000000000e+00
0.000000000000000000e+00 0.000000000000000000e+00 0.000000000000000000e+00 0.000000000000000000e+00 0.000000000000000000e+00 0.000000000000000000e+00
0.000000000000000000e+00 0.000000000000000000e+00 0.000000000000000000e+00 0.000000000000000000e+00 0.000000000000000000e+00 0.000000000000000000e+00
0.000000000000000000e+00 0.000000000000000000e+00 0.000000000000000000e+00 0.000000000000000000e+00 0.000000000000000000e+00 0.000000000000000000e+00
0.000000000000000000e+00 0.000000000000000000e+00 0.000000000000000000e+00 0.000000000000000000e+00 0.000000000000000000e+00 0.000000000000000000e+00
0.000000000000000000e+00 0.000000000000000000e+00 0.000000000000000000e+00 0.000000000000000000e+00 0.000000000000000000e+00 0.000000000000000000e+00
0.000000000000000000e+00 0.000000000000000000e+00 0.000000000000000000e+00 0.000000000000000000e+00 0.000000000000000000e+00 0.000000000000000000e+00
0.000000000000000000e+00 0.000000000000000000e+00 0.000000000000000000e+00 0.000000000000000000e+00 0.000000000000000000e+00 0.000000000000000000e+00
0.000000000000000000e+00 0.000000000000000000e+00 0.000000000000000000e+00 0.000000000000000000e+00 0.000000000000000000e+00 0.000000000000000000e+00
0.000000000000000000e+00 0.000000000000000000e+00 0.000000000000000000e+00 0.000000000000000000e+00 0.000000000000000000e+00 0.000000000000000000e+00
0.000000000000000000e+00 0.000000000000000000e+00 0.000000000000000000e+00 0.000000000000000000e+00 0.000000000000000000e+00 0.000000000000000000e+00
0.000000000000000000e+00 0.000000000000000000e+00 0.000000000000000000e+00 0.000000000000000000e+00 0.000000000000000000e+00 0.000000000000000000e+00
0.000000000000000000e+00 0.000000000000000000e+00 0.000000000000000000e+00 0.000000000000000000e+00 0.000000000000000000e+00 0.000000000000000000e+00
0.000000000000000000e+00 0.000000000000000000e+00 0.000000000000000000e+00 0.000000000000000000e+00 0.000000000000000000e+00 0.000000000000000000e+00
0.000000000000000000e+00 0.000000000000000000e+00 0.000000000000000000e+00 0.000000000000000000e+00 0.000000000000000000e+00 0.000000000000000000e+00
0.000000000000000000e+00 0.000000000000000000e+00 0.000000000000000000e+00 0.000000000000000000e+00 0.000000000000000000e+00 0.000000000000000000e+00
0.000000000000000000e+00 0.000000000000000000e+00 0.000000000000000000e+00 0.000000000000000000e+00 0.000000000000000000e+00 0.000000000000000000e+00
0.000000000000000000e+00 0.000000000000000000e+00 0.000000000000000000e+00 0.000000000000000000e+00 0.000000000000000000e+00 0.000000000000000000e+00
0.000000000000000000e+00 0.000000000000000000e+00 0.000000000000000000e+00 0.000000000000000000e+00 0.000000000000000000e+00 0.000000000000000000e+00
0.000000000000000000e+00 0.000000000000000000e+00 0.000000000000000000e+00 0.000000000000000000e+00 0.000000000000000000e+00 0.000000000000000000e+00
0.000000000000000000e+00 0.000000000000000000e+00 0.000000000000000000e+00 0.000000000000000000e+00 0.000000000000000000e+00 0.000000000000000000e+00
0.000000000000000000e+00 0.000000000000000000e+00 0.000000000000000000e+00 0.000000000000000000e+00 0.000000000000000000e+00 0.000000000000000000e+00
0.000000000000000000e+00 0.000000000000000000e+00 0.000000000000000000e+00 0.000000000000000000e+00 0.000000000000000000e+00 0.000000000000000000e+00
0.000000000000000000e+00 0.000000000000000000e+00 0.000000000000000000e+00 0.000000000000000000e+00 0.000000000000000000e+00 0.000000000000000000e+00
0.000000000000000000e+00 0.000000000000000000e+00 0.000000000000000000e+00 0.000000000000000000e+00 0.000000000000000000e+00 0.000000000000000000e+00
0.000000000000000000e+00 0.000000000000000000e+00 0.000000000000000000e+00 0.000000000000000000e+00 0.000000000000000000e+00 0.000000000000000000e+00
0.000000000000000000e+00 0.000000000000000000e+00 0.000000000000000000e+00 0.000000000000000000e+00 0.000000000000000000e+00 0.000000000000000000e+00
0.000000000000000000e+00 0.000000000000000000e+00 0.000000000000000000e+00 0.000000000000000000e+00 0.000000000000000000e+00 0.000000000000000000e+00
7.500000000000000000e-01 1.000000000000000000e+00 2.500000000000000000e+00 1.000000000000000000e+00 1.600000023841857910e+00 5.000000000000000000e-01
9.540080428123474121e-01 1.104298353195190430e+00 2.552438497543334961e+00 1.073284029960632324e+00 1.755008101463317871e+00 6.042984127998352051e-01
1.122508406639099121e+00 1.204007983207702637e+00 2.604298353195190430e+00 1.144985198974609375e+00 1.894742012023925781e+00 7.040080428123474121e-01
1.226173400878906250e+00 1.294741988182067871e+00 2.655008077621459961e+00 1.213554859161376953e+00 2.005432844161987305e+00 7.947419881820678711e-01
1.246960282325744629e+00 1.372508406639099121e+00 2.704008102416992188e+00 1.277512073516845703e+00 2.076173543930053711e+00 8.725083470344543457e-01
1.181250929832458496e+00 1.433885574340820312e+00 2.750757932662963867e+00 1.335475206375122070e+00 2.099992990493774414e+00 9.338856339454650879e-01
1.040482163429260254e+00 1.476173400878906250e+00 2.794742107391357422e+00 1.386192560195922852e+00 2.074544668197631836e+00 9.761734008789062500e-01
8.491548299789428711e-01 1.497511267662048340e+00 2.835475206375122070e+00 1.428568601608276367e+00 2.002336025238037109e+00 9.975112080574035645e-01
6.405695080757141113e-01 1.496960282325744629e+00 2.872508287429809570e+00 1.461688041687011719e+00 1.890482187271118164e+00 9.969602823257446289e-01
4.510306715965270996e-01 1.474544763565063477e+00 2.905432939529418945e+00 1.484835624694824219e+00 1.750004887580871582e+00 9.745447635650634766e-01
3.135275840759277344e-01 1.431250929832458496e+00 2.933885574340820312e+00 1.497511267662048340e+00 1.594746589660644531e+00 9.312509298324584961e-01
2.519927322864532471e-01 1.368983507156372070e+00 2.957552909851074219e+00 1.499441266059875488e+00 1.440005898475646973e+00 8.689835667610168457e-01
2.771362960338592529e-01 1.290482163429260254e+00 2.976173400878906250e+00 1.490583896636962891e+00 1.301030635833740234e+00 7.904821634292602539e-01
3.845820128917694092e-01 1.199200510978698730e+00 2.989542007446289062e+00 1.471130490303039551e+00 1.191515088081359863e+00 6.992005705833435059e-01
5.556289553642272949e-01 1.099154829978942871e+00 2.997511148452758789e+00 1.441501140594482422e+00 1.122250437736511230e+00 5.991548299789428711e-01
7.605062127113342285e-01 9.947466254234313965e-01 2.999993085861206055e+00 1.402336001396179199e+00 1.100062131881713867e+00 4.947465956211090088e-01
9.635549187660217285e-01 8.905695080757141113e-01 2.996960163116455078e+00 1.354480862617492676e+00 1.127136230468750000e+00 3.905695080757141113e-01
1.129434227943420410e+00 7.912070155143737793e-01 2.988446235656738281e+00 1.298969388008117676e+00 1.200805187225341797e+00 2.912070155143737793e-01
1.229272842407226562e+00 7.010306715965270996e-01 2.974544763565063477e+00 1.237000465393066406e+00 1.313809752464294434e+00 2.010306715965270996e-01
1.245693802833557129e+00 6.240079402923583984e-01 2.955409288406372070e+00 1.169912576675415039e+00 1.455014824867248535e+00 1.240079402923583984e-01
1.175838947296142578e+00 5.635275840759277344e-01 2.931250810623168945e+00 1.099154829978942871e+00 1.610506176948547363e+00 6.352756917476654053e-02
1.031866669654846191e+00 5.222504734992980957e-01 2.902336120605468750e+00 1.026255369186401367e+00 1.764962434768676758e+00 2.225048094987869263e-02
8.388353586196899414e-01 5.019927024841308594e-01 2.868983507156372070e+00 9.527889490127563477e-01 1.903163671493530273e+00 1.992721110582351685e-03
6.303421854972839355e-01 5.036455392837524414e-01 2.831561326980590820e+00 8.803421854972839355e-01 2.011492013931274414e+00 3.645563032478094101e-03
4.426755011081695557e-01 5.271362662315368652e-01 2.790482044219970703e+00 8.104798793792724609e-01 2.079272985458374023e+00 2.713628672063350677e-02
3.084987998008728027e-01 5.714313983917236328e-01 2.746199131011962891e+00 7.447109818458557129e-01 2.099827527999877930e+00 7.143138349056243896e-02
2.511656284332275391e-01 6.345820426940917969e-01 2.699200630187988281e+00 6.844560503959655762e-01 2.071130514144897461e+00 1.345820128917694092e-01
2.806547880172729492e-01 7.138097882270812988e-01 2.650004863739013672e+00 6.310164332389831543e-01 1.996009469032287598e+00 2.138097882270812988e-01
3.918337523937225342e-01 8.056289553642272949e-01 2.599154710769653320e+00 5.855464935302734375e-01 1.881866693496704102e+00 3.056289255619049072e-01
5.653517246246337891e-01 9.059997200965881348e-01 2.547211170196533203e+00 5.490282773971557617e-01 1.739949584007263184e+00 4.059997200965881348e-01
7.710078358650207520e-01 1.010506272315979004e+00 2.494746685028076172e+00 5.222504734992980957e-01 1.584242105484008789e+00 5.105062127113342285e-01
9.730075001716613770e-01 1.114550471305847168e+00 2.442340135574340820e+00 5.057915449142456055e-01 1.430087447166442871e+00 6.145504713058471680e-01
1.136192560195922852e+00 1.213554859161376953e+00 2.390569448471069336e+00 5.000069141387939453e-01 1.292675495147705078e+00 7.135549187660217285e-01
1.232160687446594238e+00 1.303163647651672363e+00 2.340005874633789062e+00 5.050215125083923340e-01 1.185546517372131348e+00 8.031636476516723633e-01
1.244208455085754395e+00 1.379434227943420410e+00 2.291207075119018555e+00 5.207271575927734375e-01 1.119256734848022461e+00 8.794342279434204102e-01
1.170238971710205078e+00 1.439011096954345703e+00 2.244710922241210938e+00 5.467844605445861816e-01 1.100338101387023926e+00 9.390110373497009277e-01
1.023126721382141113e+00 1.479272842407226562e+00 2.201030731201171875e+00 5.826306939125061035e-01 1.130654811859130859e+00 9.792728424072265625e-01
8.284766674041748047e-01 1.498448371887207031e+00 2.160647869110107422e+00 6.274916529655456543e-01 1.207219600677490234e+00 9.984483718872070312e-01
6.201676726341247559e-01 1.495693802833557129e+00 2.124007940292358398e+00 6.803983449935913086e-01 1.322487950325012207e+00 9.956938028335571289e-01
4.344560205936431885e-01 1.471130490303039551e+00 2.091515064239501953e+00 7.402080297470092773e-01 1.465101599693298340e+00 9.711304903030395508e-01
3.036649823188781738e-01 1.425838947296142578e+00 2.063527584075927734e+00 8.056289553642272949e-01 1.621007800102233887e+00 9.258390069007873535e-01
2.505587935447692871e-01 1.361812114715576172e+00 2.040354251861572266e+00 8.752480149269104004e-01 1.774843931198120117e+00 8.618121147155761719e-01
2.843805551528930664e-01 1.281866669654846191e+00 2.022250413894653320e+00 9.475616216659545898e-01 1.911451458930969238e+00 7.818666696548461914e-01
3.992436528205871582e-01 1.189520120620727539e+00 2.009416103363037109e+00 1.021007776260375977e+00 2.017369270324707031e+00 6.895201206207275391e-01
5.751560330390930176e-01 1.088835358619689941e+00 2.001992702484130859e+00 1.094000220298767090e+00 2.082160711288452148e+00 5.888353586196899414e-01
7.815001010894775391e-01 9.842421412467956543e-01 2.000061988830566406e+00 1.164962410926818848e+00 2.099441289901733398e+00 4.842421114444732666e-01
9.823616147041320801e-01 8.803421854972839355e-01 2.003645658493041992e+00 1.232361555099487305e+00 2.067508220672607422e+00 3.803421556949615479e-01
1.142780423164367676e+00 7.817067503929138184e-01 2.012703657150268555e+00 1.294741988182067871e+00 1.989508032798767090e+00 2.817067503929138184e-01
1.234835624694824219e+00 6.926754713058471680e-01 2.027136325836181641e+00 1.350756406784057617e+00 1.873126745223999023e+00 1.926754862070083618e-01
1.242504954338073730e+00 6.171654462814331055e-01 2.046784400939941406e+00 1.399194717407226562e+00 1.729832291603088379e+00 1.171654462814331055e-01
1.164453506469726562e+00 5.584987998008728027e-01 2.071431398391723633e+00 1.439011096954345703e+00 1.573744535446166992e+00 5.849880352616310120e-02
1.014266252517700195e+00 5.192567110061645508e-01 2.100805282592773438e+00 1.469345211982727051e+00 1.420243978500366211e+00 1.925668492913246155e-02
8.180833458900451660e-01 5.011656284332275391e-01 2.134582042694091797e+00 1.489542007446289062e+00 1.284456014633178711e+00 1.165615394711494446e-03
6.100504398345947266e-01 5.050215125083923340e-01 2.172389268875122070e+00 1.499165296554565430e+00 1.179760932922363281e+00 5.021536722779273987e-03
4.263758957386016846e-01 5.306547880172729492e-01 2.213809728622436523e+00 1.498007297515869141e+00 1.116475224494934082e+00 3.065480105578899384e-02
2.990282773971557617e-01 5.769376158714294434e-01 2.258386850357055664e+00 1.486092805862426758e+00 1.100834608078002930e+00 7.693763822317123413e-02
2.501724958419799805e-01 6.418337821960449219e-01 2.305629014968872070e+00 1.463679313659667969e+00 1.134380578994750977e+00 1.418337523937225342e-01
2.883119285106658936e-01 7.224879264831542969e-01 2.355014801025390625e+00 1.431250929832458496e+00 1.213807463645935059e+00 2.224879562854766846e-01
4.068084359169006348e-01 8.153517246246337891e-01 2.405999660491943359e+00 1.389508008956909180e+00 1.331288695335388184e+00 3.153517246246337891e-01
5.850375890731811523e-01 9.163393974304199219e-01 2.458021402359008789e+00 1.339352130889892578e+00 1.475247979164123535e+00 4.163393676280975342e-01
7.919785380363464355e-01 1.021007776260375977e+00 2.510506153106689453e+00 1.281866669654846191e+00 1.631500124931335449e+00 5.210078358650207520e-01
9.916130900382995605e-01 1.124751925468444824e+00 2.562875032424926758e+00 1.218293190002441406e+00 1.784648299217224121e+00 6.247519850730895996e-01
1.149194717407226562e+00 1.223007440567016602e+00 2.614550590515136719e+00 1.150004863739013672e+00 1.919601678848266602e+00 7.230075001716613770e-01
1.237296462059020996e+00 1.311451435089111328e+00 2.664962530136108398e+00 1.078476667404174805e+00 2.023062467575073242e+00 8.114514350891113281e-01
1.240583896636962891e+00 1.386192560195922852e+00 2.713554859161376953e+00 1.005253434181213379e+00 2.084835529327392578e+00 8.861926198005676270e-01
1.158484935760498047e+00 1.443942666053771973e+00 2.759792089462280273e+00 9.319166541099548340e-01 2.098834276199340820e+00 9.439426064491271973e-01
1.005289077758789062e+00 1.482160687446594238e+00 2.803163766860961914e+00 8.600504398345947266e-01 2.063679456710815430e+00 9.821606874465942383e-01
8.076599240303039551e-01 1.499165296554565430e+00 2.843191623687744141e+00 7.912070155143737793e-01 1.982834577560424805e+00 9.991653561592102051e-01
5.999950766563415527e-01 1.494208455085754395e+00 2.879434347152709961e+00 7.268732190132141113e-01 1.864266276359558105e+00 9.942084550857543945e-01
4.184386730194091797e-01 1.467508077621459961e+00 2.911491870880126953e+00 6.684386730194091797e-01 1.719657778739929199e+00 9.675081372261047363e-01
2.945906817913055420e-01 1.420238971710205078e+00 2.939011096954345703e+00 6.171654462814331055e-01 1.563258647918701172e+00 9.202390313148498535e-01
2.500069141387939453e-01 1.354480862617492676e+00 2.961688041687011719e+00 5.741609930992126465e-01 1.410479903221130371e+00 8.544808626174926758e-01
2.924471795558929443e-01 1.273126721382141113e+00 2.979272842407226562e+00 5.403541922569274902e-01 1.276375889778137207e+00 7.731267809867858887e-01
4.145247340202331543e-01 1.179756045341491699e+00 2.991571426391601562e+00 5.164752006530761719e-01 1.174160957336425781e+00 6.797560453414916992e-01
5.949919223785400391e-01 1.078476667404174805e+00 2.998448371887207031e+00 5.030397176742553711e-01 1.113907217979431152e+00 5.784766674041748047e-01
8.024383783340454102e-01 9.737445712089538574e-01 2.999827623367309570e+00 5.003380775451660156e-01 1.101551651954650879e+00 4.737445712089538574e-01
1.000757932662963867e+00 8.701676726341247559e-01 2.995693922042846680e+00 5.084285140037536621e-01 1.138311982154846191e+00 3.701676428318023682e-01
1.155432820320129395e+00 7.723029255867004395e-01 2.986092805862426758e+00 5.271362662315368652e-01 1.220565795898437500e+00 2.723028957843780518e-01
1.239542007446289062e+00 6.844560503959655762e-01 2.971130371093750000e+00 5.560573935508728027e-01 1.340208053588867188e+00 1.844560205936431885e-01
1.238446235656738281e+00 6.104919910430908203e-01 2.950971841812133789e+00 5.945671200752258301e-01 1.485449552536010742e+00 1.104920059442520142e-01
1.152336001396179199e+00 5.536649823188781738e-01 2.925838947296142578e+00 6.418337821960449219e-01 1.641978502273559570e+00 5.366498976945877075e-02
9.961990714073181152e-01 5.164752006530761719e-01 2.896009445190429688e+00 6.968363523483276367e-01 1.794371128082275391e+00 1.647517271339893341e-02
7.972110509872436523e-01 5.005587935447692871e-01 2.861812114715576172e+00 7.583869099617004395e-01 1.927610754966735840e+00 5.587808554992079735e-04
5.900059342384338379e-01 5.066160559654235840e-01 2.823624134063720703e+00 8.251560330390930176e-01 2.028568506240844727e+00 6.616078782826662064e-03
4.106478393077850342e-01 5.343805551528930664e-01 2.781866788864135742e+00 8.957015872001647949e-01 2.087296485900878906e+00 3.438056632876396179e-02
2.903541922569274902e-01 5.826306939125061035e-01 2.737000465393066406e+00 9.684998989105224609e-01 2.098007202148437500e+00 8.263070136308670044e-02
2.500621080398559570e-01 6.492436528205871582e-01 2.689520120620727539e+00 1.041978478431701660e+00 2.059645891189575195e+00 1.492436528205871582e-01
2.967844605445861816e-01 7.312886714935302734e-01 2.639949560165405273e+00 1.114550471305847168e+00 1.975992083549499512e+00 2.312886565923690796e-01
4.223892092704772949e-01 8.251560330390930176e-01 2.588835239410400391e+00 1.184648275375366211e+00 1.855288982391357422e+00 3.251560330390930176e-01
6.050148010253906250e-01 9.267159700393676758e-01 2.536741256713867188e+00 1.250757932662963867e+00 1.709430456161499023e+00 4.267159700393676758e-01
8.128750920295715332e-01 1.031500101089477539e+00 2.484242200851440430e+00 1.311451435089111328e+00 1.552788972854614258e+00 5.315001010894775391e-01
1.009791970252990723e+00 1.134898424148559570e+00 2.431916713714599609e+00 1.365417957305908203e+00 1.400799512863159180e+00 6.348983645439147949e-01
1.161491990089416504e+00 1.232361555099487305e+00 2.380342245101928711e+00 1.411491990089416504e+00 1.268438696861267090e+00 7.323616147041320801e-01
1.241571545600891113e+00 1.319601655006408691e+00 2.330087423324584961e+00 1.448678135871887207e+00 1.168749094009399414e+00 8.196016550064086914e-01
1.236092805862426758e+00 1.392780423164367676e+00 2.281706809997558594e+00 1.476173400878906250e+00 1.111553788185119629e+00 8.927804231643676758e-01
1.146009445190429688e+00 1.448678135871887207e+00 2.235733747482299805e+00 1.493383884429931641e+00 1.102488756179809570e+00 9.486781358718872070e-01
9.870004057884216309e-01 1.484835624694824219e+00 2.192675590515136719e+00 1.499937891960144043e+00 1.142447113990783691e+00 9.848355650901794434e-01
7.867413759231567383e-01 1.499661922454833984e+00 2.153006792068481445e+00 1.495693802833557129e+00 1.227491617202758789e+00 9.996619224548339844e-01
5.800874233245849609e-01 1.492504954338073730e+00 2.117165565490722656e+00 1.480743288993835449e+00 1.349242091178894043e+00 9.925048947334289551e-01
4.030068814754486084e-01 1.463679313659667969e+00 2.085546493530273438e+00 1.455409288406372070e+00 1.495701551437377930e+00 9.636793136596679688e-01
2.863206565380096436e-01 1.414453506469726562e+00 2.058498859405517578e+00 1.420238971710205078e+00 1.652438402175903320e+00 9.144535064697265625e-01
2.503380477428436279e-01 1.346993088722229004e+00 2.036320686340332031e+00 1.375992059707641602e+00 1.804008007049560547e+00 8.469930887222290039e-01
3.013218641281127930e-01 1.264266252517700195e+00 2.019256591796875000e+00 1.323624134063720703e+00 1.935475230216979980e+00 7.642662525177001953e-01
4.303983151912689209e-01 1.169912576675415039e+00 2.007495164871215820e+00 1.264266252517700195e+00 2.033885717391967773e+00 6.699125766754150391e-01
6.151016354560852051e-01 1.068083286285400391e+00 2.001165628433227539e+00 1.199200510978698730e+00 2.089542150497436523e+00 5.680833458900451660e-01
8.232840299606323242e-01 9.632586240768432617e-01 2.000338077545166016e+00 1.129832386970520020e+00 2.096960306167602539e+00 4.632586538791656494e-01
1.018711328506469727e+00 8.600504398345947266e-01 2.005021572113037109e+00 1.057659864425659180e+00 2.055409431457519531e+00 3.600504696369171143e-01
1.167369246482849121e+00 7.629995942115783691e-01 2.015164375305175781e+00 9.842421412467956543e-01 1.968983530998229980e+00 2.629995942115783691e-01
1.243383884429931641e+00 6.763759255409240723e-01 2.030654907226562500e+00 9.111646413803100586e-01 1.846199035644531250e+00 1.763758957386016846e-01
1.233524799346923828e+00 6.039905548095703125e-01 2.051321744918823242e+00 8.400059342384338379e-01 1.699154853820800781e+00 1.039905548095703125e-01
1.139508008956909180e+00 5.490282773971557617e-01 2.076937675476074219e+00 7.723029255867004395e-01 1.542340040206909180e+00 4.902826249599456787e-02
9.776970744132995605e-01 5.139071941375732422e-01 2.107219696044921875e+00 7.095178365707397461e-01 1.391206979751586914e+00 1.390717085450887680e-02
7.762554287910461426e-01 5.001724958419799805e-01 2.141833782196044922e+00 6.530069112777709961e-01 1.260647892951965332e+00 1.724854373605921865e-04
5.702439546585083008e-01 5.084285140037536621e-01 2.180398225784301758e+00 6.039905548095703125e-01 1.163527607917785645e+00 8.428485132753849030e-03
3.955191373825073242e-01 5.383119583129882812e-01 2.222487926483154297e+00 5.635275840759277344e-01 1.109416127204895020e+00 3.831193596124649048e-02
2.824918925762176514e-01 5.885080695152282715e-01 2.267638444900512695e+00 5.324918627738952637e-01 1.103645563125610352e+00 8.850806951522827148e-02
2.508346438407897949e-01 6.568084359169006348e-01 2.315351724624633789e+00 5.115538239479064941e-01 1.146784424781799316e+00 1.568084210157394409e-01
3.060573935508728027e-01 7.402080297470092773e-01 2.365101575851440430e+00 5.011656284332275391e-01 1.234582066535949707e+00 2.402080297470092773e-01
4.385485649108886719e-01 8.350375890731811523e-01 2.416339397430419922e+00 5.015516281127929688e-01 1.358386874198913574e+00 3.350375890731811523e-01
6.252480149269104004e-01 9.371249079704284668e-01 2.468499898910522461e+00 5.127035975456237793e-01 1.505999684333801270e+00 4.371249079704284668e-01
8.336606025695800781e-01 1.041978478431701660e+00 2.521007776260375977e+00 5.343805551528930664e-01 1.662875056266784668e+00 5.419785380363464355e-01
1.027512073516845703e+00 1.144985198974609375e+00 2.573284149169921875e+00 5.661143660545349121e-01 1.813554883003234863e+00 6.449851989746093750e-01
1.173062324523925781e+00 1.241613030433654785e+00 2.624752044677734375e+00 6.072195768356323242e-01 1.943191528320312500e+00 7.416130900382995605e-01
1.244978427886962891e+00 1.327610850334167480e+00 2.674844026565551758e+00 6.568084359169006348e-01 2.039011001586914062e+00 8.276107907295227051e-01
1.230743288993835449e+00 1.399194717407226562e+00 2.723007440567016602e+00 7.138097882270812988e-01 2.091571569442749023e+00 8.991947770118713379e-01
1.132834553718566895e+00 1.453215599060058594e+00 2.768711328506469727e+00 7.769924998283386230e-01 2.095693826675415039e+00 9.532155394554138184e-01
9.682932496070861816e-01 1.487296462059020996e+00 2.811451435089111328e+00 8.449919223785400391e-01 2.050971746444702148e+00 9.872964024543762207e-01
7.657578587532043457e-01 1.499937891960144043e+00 2.850756406784057617e+00 9.163393974304199219e-01 1.961812138557434082e+00 9.999378919601440430e-01
5.604798793792724609e-01 1.490583896636962891e+00 2.886192560195922852e+00 9.894937872886657715e-01 1.837000370025634766e+00 9.905838370323181152e-01
3.881879150867462158e-01 1.459645867347717285e+00 2.917369365692138672e+00 1.062875151634216309e+00 1.688835382461547852e+00 9.596458077430725098e-01
2.788695394992828369e-01 1.408484935760498047e+00 2.943942546844482422e+00 1.134898424148559570e+00 1.531916618347167969e+00 9.084849357604980469e-01
2.515516579151153564e-01 1.339352130889892578e+00 2.965619325637817383e+00 1.204007983207702637e+00 1.381706714630126953e+00 8.393521308898925781e-01
3.109889626502990723e-01 1.255289077758789062e+00 2.982160568237304688e+00 1.268711328506469727e+00 1.253006935119628906e+00 7.552890181541442871e-01
4.468363523483276367e-01 1.159994125366210938e+00 2.993383884429931641e+00 1.327610850334167480e+00 1.158498764038085938e+00 6.599940657615661621e-01
6.354495286941528320e-01 1.057659864425659180e+00 2.999165296554565430e+00 1.379434227943420410e+00 1.107495069503784180e+00 5.576599240303039551e-01
8.440002799034118652e-01 9.527889490127563477e-01 2.999441146850585938e+00 1.423062324523925781e+00 1.105021595954895020e+00 4.527889490127563477e-01
1.036190271377563477e+00 8.499950766563415527e-01 2.994208574295043945e+00 1.457552790641784668e+00 1.151321887969970703e+00 3.499950766563415527e-01
1.178568601608276367e+00 7.538009285926818848e-01 2.983524799346923828e+00 1.482160687446594238e+00 1.241833806037902832e+00 2.538009285926818848e-01
1.246354460716247559e+00 6.684386730194091797e-01 2.967508077621459961e+00 1.496354460716247559e+00 1.367638468742370605e+00 1.684386730194091797e-01
1.227749466896057129e+00 5.976639986038208008e-01 2.946335077285766602e+00 1.499827504158020020e+00 1.516339421272277832e+00 9.766397625207901001e-02
1.125992059707641602e+00 5.445906519889831543e-01 2.920238971710205078e+00 1.492504954338073730e+00 1.673284053802490234e+00 4.459067434072494507e-02
9.587929844856262207e-01 5.115538239479064941e-01 2.889508008956909180e+00 1.474544763565063477e+00 1.823007464408874512e+00 1.155381463468074799e-02
7.552533745765686035e-01 5.000069141387939453e-01 2.854480981826782227e+00 1.446334958076477051e+00 1.950756311416625977e+00 6.899798336235107854e-06
5.507994294166564941e-01 5.104579329490661621e-01 2.815543889999389648e+00 1.408484935760498047e+00 2.043942689895629883e+00 1.045795623213052750e-02
3.810164630413055420e-01 5.424471497535705566e-01 2.773126840591430664e+00 1.361812114715576172e+00 2.093384027481079102e+00 4.244717210531234741e-02
2.754552364349365234e-01 5.945671200752258301e-01 2.727697134017944336e+00 1.307324528694152832e+00 2.094208478927612305e+00 9.456713497638702393e-02
2.524887621402740479e-01 6.645247340202331543e-01 2.679755926132202148e+00 1.246199131011962891e+00 2.046334981918334961e+00 1.645247489213943481e-01
3.161143660545349121e-01 7.492421269416809082e-01 2.629832267761230469e+00 1.179756045341491699e+00 1.954480886459350586e+00 2.492421120405197144e-01
4.552579820156097412e-01 8.449919223785400391e-01 2.578476667404174805e+00 1.109430432319641113e+00 1.827697157859802246e+00 3.449919521808624268e-01
6.457015872001647949e-01 9.475616216659545898e-01 2.526255369186401367e+00 1.036741375923156738e+00 1.678476691246032715e+00 4.475616216659545898e-01
8.542984127998352051e-01 1.052438378334045410e+00 2.473744630813598633e+00 9.632586240768432617e-01 1.521523356437683105e+00 5.524383783340454102e-01
1.044741988182067871e+00 1.155008077621459961e+00 2.421523332595825195e+00 8.905695080757141113e-01 1.372302889823913574e+00 6.550080776214599609e-01
1.183885574340820312e+00 1.250757932662963867e+00 2.370167732238769531e+00 8.202439546585083008e-01 1.245519161224365234e+00 7.507578730583190918e-01
1.247511267662048340e+00 1.335475206375122070e+00 2.320244073867797852e+00 7.538009285926818848e-01 1.153664946556091309e+00 8.354752659797668457e-01
1.224544763565063477e+00 1.405432820320129395e+00 2.272302865982055664e+00 6.926754713058471680e-01 1.105791568756103516e+00 9.054328799247741699e-01
1.118983507156372070e+00 1.457552790641784668e+00 2.226873159408569336e+00 6.381878852844238281e-01 1.106616020202636719e+00 9.575528502464294434e-01
9.492005705833435059e-01 1.489542007446289062e+00 2.184456110000610352e+00 5.915150642395019531e-01 1.156057357788085938e+00 9.895420670509338379e-01
7.447466254234313965e-01 1.499993085861206055e+00 2.145519018173217773e+00 5.536649823188781738e-01 1.249243617057800293e+00 9.999930858612060547e-01
5.412070155143737793e-01 1.488446235656738281e+00 2.110491991043090820e+00 5.254552364349365234e-01 1.376992464065551758e+00 9.884461760520935059e-01
3.740079402923583984e-01 1.455409288406372070e+00 2.079761028289794922e+00 5.074951052665710449e-01 1.526715993881225586e+00 9.554093480110168457e-01
2.722504734992980957e-01 1.402336001396179199e+00 2.053664922714233398e+00 5.001724958419799805e-01 1.683660626411437988e+00 9.023360013961791992e-01
2.536455690860748291e-01 1.331561326980590820e+00 2.032491922378540039e+00 5.036455392837524414e-01 1.832361578941345215e+00 8.315613269805908203e-01
3.214313685894012451e-01 1.246199131011962891e+00 2.016475200653076172e+00 5.178393125534057617e-01 1.958166241645812988e+00 7.461990714073181152e-01
4.638097882270812988e-01 1.150004863739013672e+00 2.005791425704956055e+00 5.424471497535705566e-01 2.048678159713745117e+00 6.500049233436584473e-01
6.559997200965881348e-01 1.047211050987243652e+00 2.000558853149414062e+00 5.769376158714294434e-01 2.094978570938110352e+00 5.472110509872436523e-01
8.645504713058471680e-01 9.423400759696960449e-01 2.000834703445434570e+00 6.205657720565795898e-01 2.092504978179931641e+00 4.423400759696960449e-01
1.053163647651672363e+00 8.400059342384338379e-01 2.006616115570068359e+00 6.723892092704772949e-01 2.041501283645629883e+00 3.400059342384338379e-01
1.189011096954345703e+00 7.447109818458557129e-01 2.017839431762695312e+00 7.312886714935302734e-01 1.946993112564086914e+00 2.447109669446945190e-01
1.248448371887207031e+00 6.606478691101074219e-01 2.034380674362182617e+00 7.959919571876525879e-01 1.818293213844299316e+00 1.606478542089462280e-01
1.221130490303039551e+00 5.915150642395019531e-01 2.056057453155517578e+00 8.651016354560852051e-01 1.668083310127258301e+00 9.151505678892135620e-02
1.111812114715576172e+00 5.403541922569274902e-01 2.082630634307861328e+00 9.371249079704284668e-01 1.511164665222167969e+00 4.035418108105659485e-02
9.395201206207275391e-01 5.094161629676818848e-01 2.113807439804077148e+00 1.010506272315979004e+00 1.362999558448791504e+00 9.416141547262668610e-03
7.342421412467956543e-01 5.000621080398559570e-01 2.149243593215942383e+00 1.083660602569580078e+00 1.238187909126281738e+00 6.209703860804438591e-05
5.317067503929138184e-01 5.127035975456237793e-01 2.188548564910888672e+00 1.155008077621459961e+00 1.149028301239013672e+00 1.270359475165605545e-02
3.671654462814331055e-01 5.467844605445861816e-01 2.231288671493530273e+00 1.223007440567016602e+00 1.104306221008300781e+00 4.678445309400558472e-02
2.692566812038421631e-01 6.008052229881286621e-01 2.276992559432983398e+00 1.286190271377563477e+00 1.108428478240966797e+00 1.008052304387092590e-01
2.550215423107147217e-01 6.723892092704772949e-01 2.325155973434448242e+00 1.343191623687744141e+00 1.160988926887512207e+00 1.723891943693161011e-01
3.269376456737518311e-01 7.583869099617004395e-01 2.375247955322265625e+00 1.392780423164367676e+00 1.256808400154113770e+00 2.583869099617004395e-01
4.724879562854766846e-01 8.550148010253906250e-01 2.426715850830078125e+00 1.433885574340820312e+00 1.386445045471191406e+00 3.550147712230682373e-01
6.663393974304199219e-01 9.580214619636535645e-01 2.478992223739624023e+00 1.465619444847106934e+00 1.537124872207641602e+00 4.580214917659759521e-01
8.747519850730895996e-01 1.062875151634216309e+00 2.531500101089477539e+00 1.487296462059020996e+00 1.694000244140625000e+00 5.628750920295715332e-01
1.061451435089111328e+00 1.164962410926818848e+00 2.583660602569580078e+00 1.498448371887207031e+00 1.841613054275512695e+00 6.649624109268188477e-01
1.193942666053771973e+00 1.259791970252990723e+00 2.634898424148559570e+00 1.498834371566772461e+00 1.965417981147766113e+00 7.597919702529907227e-01
1.249165296554565430e+00 1.343191623687744141e+00 2.684648275375366211e+00 1.488446235656738281e+00 2.053215503692626953e+00 8.431915640830993652e-01
1.217508077621459961e+00 1.411491990089416504e+00 2.732361555099487305e+00 1.467508077621459961e+00 2.096354484558105469e+00 9.114919304847717285e-01
1.104480862617492676e+00 1.461688041687011719e+00 2.777512073516845703e+00 1.436472415924072266e+00 2.090583801269531250e+00 9.616880416870117188e-01
9.297560453414916992e-01 1.491571545600891113e+00 2.819601774215698242e+00 1.396009445190429688e+00 2.036472320556640625e+00 9.915714859962463379e-01
7.237445712089538574e-01 1.499827504158020020e+00 2.858166217803955078e+00 1.346993088722229004e+00 1.939352154731750488e+00 9.998275041580200195e-01
5.223029255867004395e-01 1.486092805862426758e+00 2.892780303955078125e+00 1.290482163429260254e+00 1.808792948722839355e+00 9.860928058624267578e-01
3.604919910430908203e-01 1.450971722602844238e+00 2.923062324523925781e+00 1.227697134017944336e+00 1.657659888267517090e+00 9.509717226028442383e-01
2.664751708507537842e-01 1.396009445190429688e+00 2.948678255081176758e+00 1.159994125366210938e+00 1.500845193862915039e+00 8.960094451904296875e-01
2.566160857677459717e-01 1.323624134063720703e+00 2.969345092773437500e+00 1.088835358619689941e+00 1.353800892829895020e+00 8.236240744590759277e-01
3.326306939125061035e-01 1.237000465393066406e+00 2.984835624694824219e+00 1.015757918357849121e+00 1.231016516685485840e+00 7.370004057884216309e-01
4.812886714935302734e-01 1.139949560165405273e+00 2.994978427886962891e+00 9.423400759696960449e-01 1.144590616226196289e+00 6.399495601654052734e-01
6.767159700393676758e-01 1.036741375923156738e+00 2.999661922454833984e+00 8.701676726341247559e-01 1.103039741516113281e+00 5.367413759231567383e-01
8.848983645439147949e-01 9.319166541099548340e-01 2.998834371566772461e+00 8.007994294166564941e-01 1.110457897186279297e+00 4.319166839122772217e-01
1.069601655006408691e+00 8.300874233245849609e-01 2.992504835128784180e+00 7.357337474822998047e-01 1.166114330291748047e+00 3.300874233245849609e-01
1.198678135871887207e+00 7.357337474822998047e-01 2.980743408203125000e+00 6.763759255409240723e-01 1.264524698257446289e+00 2.357337623834609985e-01
1.249661922454833984e+00 6.530069112777709961e-01 2.963679313659667969e+00 6.240079402923583984e-01 1.395991921424865723e+00 1.530068814754486084e-01
1.213679313659667969e+00 5.855464935302734375e-01 2.941501140594482422e+00 5.797609686851501465e-01 1.547561645507812500e+00 8.554650843143463135e-02
1.096993088722229004e+00 5.363206863403320312e-01 2.914453506469726562e+00 5.445906519889831543e-01 1.704298377037048340e+00 3.632065653800964355e-02
9.199125766754150391e-01 5.074951052665710449e-01 2.882834434509277344e+00 5.192567110061645508e-01 1.850757837295532227e+00 7.495096884667873383e-03
7.132586240768432617e-01 5.003380775451660156e-01 2.846993207931518555e+00 5.043061971664428711e-01 1.972508311271667480e+00 3.380527778062969446e-04
5.129995942115783691e-01 5.151644349098205566e-01 2.807324409484863281e+00 5.000621080398559570e-01 2.057552814483642578e+00 1.516440976411104202e-02
3.539905548095703125e-01 5.513218641281127930e-01 2.764266252517700195e+00 5.066160559654235840e-01 2.097511291503906250e+00 5.132186040282249451e-02
2.639071643352508545e-01 6.072195768356323242e-01 2.718293190002441406e+00 5.238265991210937500e-01 2.088446140289306641e+00 1.072195991873741150e-01
2.584284842014312744e-01 6.803983449935913086e-01 2.669912576675415039e+00 5.513218641281127930e-01 2.031250953674316406e+00 1.803983151912689209e-01
3.385080695152282715e-01 7.676383852958679199e-01 2.619657754898071289e+00 5.885080695152282715e-01 1.931561350822448730e+00 2.676384150981903076e-01
4.902080297470092773e-01 8.651016354560852051e-01 2.568083286285400391e+00 6.345820426940917969e-01 1.799200534820556641e+00 3.651016056537628174e-01
6.871249079704284668e-01 9.684998989105224609e-01 2.515757799148559570e+00 6.885485649108886719e-01 1.647211074829101562e+00 4.684998691082000732e-01
8.949851989746093750e-01 1.073284029960632324e+00 2.463258743286132812e+00 7.492421269416809082e-01 1.490569472312927246e+00 5.732840299606323242e-01
1.077610850334167480e+00 1.174843907356262207e+00 2.411164760589599609e+00 8.153517246246337891e-01 1.344710946083068848e+00 6.748439669609069824e-01
1.203215599060058594e+00 1.268711328506469727e+00 2.360050439834594727e+00 8.854495286941528320e-01 1.224007964134216309e+00 7.687113285064697266e-01
1.249937891960144043e+00 1.350756406784057617e+00 2.310479879379272461e+00 9.580214619636535645e-01 1.140354156494140625e+00 8.507563471794128418e-01
1.209645867347717285e+00 1.417369246482849121e+00 2.262999534606933594e+00 1.031500101089477539e+00 1.101992726325988770e+00 9.173693060874938965e-01
1.089352130889892578e+00 1.465619444847106934e+00 2.218133211135864258e+00 1.104298353195190430e+00 1.112703561782836914e+00 9.656194448471069336e-01
9.099940657615661621e-01 1.493383884429931641e+00 2.176375865936279297e+00 1.174843907356262207e+00 1.171431422233581543e+00 9.933839440345764160e-01
7.027889490127563477e-01 1.499441266059875488e+00 2.138187885284423828e+00 1.241613030433654785e+00 1.272389173507690430e+00 9.994412064552307129e-01
5.038009285926818848e-01 1.483524799346923828e+00 2.103990554809570312e+00 1.303163647651672363e+00 1.405628919601440430e+00 9.835247993469238281e-01
3.476639688014984131e-01 1.446334958076477051e+00 2.074161052703857422e+00 1.358166217803955078e+00 1.558021426200866699e+00 9.463350176811218262e-01
2.615538239479064941e-01 1.389508008956909180e+00 2.049028158187866211e+00 1.405432820320129395e+00 1.714550495147705078e+00 8.895080089569091797e-01
2.604579627513885498e-01 1.315544009208679199e+00 2.028869628906250000e+00 1.443942666053771973e+00 1.859791994094848633e+00 8.155439496040344238e-01
3.445671498775482178e-01 1.227697134017944336e+00 2.013907194137573242e+00 1.472863674163818359e+00 1.979434251785278320e+00 7.276970744132995605e-01
4.992420971393585205e-01 1.129832386970520020e+00 2.004306077957153320e+00 1.491571545600891113e+00 2.061687946319580078e+00 6.298323273658752441e-01
6.975616216659545898e-01 1.026255369186401367e+00 2.000172376632690430e+00 1.499661922454833984e+00 2.098448276519775391e+00 5.262554287910461426e-01
9.050080776214599609e-01 9.215233325958251953e-01 2.001551628112792969e+00 1.496960282325744629e+00 2.086092710494995117e+00 4.215233325958251953e-01
1.085475206375122070e+00 8.202439546585083008e-01 2.008428573608398438e+00 1.483524799346923828e+00 2.025839090347290039e+00 3.202439546585083008e-01
1.207552790641784668e+00 7.268732190132141113e-01 2.020727157592773438e+00 1.459645867347717285e+00 1.923624157905578613e+00 2.268732339143753052e-01
1.249993085861206055e+00 6.455191373825073242e-01 2.038311958312988281e+00 1.425838947296142578e+00 1.789520144462585449e+00 1.455191373825073242e-01
1.205409288406372070e+00 5.797609686851501465e-01 2.060988903045654297e+00 1.382834553718566895e+00 1.636741399765014648e+00 7.976097613573074341e-02
1.081561326980590820e+00 5.324918627738952637e-01 2.088508129119873047e+00 1.331561326980590820e+00 1.480342149734497070e+00 3.249187767505645752e-02
9.000049233436584473e-01 5.057915449142456055e-01 2.120565652847290039e+00 1.273126721382141113e+00 1.335733771324157715e+00 5.791528150439262390e-03
6.923400759696960449e-01 5.008346438407897949e-01 2.156808376312255859e+00 1.208793044090270996e+00 1.217165470123291016e+00 8.346451795659959316e-04
4.947109818458557129e-01 5.178393125534057617e-01 2.196836233139038086e+00 1.139949560165405273e+00 1.136320710182189941e+00 1.783931441605091095e-02
3.415150642395019531e-01 5.560573935508728027e-01 2.240207910537719727e+00 1.068083286285400391e+00 1.101165652275085449e+00 5.605738982558250427e-02
2.594161331653594971e-01 6.138073801994323730e-01 2.286445140838623047e+00 9.947466254234313965e-01 1.115164399147033691e+00 1.138074100017547607e-01
2.627035975456237793e-01 6.885485649108886719e-01 2.335037469863891602e+00 9.215233325958251953e-01 1.176937580108642578e+00 1.885485649108886719e-01
3.508052229881286621e-01 7.769924998283386230e-01 2.385449409484863281e+00 8.499950766563415527e-01 1.280398368835449219e+00 2.769925296306610107e-01
5.083869099617004395e-01 8.752480149269104004e-01 2.437124967575073242e+00 7.817067503929138184e-01 1.415351748466491699e+00 3.752480149269104004e-01
7.080214619636535645e-01 9.789921641349792480e-01 2.489493846893310547e+00 7.181333303451538086e-01 1.568499922752380371e+00 4.789921939373016357e-01
9.149624109268188477e-01 1.083660602569580078e+00 2.541978597640991211e+00 6.606478691101074219e-01 1.724751949310302734e+00 5.836606025695800781e-01
1.093191623687744141e+00 1.184648275375366211e+00 2.594000339508056641e+00 6.104919910430908203e-01 1.868711352348327637e+00 6.846482753753662109e-01
1.211688041687011719e+00 1.277512073516845703e+00 2.644985198974609375e+00 5.687490701675415039e-01 1.986192584037780762e+00 7.775120735168457031e-01
1.249827504158020020e+00 1.358166217803955078e+00 2.694370985031127930e+00 5.363206863403320312e-01 2.065619468688964844e+00 8.581662178039550781e-01
1.200971722602844238e+00 1.423062324523925781e+00 2.741613149642944336e+00 5.139071941375732422e-01 2.099165439605712891e+00 9.230623841285705566e-01
1.073624134063720703e+00 1.469345211982727051e+00 2.786190271377563477e+00 5.019927024841308594e-01 2.083524942398071289e+00 9.693452119827270508e-01
8.899495601654052734e-01 1.494978427886962891e+00 2.827610731124877930e+00 5.008346438407897949e-01 2.020239114761352539e+00 9.949784874916076660e-01
6.819166541099548340e-01 1.498834371566772461e+00 2.865417957305908203e+00 5.104579329490661621e-01 1.915543913841247559e+00 9.988343715667724609e-01
4.857337474822998047e-01 1.480743288993835449e+00 2.899194717407226562e+00 5.306547880172729492e-01 1.779756069183349609e+00 9.807432889938354492e-01
3.355464935302734375e-01 1.441501140594482422e+00 2.928568601608276367e+00 5.609889626502990723e-01 1.626255393028259277e+00 9.415012001991271973e-01
2.574951052665710449e-01 1.382834553718566895e+00 2.953215599060058594e+00 6.008052229881286621e-01 1.470167636871337891e+00 8.828345537185668945e-01
2.651644051074981689e-01 1.307324528694152832e+00 2.972863674163818359e+00 6.492436528205871582e-01 1.326873183250427246e+00 8.073245286941528320e-01
3.572196066379547119e-01 1.218293190002441406e+00 2.987296342849731445e+00 7.052580118179321289e-01 1.210492014884948730e+00 7.182932496070861816e-01
5.176383852958679199e-01 1.119657874107360840e+00 2.996354341506958008e+00 7.676383852958679199e-01 1.132491827011108398e+00 6.196578145027160645e-01
7.184998989105224609e-01 1.015757918357849121e+00 2.999938011169433594e+00 8.350375890731811523e-01 1.100558757781982422e+00 5.157578587532043457e-01
9.248439669609069824e-01 9.111646413803100586e-01 2.998007297515869141e+00 9.059997200965881348e-01 1.117839336395263672e+00 4.111646413803100586e-01
1.100756406784057617e+00 8.104798793792724609e-01 2.990583896636962891e+00 9.789921641349792480e-01 1.182630658149719238e+00 3.104798793792724609e-01
1.215619444847106934e+00 7.181333303451538086e-01 2.977749586105346680e+00 1.052438378334045410e+00 1.288548588752746582e+00 2.181333154439926147e-01
1.249441266059875488e+00 6.381878852844238281e-01 2.959645748138427734e+00 1.124751925468444824e+00 1.425155997276306152e+00 1.381879150867462158e-01
1.196334958076477051e+00 5.741609930992126465e-01 2.936472415924072266e+00 1.194371104240417480e+00 1.578992247581481934e+00 7.416100054979324341e-02
1.065544009208679199e+00 5.288695096969604492e-01 2.908484935760498047e+00 1.259791970252990723e+00 1.734898328781127930e+00 2.886953949928283691e-02
8.798323273658752441e-01 5.043061971664428711e-01 2.875992059707641602e+00 1.319601655006408691e+00 1.877512097358703613e+00 4.306188318878412247e-03
6.715233325958251953e-01 5.015516281127929688e-01 2.839352130889892578e+00 1.372508406639099121e+00 1.992780447006225586e+00 1.551655004732310772e-03
4.768732190132141113e-01 5.207271575927734375e-01 2.798969268798828125e+00 1.417369246482849121e+00 2.069345235824584961e+00 2.072712779045104980e-02
3.297609686851501465e-01 5.609889626502990723e-01 2.755289077758789062e+00 1.453215599060058594e+00 2.099662065505981445e+00 6.098895519971847534e-02
2.557915151119232178e-01 6.205657720565795898e-01 2.708792924880981445e+00 1.479272842407226562e+00 2.080743312835693359e+00 1.205657497048377991e-01
2.678393125534057617e-01 6.968363523483276367e-01 2.659994125366210938e+00 1.494978427886962891e+00 2.014453411102294922e+00 1.968363523483276367e-01
3.638074100017547607e-01 7.864450812339782715e-01 2.609430551528930664e+00 1.499993085861206055e+00 1.907324552536010742e+00 2.864450812339782715e-01
5.269924998283386230e-01 8.854495286941528320e-01 2.557659864425659180e+00 1.494208455085754395e+00 1.769912600517272949e+00 3.854495286941528320e-01
7.289921641349792480e-01 9.894937872886657715e-01 2.505253314971923828e+00 1.477749466896057129e+00 1.615757942199707031e+00 4.894937872886657715e-01
9.346482753753662109e-01 1.094000220298767090e+00 2.452788829803466797e+00 1.450971722602844238e+00 1.460050463676452637e+00 5.940002799034118652e-01
1.108166217803955078e+00 1.194371104240417480e+00 2.400845289230346680e+00 1.414453506469726562e+00 1.318133354187011719e+00 6.943710446357727051e-01
1.219345211982727051e+00 1.286190271377563477e+00 2.349995136260986328e+00 1.368983507156372070e+00 1.203990578651428223e+00 7.861902117729187012e-01
1.248834371566772461e+00 1.365417957305908203e+00 2.300799369812011719e+00 1.315544009208679199e+00 1.128869533538818359e+00 8.654179573059082031e-01
1.191501140594482422e+00 1.428568601608276367e+00 2.253800868988037109e+00 1.255289077758789062e+00 1.100172519683837891e+00 9.285686016082763672e-01
1.057324528694152832e+00 1.472863674163818359e+00 2.209517955780029297e+00 1.189520120620727539e+00 1.120727181434631348e+00 9.728637337684631348e-01
8.696578145027160645e-01 1.496354460716247559e+00 2.168438673019409180e+00 1.119657874107360840e+00 1.188508033752441406e+00 9.963544607162475586e-01
6.611646413803100586e-01 1.498007297515869141e+00 2.131016492843627930e+00 1.047211050987243652e+00 1.296836376190185547e+00 9.980072975158691406e-01
4.681333005428314209e-01 1.477749466896057129e+00 2.097663879394531250e+00 9.737445712089538574e-01 1.435037612915039062e+00 9.777495265007019043e-01
3.241609930992126465e-01 1.436472415924072266e+00 2.068749189376831055e+00 9.008451700210571289e-01 1.589493751525878906e+00 9.364724159240722656e-01
2.543061971664428711e-01 1.375992059707641602e+00 2.044590711593627930e+00 8.300874233245849609e-01 1.744985222816467285e+00 8.759920597076416016e-01
2.707271277904510498e-01 1.298969388008117676e+00 2.025455236434936523e+00 7.629995942115783691e-01 1.886190176010131836e+00 7.989693284034729004e-01
3.705657422542572021e-01 1.208793044090270996e+00 2.011553764343261719e+00 7.010306715965270996e-01 1.999194741249084473e+00 7.087929844856262207e-01
5.364450812339782715e-01 1.109430432319641113e+00 2.003039836883544922e+00 6.455191373825073242e-01 2.072863817214965820e+00 6.094304919242858887e-01
7.394937872886657715e-01 1.005253434181213379e+00 2.000006914138793945e+00 5.976639986038208008e-01 2.099937915802001953e+00 5.052533745765686035e-01
9.443710446357727051e-01 9.008451700210571289e-01 2.002488851547241211e+00 5.584987998008728027e-01 2.077749490737915039e+00 4.008451998233795166e-01
1.115417957305908203e+00 8.007994294166564941e-01 2.010457992553710938e+00 5.288695096969604492e-01 2.008484840393066406e+00 3.007994592189788818e-01
1.222863674163818359e+00 7.095178365707397461e-01 2.023826599121093750e+00 5.094161629676818848e-01 1.898969292640686035e+00 2.095178514719009399e-01
1.248007297515869141e+00 6.310164332389831543e-01 2.042447090148925781e+00 5.005587935447692871e-01 1.759994029998779297e+00 1.310164630413055420e-01
1.186472415924072266e+00 5.687490701675415039e-01 2.066114425659179688e+00 5.024887919425964355e-01 1.605253458023071289e+00 6.874907016754150391e-02
1.048969388008117676e+00 5.254552364349365234e-01 2.094567060470581055e+00 5.151644349098205566e-01 1.449995040893554688e+00 2.545523643493652344e-02
8.594304919242858887e-01 5.030397176742553711e-01 2.127491712570190430e+00 5.383119583129882812e-01 1.309517860412597656e+00 3.039733041077852249e-03
6.508451700210571289e-01 5.024887919425964355e-01 2.164524793624877930e+00 5.714313983917236328e-01 1.197664022445678711e+00 2.488765399903059006e-03
4.595178663730621338e-01 5.238265991210937500e-01 2.205257892608642578e+00 6.138073801994323730e-01 1.125455260276794434e+00 2.382657490670681000e-02
3.187490701675415039e-01 5.661143660545349121e-01 2.249242067337036133e+00 6.645247340202331543e-01 1.100006937980651855e+00 6.611437350511550903e-02
2.530397474765777588e-01 6.274916529655456543e-01 2.295991897583007812e+00 7.224879264831542969e-01 1.123826622962951660e+00 1.274916380643844604e-01
2.738265693187713623e-01 7.052580118179321289e-01 2.344991922378540039e+00 7.864450812339782715e-01 1.194567084312438965e+00 2.052579820156097412e-01
3.774916529655456543e-01 7.959919571876525879e-01 2.395701646804809570e+00 8.550148010253906250e-01 1.305258035659790039e+00 2.959919571876525879e-01
5.459919571876525879e-01 8.957015872001647949e-01 2.447561502456665039e+00 9.267159700393676758e-01 1.444991946220397949e+00 3.957015872001647949e-01
7.500000000000000000e-01 1.000000000000000000e+00 2.500000000000000000e+00 1.000000000000000000e+00 1.600000023841857910e+00 5.000000000000000000e-01
