0.000000000000000000e+00 0.000000000000000000e+00 0.000000000000000000e+00 0.000000000000000000e+00 0.000000000000000000e+00 0.000000000000000000e+00
0.000000000000000000e+00 0.000000000000000000e+00 0.000000000000000000e+00 0.000000000000000000e+00 0.000000000000000000e+00 0.000000000000000000e+00
0.000000000000000000e+00 0.000000000000000000e+00 0.000000000000000000e+00 0.000000000000000000e+00 0.000000000000000000e+00 0.000000000000000000e+00
0.000000000000000000e+00 0.000000000000000000e+00 0.000000000000000000e+00 0.000000000000000000e+00 0.000000000000000000e+00 0.000000000000000000e+00
0.000000000000000000e+00 0.000000000000000000e+00 0.000000000000000000e+00 0.000000000000000000e+00 0.000000000000000000e+00 0.000000000000000000e+00
0.000000000000000000e+00 0.000000000000000000e+00 0.000000000000000000e+00 0.000000000000000000e+00 0.000000000000000000e+00 0.000000000000000000e+00
0.000000000000000000e+00 0.000000000000000000e+00 0.000000000000000000e+00 0.000000000000000000e+00 0.000000000000000000e+00 0.000000000000000000e+00
0.000000000000000000e+00 0.000000000000000000e+00 0.000000000000000000e+00 0.000000000000000000e+00 0.000000000000000000e+00 0.000000000000000000e+00
0.000000000000000000e+00 0.000000000000000000e+00 0.000000000000000000e+00 0.000000000000000000e+00 0.000000000000000000e+00 0.000000000000000000e+00
0.000000000000000000e+00 0.000000000000000000e+00 0.000000000000000000e+00 0.000000000000000000e+00 0.000000000000000000e+00 0.000000000000000000e+00
0.000000000000000000e+00 0.000000000000000000e+00 0.000000000000000000e+00 0.000000000000000000e+00 0.000000000000000000e+00 0.000000000000000000e+00
0.000000000000000000e+00 0.000000000000000000e+00 0.000000000000000000e+00 0.000000000000000000e+00 0.000000000000000000e+00 0.000000000000000000e+00
0.000000000000000000e+00 0.000000000000000000e+00 0.000000000000000000e+00 0.000000000000000000e+00 0.000000000000000000e+00 0.000000000000000000e+00
0.000000000000000000e+00 0.000000000000000000e+00 0.000000000000000000e+00 0.000000000000000000e+00 0.000000000000000000e+00 0.000000000000000000e+00
0.000000000000000000e+00 0.000000000000000000e+00 0.000000000000000000e+00 0.000000000000000000e+00 0.000000000000000000e+00 0.000000000000000000e+00
0.000000000000000000e+00 0.000000000000000000e+00 0.000000000000000000e+00 0.000000000000000000e+00 0.000000000000000000e+00 0.000000000000000000e+00
0.000000000000000000e+00 0.000000000000000000e+00 0.000000000000000000e+00 0.000000000000000000e+00 0.000000000000000000e+00 0.000000000000000000e+00
0.000000000000000000e+00 0.000000000000000000e+00 0.000000000000000000e+00 0.000000000000000000e+00 0.000000000000000000e+00 0.000000000000000000e+00
0.000000000000000000e+00 0.000000000000000000e+00 0.000000000000000000e+00 0.000000000000000000e+00 0.000000000000000000e+00 0.000000000000000000e+00
0.000000000000000000e+00 0.000000000000000000e+00 0.000000000000000000e+00 0.000000000000000000e+00 0.000000000000000000e+00 0.000000000000000000e+00
0.000000000000000000e+00 0.000000000000000000e+00 0.000000000000000000e+00 0.000000000000000000e+00 0.000000000000000000e+00 0.000000000000000000e+00
0.000000000000000000e+00 0.000000000000000000e+00 0.000000000000000000e+00 0.000000000000000000e+00 0.000000000000000000e+00 0.000000000000000000e+00
0.000000000000000000e+00 0.000000000000000000e+00 0.000000000000000000e+00 0.000000000000000000e+00 0.000000000000000000e+00 0.000000000000000000e+00
0.000000000000000000e+00 0.000000000000000000e+00 0.000000000000000000e+00 0.000000000000000000e+00 0.000000000000000000e+00 0.000000000000000000e+00
0.000000000000000000e+00 0.000000000000000000e+00 0.000000000000000000e+00 0.000000000000000000e+00 0.000000000000000000e+00 0.000000000000000000e+00
0.000000000000000000e+00 0.000000000000000000e+00 0.000000000000000000e+00 0.000000000000000000e+00 0.000000000000000000e+00 0.000000000000000000e+00
0.000000000000000000e+00 0.000000000000000000e+00 0.000000000000000000e+00 0.000000000000000000e+00 0.000000000000000000e+00 0.000000000000000000e+00
0.000000000000000000e+00 0.000000000000000000e+00 0.000000000000000000e+00 0.000000000000000000e+00 0.000000000000000000e+00 0.000000000000000000e+00
0.000000000000000000e+00 0.000000000000000000e+00 0.000000000000000000e+00 0.000000000000000000e+00 0.000000000000000000e+00 0.000000000000000000e+00
0.000000000000000000e+00 0.000000000000000000e+00 0.000000000000000000e+00 0.000000000000000000e+00 0.000000000000000000e+00 0.000000000000000000e+00
0.000000000000000000e+00 0.000000000000000000e+00 0.000000000000000000e+00 0.000000000000000000e+00 0.000000000000000000e+00 0.000000000000000000e+00
0.000000000000000000e+00 0.000000000000000000e+00 0.000000000000000000e+00 0.000000000000000000e+00 0.000000000000000000e+00 0.000000000000000000e+00
0.000000000000000000e+00 0.000000000000000000e+00 0.000000000000000000e+00 0.000000000000000000e+00 0.000000000000000000e+00 0.000000000000000000e+00
0.000000000000000000e+00 0.000000000000000000e+00 0.000000000000000000e+00 0.000000000000000000e+00 0.000000000000000000e+00 0.000000000000000000e+00
0.000000000000000000e+00 0.000000000000000000e+00 0.000000000000000000e+00 0.000000000000000000e+00 0.000000000000000000e+00 0.000000000000000000e+00
0.000000000000000000e+00 0.000000000000000000e+00 0.000000000000000000e+00 0.000000000000000000e+00 0.000000000000000000e+00 0.000000000000000000e+00
0.000000000000000000e+00 0.000000000000000000e+00 0.000000000000000000e+00 0.000000000000000000e+00 0.000000000000000000e+00 0.000000000000000000e+00
0.000000000000000000e+00 0.000000000000000000e+00 0.000000000000000000e+00 0.000000000000000000e+00 0.000000000000000000e+00 0.000000000000000000e+00
0.000000000000000000e+00 0.000000000000000000e+00 0.000000000000000000e+00 0.000000000000000000e+00 0.000000000000000000e+00 0.000000000000000000e+00
0.000000000000000000e+00 0.000000000000000000e+00 0.000000000000000000e+00 0.000000000000000000e+00 0.000000000000000000e+00 0.000000000000000000e+00
0.000000000000000000e+00 0.000000000000000000e+00 0.000000000000000000e+00 0.000000000000000000e+00 0.000000000000000000e+00 0.000000000000000000e+00
0.000000000000000000e+00 0.000000000000000000e+00 0.000000000000000000e+00 0.000000000000000000e+00 0.000000000000000000e+00 0.000000000000000000e+00
0.000000000000000000e+00 0.000000000000000000e+00 0.000000000000000000e+00 0.000000000000000000e+00 0.000000000000000000e+00 0.000000000000000000e+00
0.000000000000000000e+00 0.000000000000000000e+00 0.000000000000000000e+00 0.000000000000000000e+00 0.000000000000000000e+00 0.000000000000000000e+00
0.000000000000000000e+00 0.000000000000000000e+00 0.000000000000000000e+00 0.000000000000000000e+00 0.000000000000000000e+00 0.000000000000000000e+00
0.000000000000000000e+00 0.000000000000000000e+00 0.000000000000000000e+00 0.000000000000000000e+00 0.000000000000000000e+00 0.000000000000000000e+00
0.000000000000000000e+00 0.000000000000000000e+00 0.000000000000000000e+00 0.000000000000000000e+00 0.000000000000000000e+00 0.000000000000000000e+00
0.000000000000000000e+00 0.000000000000000000e+00 0.000000000000000000e+00 0.000000000000000000e+00 0.000000000000000000e+00 0.000000000000000000e+00
0.000000000000000000e+00 0.000000000000000000e+00 0.000000000000000000e+00 0.000000000000000000e+00 0.000000000000000000e+00 0.000000000000000000e+00
0.000000000000000000e+00 0.000000000000000000e+00 0.000000000000000000e+00 0.000000000000000000e+00 0.000000000000000000e+00 0.000000000000000000e+00
0.000000000000000000e+00 0.000000000000000000e+00 0.000000000000000000e+00 0.000000000000000000e+00 0.000000000000000000e+00 0.000000000000000000e+00
0.000000000000000000e+00 0.000000000000000000e+00 0.000000000000000000e+00 0.000000000000000000e+00 0.000000000000000000e+00 0.000000000000000000e+00
0.000000000000000000e+00 0.000000000000000000e+00 0.000000000000000000e+00 0.000000000000000000e+00 0.000000000000000000e+00 0.000000000000000000e+00
0.000000000000000000e+00 0.000000000000000000e+00 0.000000000000000000e+00 0.000000000000000000e+00 0.000000000000000000e+00 0.000000000000000000e+00
0.000000000000000000e+00 0.000000000000000000e+00 0.000000000000000000e+00 0.000000000000000000e+00 0.000000000000000000e+00 0.000000000000000000e+00
0.000000000000000000e+00 0.000000000000000000e+00 0.000000000000000000e+00 0.000000000000000000e+00 0.000000000000000000e+00 0.000000000000000000e+00
0.000000000000000000e+00 0.000000000000000000e+00 0.000000000000000000e+00 0.000000000000000000e+00 0.000000000000000000e+00 0.000000000000000000e+00
0.000000000000000000e+00 0.000000000000000000e+00 0.000000000000000000e+00 0.000000000000000000e+00 0.000000000000000000e+00 0.000000000000000000e+00
0.000000000000000000e+00 0.000000000000000000e+00 0.000000000000000000e+00 0.000000000000000000e+00 0.000000000000000000e+00 0.000000000000000000e+00
0.000000000000000000e+00 0.000000000000000000e+00 0.000000000000000000e+00 0.000000000000000000e+00 0.000000000000000000e+00 0.000000000000000000e+00
0.000000000000000000e+00 0.000000000000000000e+00 0.000000000000000000e+00 0.000000000000000000e+00 0.000000000000000000e+00 0.000000000000000000e+00
0.000000000000000000e+00 0.000000000000000000e+00 0.000000000000000000e+00 0.000000000000000000e+00 0.000000000000000000e+00 0.000000000000000000e+00
0.000000000000000000e+00 0.000000000000000000e+00 0.000000000000000000e+00 0.000000000000000000e+00 0.000000000000000000e+00 0.000000000000000000e+00
0.000000000000000000e+00 0.000000000000000000e+00 0.000000000000000000e+00 0.000000000000000000e+00 0.000000000000000000e+00 0.000000000000000000e+00
0.000000000000000000e+00 0.000000000000000000e+00 0.000000000000000000e+00 0.000000000000000000e+00 0.000000000000000000e+00 0.000000000000000000e+00
0.000000000000000000e+00 0.000000000000000000e+00 0.000000000000000000e+00 0.000000000000000000e+00 0.000000000000000000e+00 0.000000000000000000e+00
0.000000000000000000e+00 0.000000000000000000e+00 0.000000000000000000e+00 0.000000000000000000e+00 0.000000000000000000e+00 0.000000000000000000e+00
0.000000000000000000e+00 0.000000000000000000e+00 0.000000000000000000e+00 0.000000000000000000e+00 0.000000000000000000e+00 0.000000000000000000e+00
0.000000000000000000e+00 0.000000000000000000e+00 0.000000000000000000e+00 0.000000000000000000e+00 0.000000000000000000e+00 0.000000000000000000e+00
0.000000000000000000e+00 0.000000000000000000e+00 0.000000000000000000e+00 0.000000000000000000e+00 0.000000000000000000e+00 0.000000000000000000e+00
0.000000000000000000e+00 0.000000000000000000e+00 0.000000000000000000e+00 0.000000000000000000e+00 0.000000000000000000e+00 0.000000000000000000e+00
0.000000000000000000e+00 0.000000000000000000e+00 0.000000000000000000e+00 0.000000000000000000e+00 0.000000000000000000e+00 0.000000000000000000e+00
0.000000000000000000e+00 0.000000000000000000e+00 0.000000000000000000e+00 0.000000000000000000e+00 0.000000000000000000e+00 0.000000000000000000e+00
0.000000000000000000e+00 0.000000000000000000e+00 0.000000000000000000e+00 0.000000000000000000e+00 0.000000000000000000e+00 0.000000000000000000e+00
0.000000000000000000e+00 0.000000000000000000e+00 0.000000000000000000e+00 0.000000000000000000e+00 0.000000000000000000e+00 0.000000000000000000e+00
0.000000000000000000e+00 0.000000000000000000e+00 0.000000000000000000e+00 0.000000000000000000e+00 0.000000000000000000e+00 0.000000000000000000e+00
0.000000000000000000e+00 0.000000000000000000e+00 0.000000000000000000e+00 0.000000000000000000e+00 0.000000000000000000e+00 0.000000000000000000e+00
0.000000000000000000e+00 0.000000000000000000e+00 0.000000000000000000e+00 0.000000000000000000e+00 0.000000000000000000e+00 0.000000000000000000e+00
0.000000000000000000e+00 0.000000000000000000e+00 0.000000000000000000e+00 0.000000000000000000e+00 0.000000000000000000e+00 0.000000000000000000e+00
0.000000000000000000e+00 0.000000000000000000e+00 0.000000000000000000e+00 0.000000000000000000e+00 0.000000000000000000e+00 0.000000000000000000e+00
0.000000000000000000e+00 0.000000000000000000e+00 0.000000000000000000e+00 0.000000000000000000e+00 0.000000000000000000e+00 0.000000000000000000e+00
0.000000000000000000e+00 0.000000000000000000e+00 0.000000000000000000e+00 0.000000000000000000e+00 0.000000000000000000e+00 0.000000000000000000e+00
0.000000000000000000e+00 0.000000000000000000e+00 0.000000000000000000e+00 0.000000000000000000e+00 0.000000000000000000e+00 0.000000000000000000e+00
0.000000000000000000e+00 0.000000000000000000e+00 0.000000000000000000e+00 0.000000000000000000e+00 0.000000000000000000e+00 0.000000000000000000e+00
0.000000000000000000e+00 0.000000000000000000e+00 0.000000000000000000e+00 0.000000000000000000e+00 0.000000000000000000e+00 0.000000000000000000e+00
0.000000000000000000e+00 0.000000000000000000e+00 0.000000000000000000e+00 0.000000000000000000e+00 0.000000000000000000e+00 0.000000000000000000e+00
0.000000000000000000e+00 0.000000000000000000e+00 0.000000000000000000e+00 0.000000000000000000e+00 0.000000000000000000e+00 0.000000000000000000e+00
0.000000000000000000e+00 0.000000000000000000e+00 0.000000000000000000e+00 0.000000000000000000e+00 0.000000000000000000e+00 0.000000000000000000e+00
0.000000000000000000e+00 0.000000000000000000e+00 0.000000000000000000e+00 0.000000000000000000e+00 0.000000000000000000e+00 0.000000000000000000e+00
0.000000000000000000e+00 0.000000000000000000e+00 0.000000000000000000e+00 0.000000000000000000e+00 0.000000000000000000e+00 0.000000000000000000e+00
0.000000000000000000e+00 0.000000000000000000e+00 0.000000000000000000e+00 0.000000000000000000e+00 0.000000000000000000e+00 0.000000000000000000e+00
0.000000000000000000e+00 0.000000000000000000e+00 0.000000000000000000e+00 0.000000000000000000e+00 0.000000000000000000e+00 0.000000000000000000e+00
0.000000000000000000e+00 0.000000000000000000e+00 0.000000000000000000e+00 0.000000000000000000e+00 0.000000000000000000e+00 0.000000000000000000e+00
0.000000000000000000e+00 0.000000000000000000e+00 0.000000000000000000e+00 0.000000000000000000e+00 0.000000000000000000e+00 0.000000000000000000e+00
0.000000000000000000e+00 0.000000000000000000e+00 0.000000000000000000e+00 0.000000000000000000e+00 0.000000000000000000e+00 0.000000000000000000e+00
0.000000000000000000e+00 0.000000000000000000e+00 0.000000000000000000e+00 0.000000000000000000e+00 0.000000000000000000e+00 0.000000000000000000e+00
0.000000000000000000e+00 0.000000000000000000e+00 0.000000000000000000e+00 0.000000000000000000e+00 0.000000000000000000e+00 0.000000000000000000e+00
0.000000000000000000e+00 0.000000000000000000e+00 0.000000000000000000e+00 0.000000000000000000e+00 0.000000000000000000e+00 0.000000000000000000e+00
0.000000000000000000e+00 0.000000000000000000e+00 0.000000000000000000e+00 0.000000000000000000e+00 0.000000000000000000e+00 0.000000000000000000e+00
0.000000000000000000e+00 0.000000000000000000e+00 0.000000000000000000e+00 0.000000000000000000e+00 0.000000000000000000e+00 0.000000000000000000e+00
0.000000000000000000e+00 0.000000000000000000e+00 0.000000000000000000e+00 0.000000000000000000e+00 0.000000000000000000e+00 0.000000000000000000e+00
0.000000000000000000e+00 0.000000000000000000e+00 0.000000000000000000e+00 0.000000000000000000e+00 0.000000000000000000e+00 0.000000000000000000e+00
0.000000000000000000e+00 0.000000000000000000e+00 0.000000000000000000e+00 0.000000000000000000e+00 0.000000000000000000e+00 0.000000000000000000e+00
0.000000000000000000e+00 0.000000000000000000e+00 0.000000000000000000e+00 0.000000000000000000e+00 0.000000000000000000e+00 0.000000000000000000e+00
0.000000000000000000e+00 0.000000000000000000e+00 0.000000000000000000e+00 0.000000000000000000e+00 0.000000000000000000e+00 0.000000000000000000e+00
0.000000000000000000e+00 0.000000000000000000e+00 0.000000000000000000e+00 0.000000000000000000e+00 0.000000000000000000e+00 0.000000000000000000e+00
0.000000000000000000e+00 0.000000000000000000e+00 0.000000000000000000e+00 0.000000000000000000e+00 0.000000000000000000e+00 0.000000000000000000e+00
0.000000000000000000e+00 0.000000000000000000e+00 0.000000000000000000e+00 0.000000000000000000e+00 0.000000000000000000e+00 0.000000000000000000e+00
0.000000000000000000e+00 0.000000000000000000e+00 0.000000000000000000e+00 0.000000000000000000e+00 0.000000000000000000e+00 0.000000000000000000e+00
0.000000000000000000e+00 0.000000000000000000e+00 0.000000000000000000e+00 0.000000000000000000e+00 0.000000000000000000e+00 0.000000000000000000e+00
0.000000000000000000e+00 0.000000000000000000e+00 0.000000000000000000e+00 0.000000000000000000e+00 0.000000000000000000e+00 0.000000000000000000e+00
0.000000000000000000e+00 0.000000000000000000e+00 0.000000000000000000e+00 0.000000000000000000e+00 0.000000000000000000e+00 0.000000000000000000e+00
0.000000000000000000e+00 0.000000000000000000e+00 0.000000000000000000e+00 0.000000000000000000e+00 0.000000000000000000e+00 0.000000000000000000e+00
0.000000000000000000e+00 0.000000000000000000e+00 0.000000000000000000e+00 0.000000000000000000e+00 0.000000000000000000e+00 0.000000000000000000e+00
0.000000000000000000e+00 0.000000000000000000e+00 0.000000000000000000e+00 0.000000000000000000e+00 0.000000000000000000e+00 0.000000000000000000e+00
0.000000000000000000e+00 0.000000000000000000e+00 0.000000000000000000e+00 0.000000000000000000e+00 0.000000000000000000e+00 0.000000000000000000e+00
0.000000000000000000e+00 0.000000000000000000e+00 0.000000000000000000e+00 0.000000000000000000e+00 0.000000000000000000e+00 0.000000000000000000e+00
0.000000000000000000e+00 0.000000000000000000e+00 0.000000000000000000e+00 0.000000000000000000e+00 0.000000000000000000e+00 0.000000000000000000e+00
0.000000000000000000e+00 0.000000000000000000e+00 0.000000000000000000e+00 0.000000000000000000e+00 0.000000000000000000e+00 0.000000000000000000e+00
0.000000000000000000e+00 0.000000000000000000e+00 0.000000000000000000e+00 0.000000000000000000e+00 0.000000000000000000e+00 0.000000000000000000e+00
0.000000000000000000e+00 0.000000000000000000e+00 0.000000000000000000e+00 0.000000000000000000e+00 0.000000000000000000e+00 0.000000000000000000e+00
2.326675225049257278e-03 6.914826110005378723e-03 6.494085304439067841e-03 4.185634199529886246e-03 9.109519422054290771e-03 2.689814195036888123e-03
4.653350450098514557e-03 1.382965222001075745e-02 1.298817060887813568e-02 8.371268399059772491e-03 1.821903884410858154e-02 5.379628390073776245e-03
6.980025675147771835e-03 2.074447833001613617e-02 1.948225498199462891e-02 1.255690306425094604e-02 2.732855640351772308e-02 8.069442585110664368e-03
9.306700900197029114e-03 2.765930444002151489e-02 2.597634121775627136e-02 1.674253679811954498e-02 3.643807768821716309e-02 1.075925678014755249e-02
1.163337565958499908e-02 3.457413241267204285e-02 3.247042372822761536e-02 2.092817239463329315e-02 4.554759711027145386e-02 1.344907097518444061e-02
1.396005135029554367e-02 4.148895666003227234e-02 3.896450996398925781e-02 2.511380612850189209e-02 5.465711280703544617e-02 1.613888517022132874e-02
1.628672704100608826e-02 4.840378463268280029e-02 4.545859619975090027e-02 2.929943986237049103e-02 6.376663595438003540e-02 1.882869936525821686e-02
1.861340180039405823e-02 5.531860888004302979e-02 5.195268243551254272e-02 3.348507359623908997e-02 7.287615537643432617e-02 2.151851356029510498e-02
2.094007655978202820e-02 6.223343685269355774e-02 5.844676494598388672e-02 3.767070919275283813e-02 8.198567479848861694e-02 2.420832775533199310e-02
2.326675131916999817e-02 6.914826482534408569e-02 6.494084745645523071e-02 4.185634478926658630e-02 9.109519422054290771e-02 2.689814195036888123e-02
2.559342607855796814e-02 7.606308907270431519e-02 7.143493741750717163e-02 4.604197666049003601e-02 1.002047061920166016e-01 2.958795614540576935e-02
2.792010270059108734e-02 8.297791332006454468e-02 7.792901992797851562e-02 5.022761225700378418e-02 1.093142256140708923e-01 3.227777034044265747e-02
3.024677745997905731e-02 8.989273756742477417e-02 8.442310988903045654e-02 5.441324785351753235e-02 1.184237450361251831e-01 3.496758639812469482e-02
3.257345408201217651e-02 9.680756926536560059e-02 9.091719239950180054e-02 5.859887972474098206e-02 1.275332719087600708e-01 3.765739873051643372e-02
3.490012884140014648e-02 1.037223935127258301e-01 9.741127490997314453e-02 6.278451532125473022e-02 1.366427838802337646e-01 4.034721478819847107e-02
3.722680360078811646e-02 1.106372177600860596e-01 1.039053648710250854e-01 6.697014719247817993e-02 1.457523107528686523e-01 4.303702712059020996e-02
3.955347836017608643e-02 1.175520420074462891e-01 1.103994473814964294e-01 7.115578651428222656e-02 1.548618227243423462e-01 4.572684317827224731e-02
4.188015311956405640e-02 1.244668737053871155e-01 1.168935298919677734e-01 7.534141838550567627e-02 1.639713495969772339e-01 4.841665551066398621e-02
4.420682787895202637e-02 1.313816905021667480e-01 1.233876198530197144e-01 7.952705025672912598e-02 1.730808615684509277e-01 5.110647156834602356e-02
4.653350263833999634e-02 1.382965296506881714e-01 1.298816949129104614e-01 8.371268957853317261e-02 1.821903884410858154e-01 5.379628390073776245e-02
4.886017739772796631e-02 1.452113538980484009e-01 1.363757848739624023e-01 8.789832144975662231e-02 1.912999004125595093e-01 5.648609995841979980e-02
5.118685215711593628e-02 1.521261781454086304e-01 1.428698748350143433e-01 9.208395332098007202e-02 2.004094123840332031e-01 5.917591229081153870e-02
5.351353064179420471e-02 1.590410023927688599e-01 1.493639647960662842e-01 9.626959264278411865e-02 2.095189392566680908e-01 6.186572834849357605e-02
5.584020540118217468e-02 1.659558266401290894e-01 1.558580398559570312e-01 1.004552245140075684e-01 2.186284512281417847e-01 6.455554068088531494e-02
5.816688016057014465e-02 1.728706508874893188e-01 1.623521298170089722e-01 1.046408563852310181e-01 2.277379781007766724e-01 6.724535673856735229e-02
6.049355491995811462e-02 1.797854751348495483e-01 1.688462197780609131e-01 1.088264957070350647e-01 2.368474900722503662e-01 6.993517279624938965e-02
6.282022595405578613e-02 1.867002993822097778e-01 1.753402948379516602e-01 1.130121275782585144e-01 2.459570169448852539e-01 7.262498140335083008e-02
6.514690816402435303e-02 1.936151385307312012e-01 1.818343847990036011e-01 1.171977594494819641e-01 2.550665438175201416e-01 7.531479746103286743e-02
6.747358292341232300e-02 2.005299627780914307e-01 1.883284747600555420e-01 1.213833987712860107e-01 2.641760408878326416e-01 7.800461351871490479e-02
6.980025768280029297e-02 2.074447870254516602e-01 1.948225498199462891e-01 1.255690306425094604e-01 2.732855677604675293e-01 8.069442957639694214e-02
7.212693244218826294e-02 2.143596112728118896e-01 2.013166397809982300e-01 1.297546625137329102e-01 2.823950946331024170e-01 8.338423818349838257e-02
7.445360720157623291e-02 2.212744355201721191e-01 2.078107297420501709e-01 1.339402943849563599e-01 2.915046215057373047e-01 8.607405424118041992e-02
7.678028196096420288e-02 2.281892597675323486e-01 2.143048048019409180e-01 1.381259262561798096e-01 3.006141185760498047e-01 8.876387029886245728e-02
7.910695672035217285e-02 2.351040840148925781e-01 2.207988947629928589e-01 1.423115730285644531e-01 3.097236454486846924e-01 9.145368635654449463e-02
8.143363147974014282e-02 2.420189082622528076e-01 2.272929847240447998e-01 1.464972048997879028e-01 3.188331723213195801e-01 9.414349496364593506e-02
8.376030623912811279e-02 2.489337474107742310e-01 2.337870597839355469e-01 1.506828367710113525e-01 3.279426991939544678e-01 9.683331102132797241e-02
8.608698099851608276e-02 2.558485567569732666e-01 2.402811497449874878e-01 1.548684686422348022e-01 3.370521962642669678e-01 9.952312707901000977e-02
8.841365575790405273e-02 2.627633810043334961e-01 2.467752397060394287e-01 1.590541005134582520e-01 3.461617231369018555e-01 1.022129431366920471e-01
9.074033051729202271e-02 2.696782052516937256e-01 2.532693147659301758e-01 1.632397323846817017e-01 3.552712500095367432e-01 1.049027517437934875e-01
9.306700527667999268e-02 2.765930593013763428e-01 2.597633898258209229e-01 1.674253791570663452e-01 3.643807768821716309e-01 1.075925678014755249e-01
9.539368003606796265e-02 2.835078835487365723e-01 2.662574946880340576e-01 1.716110110282897949e-01 3.734902739524841309e-01 1.102823838591575623e-01
9.772035479545593262e-02 2.904227077960968018e-01 2.727515697479248047e-01 1.757966428995132446e-01 3.825998008251190186e-01 1.129721999168395996e-01
1.000470295548439026e-01 2.973375320434570312e-01 2.792456448078155518e-01 1.799822747707366943e-01 3.917093276977539062e-01 1.156620085239410400e-01
1.023737043142318726e-01 3.042523562908172607e-01 2.857397496700286865e-01 1.841679066419601440e-01 4.008188247680664062e-01 1.183518245816230774e-01
1.047003790736198425e-01 3.111671805381774902e-01 2.922338247299194336e-01 1.883535385131835938e-01 4.099283516407012939e-01 1.210416406393051147e-01
1.070270612835884094e-01 3.180820047855377197e-01 2.987279295921325684e-01 1.925391852855682373e-01 4.190378785133361816e-01 1.237314566969871521e-01
1.093537360429763794e-01 3.249968290328979492e-01 3.052220046520233154e-01 1.967248171567916870e-01 4.281474053859710693e-01 1.264212727546691895e-01
1.116804108023643494e-01 3.319116532802581787e-01 3.117160797119140625e-01 2.009104490280151367e-01 4.372569024562835693e-01 1.291110813617706299e-01
1.140070855617523193e-01 3.388264775276184082e-01 3.182101845741271973e-01 2.050960808992385864e-01 4.463664293289184570e-01 1.318008899688720703e-01
1.163337603211402893e-01 3.457413017749786377e-01 3.247042596340179443e-01 2.092817127704620361e-01 4.554759562015533447e-01 1.344907134771347046e-01
1.186604350805282593e-01 3.526561260223388672e-01 3.311983346939086914e-01 2.134673446416854858e-01 4.645854830741882324e-01 1.371805220842361450e-01
1.209871098399162292e-01 3.595709502696990967e-01 3.376924395561218262e-01 2.176529914140701294e-01 4.736949801445007324e-01 1.398703455924987793e-01
1.233137845993041992e-01 3.664857745170593262e-01 3.441865146160125732e-01 2.218386232852935791e-01 4.828045070171356201e-01 1.425601541996002197e-01
1.256404519081115723e-01 3.734005987644195557e-01 3.506805896759033203e-01 2.260242551565170288e-01 4.919140338897705078e-01 1.452499628067016602e-01
1.279671341180801392e-01 3.803154230117797852e-01 3.571746945381164551e-01 2.302098870277404785e-01 5.010235309600830078e-01 1.479397863149642944e-01
1.302938163280487061e-01 3.872302770614624023e-01 3.636687695980072021e-01 2.343955188989639282e-01 5.101330876350402832e-01 1.506295949220657349e-01
1.326204836368560791e-01 3.941451013088226318e-01 3.701628446578979492e-01 2.385811507701873779e-01 5.192425847053527832e-01 1.533194035291671753e-01
1.349471658468246460e-01 4.010599255561828613e-01 3.766569495201110840e-01 2.427667975425720215e-01 5.283520817756652832e-01 1.560092270374298096e-01
1.372738331556320190e-01 4.079747498035430908e-01 3.831510245800018311e-01 2.469524294137954712e-01 5.374616384506225586e-01 1.586990356445312500e-01
1.396005153656005859e-01 4.148895740509033203e-01 3.896450996398925781e-01 2.511380612850189209e-01 5.465711355209350586e-01 1.613888591527938843e-01
1.419271826744079590e-01 4.218043982982635498e-01 3.961392045021057129e-01 2.553237080574035645e-01 5.556806325912475586e-01 1.640786677598953247e-01
1.442538648843765259e-01 4.287192225456237793e-01 4.026332795619964600e-01 2.595093250274658203e-01 5.647901892662048340e-01 1.667684763669967651e-01
1.465805321931838989e-01 4.356340467929840088e-01 4.091273546218872070e-01 2.636949717998504639e-01 5.738996863365173340e-01 1.694582998752593994e-01
1.489072144031524658e-01 4.425488710403442383e-01 4.156214594841003418e-01 2.678805887699127197e-01 5.830092430114746094e-01 1.721481084823608398e-01
1.512338817119598389e-01 4.494636952877044678e-01 4.221155345439910889e-01 2.720662355422973633e-01 5.921187400817871094e-01 1.748379170894622803e-01
1.535605639219284058e-01 4.563785195350646973e-01 4.286096096038818359e-01 2.762518525123596191e-01 6.012282371520996094e-01 1.775277405977249146e-01
1.558872312307357788e-01 4.632933437824249268e-01 4.351037144660949707e-01 2.804374992847442627e-01 6.103377938270568848e-01 1.802175492048263550e-01
1.582139134407043457e-01 4.702081680297851562e-01 4.415977895259857178e-01 2.846231460571289062e-01 6.194472908973693848e-01 1.829073727130889893e-01
1.605405807495117188e-01 4.771229922771453857e-01 4.480918645858764648e-01 2.888087630271911621e-01 6.285567879676818848e-01 1.855971813201904297e-01
1.628672629594802856e-01 4.840378165245056152e-01 4.545859694480895996e-01 2.929944097995758057e-01 6.376663446426391602e-01 1.882869899272918701e-01
1.651939302682876587e-01 4.909526407718658447e-01 4.610800445079803467e-01 2.971800267696380615e-01 6.467758417129516602e-01 1.909768134355545044e-01
1.675206124782562256e-01 4.978674948215484619e-01 4.675741195678710938e-01 3.013656735420227051e-01 6.558853983879089355e-01 1.936666220426559448e-01
1.698472946882247925e-01 5.047823190689086914e-01 4.740682244300842285e-01 3.055513203144073486e-01 6.649948954582214355e-01 1.963564306497573853e-01
1.721739619970321655e-01 5.116971135139465332e-01 4.805622994899749756e-01 3.097369372844696045e-01 6.741043925285339355e-01 1.990462541580200195e-01
1.745006442070007324e-01 5.186119675636291504e-01 4.870563745498657227e-01 3.139225840568542480e-01 6.832139492034912109e-01 2.017360627651214600e-01
1.768273115158081055e-01 5.255267620086669922e-01 4.935504794120788574e-01 3.181082010269165039e-01 6.923234462738037109e-01 2.044258862733840942e-01
1.791539937257766724e-01 5.324416160583496094e-01 5.000445246696472168e-01 3.222938477993011475e-01 7.014329433441162109e-01 2.071156948804855347e-01
1.814806610345840454e-01 5.393564105033874512e-01 5.065386295318603516e-01 3.264794647693634033e-01 7.105425000190734863e-01 2.098055034875869751e-01
1.838073432445526123e-01 5.462712645530700684e-01 5.130327343940734863e-01 3.306651115417480469e-01 7.196519970893859863e-01 2.124953269958496094e-01
1.861340105533599854e-01 5.531861186027526855e-01 5.195267796516418457e-01 3.348507583141326904e-01 7.287615537643432617e-01 2.151851356029510498e-01
1.884606927633285522e-01 5.601009130477905273e-01 5.260208845138549805e-01 3.390363752841949463e-01 7.378710508346557617e-01 2.178749442100524902e-01
1.907873600721359253e-01 5.670157670974731445e-01 5.325149893760681152e-01 3.432220220565795898e-01 7.469805479049682617e-01 2.205647677183151245e-01
1.931140422821044922e-01 5.739305615425109863e-01 5.390090346336364746e-01 3.474076390266418457e-01 7.560901045799255371e-01 2.232545763254165649e-01
1.954407095909118652e-01 5.808454155921936035e-01 5.455031394958496094e-01 3.515932857990264893e-01 7.651996016502380371e-01 2.259443998336791992e-01
1.977673918008804321e-01 5.877602100372314453e-01 5.519972443580627441e-01 3.557789325714111328e-01 7.743090987205505371e-01 2.286342084407806396e-01
2.000940591096878052e-01 5.946750640869140625e-01 5.584912896156311035e-01 3.599645495414733887e-01 7.834186553955078125e-01 2.313240170478820801e-01
2.024207413196563721e-01 6.015898585319519043e-01 5.649853944778442383e-01 3.641501963138580322e-01 7.925281524658203125e-01 2.340138405561447144e-01
2.047474086284637451e-01 6.085047125816345215e-01 5.714794993400573730e-01 3.683358132839202881e-01 8.016376495361328125e-01 2.367036491632461548e-01
2.070740908384323120e-01 6.154195070266723633e-01 5.779736042022705078e-01 3.725214600563049316e-01 8.107472062110900879e-01 2.393934577703475952e-01
2.094007581472396851e-01 6.223343610763549805e-01 5.844676494598388672e-01 3.767070770263671875e-01 8.198567032814025879e-01 2.420832812786102295e-01
2.117274403572082520e-01 6.292491555213928223e-01 5.909617543220520020e-01 3.808927237987518311e-01 8.289662599563598633e-01 2.447730898857116699e-01
2.140541225671768188e-01 6.361640095710754395e-01 5.974558591842651367e-01 3.850783705711364746e-01 8.380757570266723633e-01 2.474629133939743042e-01
2.163807898759841919e-01 6.430788040161132812e-01 6.039499044418334961e-01 3.892639875411987305e-01 8.471852540969848633e-01 2.501527070999145508e-01
2.187074720859527588e-01 6.499936580657958984e-01 6.104440093040466309e-01 3.934496343135833740e-01 8.562948107719421387e-01 2.528425455093383789e-01
2.210341393947601318e-01 6.569084525108337402e-01 6.169381141662597656e-01 3.976352512836456299e-01 8.654043078422546387e-01 2.555323541164398193e-01
2.233608216047286987e-01 6.638233065605163574e-01 6.234321594238281250e-01 4.018208980560302734e-01 8.745138049125671387e-01 2.582221627235412598e-01
2.256874889135360718e-01 6.707381606101989746e-01 6.299262642860412598e-01 4.060065448284149170e-01 8.836233615875244141e-01 2.609119713306427002e-01
2.280141711235046387e-01 6.776529550552368164e-01 6.364203691482543945e-01 4.101921617984771729e-01 8.927328586578369141e-01 2.636017799377441406e-01
2.303408384323120117e-01 6.845678091049194336e-01 6.429144144058227539e-01 4.143778085708618164e-01 9.018424153327941895e-01 2.662916183471679688e-01
2.326675206422805786e-01 6.914826035499572754e-01 6.494085192680358887e-01 4.185634255409240723e-01 9.109519124031066895e-01 2.689814269542694092e-01
2.349941879510879517e-01 6.983974575996398926e-01 6.559026241302490234e-01 4.227490723133087158e-01 9.200614094734191895e-01 2.716712355613708496e-01
2.373208701610565186e-01 7.053122520446777344e-01 6.623966693878173828e-01 4.269346892833709717e-01 9.291709661483764648e-01 2.743610441684722900e-01
2.396475374698638916e-01 7.122271060943603516e-01 6.688907742500305176e-01 4.311203360557556152e-01 9.382804632186889648e-01 2.770508527755737305e-01
2.419742196798324585e-01 7.191419005393981934e-01 6.753848791122436523e-01 4.353059828281402588e-01 9.473899602890014648e-01 2.797406911849975586e-01
2.443008869886398315e-01 7.260567545890808105e-01 6.818789243698120117e-01 4.394915997982025146e-01 9.564995169639587402e-01 2.824304997920989990e-01
2.466275691986083984e-01 7.329715490341186523e-01 6.883730292320251465e-01 4.436772465705871582e-01 9.656090140342712402e-01 2.851203083992004395e-01
2.489542365074157715e-01 7.398864030838012695e-01 6.948671340942382812e-01 4.478628635406494141e-01 9.747185111045837402e-01 2.878101170063018799e-01
2.512809038162231445e-01 7.468011975288391113e-01 7.013611793518066406e-01 4.520485103130340576e-01 9.838280677795410156e-01 2.904999256134033203e-01
2.536076009273529053e-01 7.537160515785217285e-01 7.078552842140197754e-01 4.562341570854187012e-01 9.929375648498535156e-01 2.931897342205047607e-01
2.559342682361602783e-01 7.606308460235595703e-01 7.143493890762329102e-01 4.604197740554809570e-01 1.002047061920166016e+00 2.958795726299285889e-01
2.582609355449676514e-01 7.675457000732421875e-01 7.208434343338012695e-01 4.646054208278656006e-01 1.011156558990478516e+00 2.985693812370300293e-01
2.605876326560974121e-01 7.744605541229248047e-01 7.273375391960144043e-01 4.687910377979278564e-01 1.020266175270080566e+00 3.012591898441314697e-01
2.629142999649047852e-01 7.813753485679626465e-01 7.338316440582275391e-01 4.729766845703125000e-01 1.029375672340393066e+00 3.039489984512329102e-01
2.652409672737121582e-01 7.882902026176452637e-01 7.403256893157958984e-01 4.771623015403747559e-01 1.038485169410705566e+00 3.066388070583343506e-01
2.675676345825195312e-01 7.952049970626831055e-01 7.468197941780090332e-01 4.813479483127593994e-01 1.047594666481018066e+00 3.093286454677581787e-01
2.698943316936492920e-01 8.021198511123657227e-01 7.533138990402221680e-01 4.855335950851440430e-01 1.056704163551330566e+00 3.120184540748596191e-01
2.722209990024566650e-01 8.090346455574035645e-01 7.598079442977905273e-01 4.897192120552062988e-01 1.065813779830932617e+00 3.147082626819610596e-01
2.745476663112640381e-01 8.159494996070861816e-01 7.663020491600036621e-01 4.939048588275909424e-01 1.074923276901245117e+00 3.173980712890625000e-01
2.768743336200714111e-01 8.228642940521240234e-01 7.727961540222167969e-01 4.980904757976531982e-01 1.084032773971557617e+00 3.200878798961639404e-01
2.792010307312011719e-01 8.297791481018066406e-01 7.792901992797851562e-01 5.022761225700378418e-01 1.093142271041870117e+00 3.227777183055877686e-01
2.815276980400085449e-01 8.366939425468444824e-01 7.857843041419982910e-01 5.064617395401000977e-01 1.102251768112182617e+00 3.254675269126892090e-01
2.838543653488159180e-01 8.436087965965270996e-01 7.922784090042114258e-01 5.106474161148071289e-01 1.111361265182495117e+00 3.281573355197906494e-01
2.861810326576232910e-01 8.505235910415649414e-01 7.987724542617797852e-01 5.148330330848693848e-01 1.120470881462097168e+00 3.308471441268920898e-01
2.885077297687530518e-01 8.574384450912475586e-01 8.052665591239929199e-01 5.190186500549316406e-01 1.129580378532409668e+00 3.335369527339935303e-01
2.908343970775604248e-01 8.643532395362854004e-01 8.117606639862060547e-01 5.232042670249938965e-01 1.138689875602722168e+00 3.362267613410949707e-01
2.931610643863677979e-01 8.712680935859680176e-01 8.182547092437744141e-01 5.273899435997009277e-01 1.147799372673034668e+00 3.389165997505187988e-01
2.954877614974975586e-01 8.781828880310058594e-01 8.247488141059875488e-01 5.315755605697631836e-01 1.156908869743347168e+00 3.416064083576202393e-01
2.978144288063049316e-01 8.850977420806884766e-01 8.312429189682006836e-01 5.357611775398254395e-01 1.166018486022949219e+00 3.442962169647216797e-01
3.001410961151123047e-01 8.920125961303710938e-01 8.377369642257690430e-01 5.399468541145324707e-01 1.175127983093261719e+00 3.469860255718231201e-01
3.024677634239196777e-01 8.989273905754089355e-01 8.442310690879821777e-01 5.441324710845947266e-01 1.184237480163574219e+00 3.496758341789245605e-01
3.047944605350494385e-01 9.058422446250915527e-01 8.507251739501953125e-01 5.483180880546569824e-01 1.193346977233886719e+00 3.523656725883483887e-01
3.071211278438568115e-01 9.127570390701293945e-01 8.572192192077636719e-01 5.525037050247192383e-01 1.202456474304199219e+00 3.550554811954498291e-01
3.094477951526641846e-01 9.196718931198120117e-01 8.637133240699768066e-01 5.566893815994262695e-01 1.211566090583801270e+00 3.577452898025512695e-01
3.117744624614715576e-01 9.265866875648498535e-01 8.702074289321899414e-01 5.608749985694885254e-01 1.220675587654113770e+00 3.604350984096527100e-01
3.141011595726013184e-01 9.335015416145324707e-01 8.767014741897583008e-01 5.650606155395507812e-01 1.229785084724426270e+00 3.631249070167541504e-01
3.164278268814086914e-01 9.404163360595703125e-01 8.831955790519714355e-01 5.692462921142578125e-01 1.238894581794738770e+00 3.658147454261779785e-01
3.187544941902160645e-01 9.473311901092529297e-01 8.896896839141845703e-01 5.734319090843200684e-01 1.248004078865051270e+00 3.685045540332794189e-01
3.210811614990234375e-01 9.542459845542907715e-01 8.961837291717529297e-01 5.776175260543823242e-01 1.257113575935363770e+00 3.711943626403808594e-01
3.234078586101531982e-01 9.611608386039733887e-01 9.026778340339660645e-01 5.818032026290893555e-01 1.266223192214965820e+00 3.738841712474822998e-01
3.257345259189605713e-01 9.680756330490112305e-01 9.091719388961791992e-01 5.859888195991516113e-01 1.275332689285278320e+00 3.765739798545837402e-01
3.280611932277679443e-01 9.749904870986938477e-01 9.156659841537475586e-01 5.901744365692138672e-01 1.284442186355590820e+00 3.792637884616851807e-01
3.303878605365753174e-01 9.819052815437316895e-01 9.221600890159606934e-01 5.943600535392761230e-01 1.293551683425903320e+00 3.819536268711090088e-01
3.327145576477050781e-01 9.888201355934143066e-01 9.286541938781738281e-01 5.985457301139831543e-01 1.302661180496215820e+00 3.846434354782104492e-01
3.350412249565124512e-01 9.957349896430969238e-01 9.351482391357421875e-01 6.027313470840454102e-01 1.311770796775817871e+00 3.873332440853118896e-01
3.373678922653198242e-01 1.002649784088134766e+00 9.416423439979553223e-01 6.069169640541076660e-01 1.320880293846130371e+00 3.900230526924133301e-01
3.396945893764495850e-01 1.009564638137817383e+00 9.481364488601684570e-01 6.111026406288146973e-01 1.329989790916442871e+00 3.927128612995147705e-01
3.420212566852569580e-01 1.016479492187500000e+00 9.546304941177368164e-01 6.152882575988769531e-01 1.339099287986755371e+00 3.954026997089385986e-01
3.443479239940643311e-01 1.023394227027893066e+00 9.611245989799499512e-01 6.194738745689392090e-01 1.348208785057067871e+00 3.980925083160400391e-01
3.466745913028717041e-01 1.030309081077575684e+00 9.676187038421630859e-01 6.236594915390014648e-01 1.357318282127380371e+00 4.007823169231414795e-01
3.490012884140014648e-01 1.037223935127258301e+00 9.741127490997314453e-01 6.278451681137084961e-01 1.366427898406982422e+00 4.034721255302429199e-01
3.513279557228088379e-01 1.044138789176940918e+00 9.806068539619445801e-01 6.320307850837707520e-01 1.375537395477294922e+00 4.061619341373443604e-01
3.536546230316162109e-01 1.051053524017333984e+00 9.871009588241577148e-01 6.362164020538330078e-01 1.384646892547607422e+00 4.088517725467681885e-01
3.559812903404235840e-01 1.057968378067016602e+00 9.935950040817260742e-01 6.404020786285400391e-01 1.393756389617919922e+00 4.115415811538696289e-01
3.583079874515533447e-01 1.064883232116699219e+00 1.000089049339294434e+00 6.445876955986022949e-01 1.402865886688232422e+00 4.142313897609710693e-01
3.606346547603607178e-01 1.071798086166381836e+00 1.006583213806152344e+00 6.487733125686645508e-01 1.411975502967834473e+00 4.169211983680725098e-01
3.629613220691680908e-01 1.078712821006774902e+00 1.013077259063720703e+00 6.529589295387268066e-01 1.421085000038146973e+00 4.196110069751739502e-01
3.652879893779754639e-01 1.085627675056457520e+00 1.019571304321289062e+00 6.571446061134338379e-01 1.430194497108459473e+00 4.223008155822753906e-01
3.676146864891052246e-01 1.092542529106140137e+00 1.026065468788146973e+00 6.613302230834960938e-01 1.439303994178771973e+00 4.249906539916992188e-01
3.699413537979125977e-01 1.099457383155822754e+00 1.032559514045715332e+00 6.655158400535583496e-01 1.448413491249084473e+00 4.276804625988006592e-01
3.722680211067199707e-01 1.106372237205505371e+00 1.039053559303283691e+00 6.697015166282653809e-01 1.457523107528686523e+00 4.303702712059020996e-01
3.745946884155273438e-01 1.113286972045898438e+00 1.045547723770141602e+00 6.738871335983276367e-01 1.466632604598999023e+00 4.330600798130035400e-01
3.769213855266571045e-01 1.120201826095581055e+00 1.052041769027709961e+00 6.780727505683898926e-01 1.475742101669311523e+00 4.357498884201049805e-01
3.792480528354644775e-01 1.127116680145263672e+00 1.058535814285278320e+00 6.822584271430969238e-01 1.484851598739624023e+00 4.384397268295288086e-01
3.815747201442718506e-01 1.134031534194946289e+00 1.065029978752136230e+00 6.864440441131591797e-01 1.493961095809936523e+00 4.411295354366302490e-01
3.839014172554016113e-01 1.140946269035339355e+00 1.071524024009704590e+00 6.906296610832214355e-01 1.503070592880249023e+00 4.438193440437316895e-01
3.862280845642089844e-01 1.147861123085021973e+00 1.078018069267272949e+00 6.948152780532836914e-01 1.512180209159851074e+00 4.465091526508331299e-01
3.885547518730163574e-01 1.154775977134704590e+00 1.084512233734130859e+00 6.990009546279907227e-01 1.521289706230163574e+00 4.491989612579345703e-01
3.908814191818237305e-01 1.161690831184387207e+00 1.091006278991699219e+00 7.031865715980529785e-01 1.530399203300476074e+00 4.518887996673583984e-01
3.932081162929534912e-01 1.168605566024780273e+00 1.097500324249267578e+00 7.073721885681152344e-01 1.539508700370788574e+00 4.545786082744598389e-01
3.955347836017608643e-01 1.175520420074462891e+00 1.103994488716125488e+00 7.115578651428222656e-01 1.548618197441101074e+00 4.572684168815612793e-01
3.978614509105682373e-01 1.182435274124145508e+00 1.110488533973693848e+00 7.157434821128845215e-01 1.557727813720703125e+00 4.599582254886627197e-01
4.001881182193756104e-01 1.189350128173828125e+00 1.116982579231262207e+00 7.199290990829467773e-01 1.566837310791015625e+00 4.626480340957641602e-01
4.025148153305053711e-01 1.196264863014221191e+00 1.123476743698120117e+00 7.241147160530090332e-01 1.575946807861328125e+00 4.653378427028656006e-01
4.048414826393127441e-01 1.203179717063903809e+00 1.129970788955688477e+00 7.283003926277160645e-01 1.585056304931640625e+00 4.680276811122894287e-01
4.071681499481201172e-01 1.210094571113586426e+00 1.136464834213256836e+00 7.324860095977783203e-01 1.594165802001953125e+00 4.707174897193908691e-01
4.094948172569274902e-01 1.217009425163269043e+00 1.142958998680114746e+00 7.366716265678405762e-01 1.603275299072265625e+00 4.734072983264923096e-01
4.118215143680572510e-01 1.223924279212951660e+00 1.149453043937683105e+00 7.408573031425476074e-01 1.612384915351867676e+00 4.760971069335937500e-01
4.141481816768646240e-01 1.230839014053344727e+00 1.155947208404541016e+00 7.450429201126098633e-01 1.621494412422180176e+00 4.787869155406951904e-01
4.164748489856719971e-01 1.237753868103027344e+00 1.162441253662109375e+00 7.492285370826721191e-01 1.630603909492492676e+00 4.814767539501190186e-01
4.188015162944793701e-01 1.244668722152709961e+00 1.168935298919677734e+00 7.534141540527343750e-01 1.639713406562805176e+00 4.841665625572204590e-01
4.211282134056091309e-01 1.251583576202392578e+00 1.175429463386535645e+00 7.575998306274414062e-01 1.648822903633117676e+00 4.868563711643218994e-01
4.234548807144165039e-01 1.258498311042785645e+00 1.181923508644104004e+00 7.617854475975036621e-01 1.657932519912719727e+00 4.895461797714233398e-01
4.257815480232238770e-01 1.265413165092468262e+00 1.188417553901672363e+00 7.659710645675659180e-01 1.667042016983032227e+00 4.922359883785247803e-01
4.281082451343536377e-01 1.272328019142150879e+00 1.194911718368530273e+00 7.701567411422729492e-01 1.676151514053344727e+00 4.949258267879486084e-01
4.304349124431610107e-01 1.279242873191833496e+00 1.201405763626098633e+00 7.743423581123352051e-01 1.685261011123657227e+00 4.976156353950500488e-01
4.327615797519683838e-01 1.286157608032226562e+00 1.207899808883666992e+00 7.785279750823974609e-01 1.694370508193969727e+00 5.003054141998291016e-01
4.350882470607757568e-01 1.293072462081909180e+00 1.214393973350524902e+00 7.827136516571044922e-01 1.703480005264282227e+00 5.029952526092529297e-01
4.374149441719055176e-01 1.299987316131591797e+00 1.220888018608093262e+00 7.868992686271667480e-01 1.712589621543884277e+00 5.056850910186767578e-01
4.397416114807128906e-01 1.306902170181274414e+00 1.227382063865661621e+00 7.910848855972290039e-01 1.721699118614196777e+00 5.083748698234558105e-01
4.420682787895202637e-01 1.313816905021667480e+00 1.233876228332519531e+00 7.952705025672912598e-01 1.730808615684509277e+00 5.110647082328796387e-01
4.443949460983276367e-01 1.320731759071350098e+00 1.240370273590087891e+00 7.994561791419982910e-01 1.739918112754821777e+00 5.137544870376586914e-01
4.467216432094573975e-01 1.327646613121032715e+00 1.246864318847656250e+00 8.036417961120605469e-01 1.749027609825134277e+00 5.164443254470825195e-01
4.490483105182647705e-01 1.334561467170715332e+00 1.253358483314514160e+00 8.078274130821228027e-01 1.758137226104736328e+00 5.191341638565063477e-01
4.513749778270721436e-01 1.341476321220397949e+00 1.259852528572082520e+00 8.120130896568298340e-01 1.767246723175048828e+00 5.218239426612854004e-01
4.537016451358795166e-01 1.348391056060791016e+00 1.266346573829650879e+00 8.161987066268920898e-01 1.776356220245361328e+00 5.245137810707092285e-01
4.560283422470092773e-01 1.355305910110473633e+00 1.272840738296508789e+00 8.203843235969543457e-01 1.785465717315673828e+00 5.272035598754882812e-01
4.583550095558166504e-01 1.362220764160156250e+00 1.279334783554077148e+00 8.245699405670166016e-01 1.794575214385986328e+00 5.298933982849121094e-01
4.606816768646240234e-01 1.369135618209838867e+00 1.285828828811645508e+00 8.287556171417236328e-01 1.803684830665588379e+00 5.325832366943359375e-01
4.630083739757537842e-01 1.376050353050231934e+00 1.292322993278503418e+00 8.329412341117858887e-01 1.812794327735900879e+00 5.352730154991149902e-01
4.653350412845611572e-01 1.382965207099914551e+00 1.298817038536071777e+00 8.371268510818481445e-01 1.821903824806213379e+00 5.379628539085388184e-01
4.676617085933685303e-01 1.389880061149597168e+00 1.305311083793640137e+00 8.413125276565551758e-01 1.831013321876525879e+00 5.406526327133178711e-01
4.699883759021759033e-01 1.396794915199279785e+00 1.311805248260498047e+00 8.454981446266174316e-01 1.840122818946838379e+00 5.433424711227416992e-01
4.723150730133056641e-01 1.403709650039672852e+00 1.318299293518066406e+00 8.496837615966796875e-01 1.849232316017150879e+00 5.460323095321655273e-01
4.746417403221130371e-01 1.410624504089355469e+00 1.324793338775634766e+00 8.538693785667419434e-01 1.858341932296752930e+00 5.487220883369445801e-01
4.769684076309204102e-01 1.417539358139038086e+00 1.331287503242492676e+00 8.580550551414489746e-01 1.867451429367065430e+00 5.514119267463684082e-01
4.792950749397277832e-01 1.424454212188720703e+00 1.337781548500061035e+00 8.622406721115112305e-01 1.876560926437377930e+00 5.541017055511474609e-01
4.816217720508575439e-01 1.431369066238403320e+00 1.344275593757629395e+00 8.664262890815734863e-01 1.885670423507690430e+00 5.567915439605712891e-01
4.839484393596649170e-01 1.438283801078796387e+00 1.350769758224487305e+00 8.706119656562805176e-01 1.894779920578002930e+00 5.594813823699951172e-01
4.862751066684722900e-01 1.445198655128479004e+00 1.357263803482055664e+00 8.747975826263427734e-01 1.903889536857604980e+00 5.621711611747741699e-01
4.886017739772796631e-01 1.452113509178161621e+00 1.363757848739624023e+00 8.789831995964050293e-01 1.912999033927917480e+00 5.648609995841979980e-01
4.909284710884094238e-01 1.459028363227844238e+00 1.370252013206481934e+00 8.831688761711120605e-01 1.922108530998229980e+00 5.675507783889770508e-01
4.932551383972167969e-01 1.465943098068237305e+00 1.376746058464050293e+00 8.873544931411743164e-01 1.931218028068542480e+00 5.702406167984008789e-01
4.955818057060241699e-01 1.472857952117919922e+00 1.383240103721618652e+00 8.915401101112365723e-01 1.940327525138854980e+00 5.729303956031799316e-01
4.979084730148315430e-01 1.479772806167602539e+00 1.389734268188476562e+00 8.957257270812988281e-01 1.949437022209167480e+00 5.756202340126037598e-01
5.002351403236389160e-01 1.486687660217285156e+00 1.396228313446044922e+00 8.999114036560058594e-01 1.958546638488769531e+00 5.783100724220275879e-01
5.025618076324462891e-01 1.493602395057678223e+00 1.402722358703613281e+00 9.040970206260681152e-01 1.967656135559082031e+00 5.809998512268066406e-01
5.048885345458984375e-01 1.500517249107360840e+00 1.409216523170471191e+00 9.082826375961303711e-01 1.976765632629394531e+00 5.836896896362304688e-01
5.072152018547058105e-01 1.507432103157043457e+00 1.415710568428039551e+00 9.124683141708374023e-01 1.985875129699707031e+00 5.863794684410095215e-01
5.095418691635131836e-01 1.514346957206726074e+00 1.422204613685607910e+00 9.166539311408996582e-01 1.994984626770019531e+00 5.890693068504333496e-01
5.118685364723205566e-01 1.521261692047119141e+00 1.428698778152465820e+00 9.208395481109619141e-01 2.004094123840332031e+00 5.917591452598571777e-01
5.141952037811279297e-01 1.528176546096801758e+00 1.435192823410034180e+00 9.250251650810241699e-01 2.013203620910644531e+00 5.944489240646362305e-01
5.165218710899353027e-01 1.535091400146484375e+00 1.441686868667602539e+00 9.292108416557312012e-01 2.022313117980957031e+00 5.971387624740600586e-01
5.188485383987426758e-01 1.542006254196166992e+00 1.448181033134460449e+00 9.333964586257934570e-01 2.031422853469848633e+00 5.998285412788391113e-01
5.211752653121948242e-01 1.548921108245849609e+00 1.454675078392028809e+00 9.375820755958557129e-01 2.040532350540161133e+00 6.025183796882629395e-01
5.235019326210021973e-01 1.555835843086242676e+00 1.461169123649597168e+00 9.417677521705627441e-01 2.049641847610473633e+00 6.052082180976867676e-01
5.258285999298095703e-01 1.562750697135925293e+00 1.467663288116455078e+00 9.459533691406250000e-01 2.058751344680786133e+00 6.078979969024658203e-01
5.281552672386169434e-01 1.569665551185607910e+00 1.474157333374023438e+00 9.501389861106872559e-01 2.067860841751098633e+00 6.105878353118896484e-01
5.304819345474243164e-01 1.576580405235290527e+00 1.480651378631591797e+00 9.543246030807495117e-01 2.076970338821411133e+00 6.132776141166687012e-01
5.328086018562316895e-01 1.583495140075683594e+00 1.487145543098449707e+00 9.585102796554565430e-01 2.086079835891723633e+00 6.159674525260925293e-01
5.351352691650390625e-01 1.590409994125366211e+00 1.493639588356018066e+00 9.626958966255187988e-01 2.095189332962036133e+00 6.186572909355163574e-01
5.374619364738464355e-01 1.597324848175048828e+00 1.500133633613586426e+00 9.668815135955810547e-01 2.104298830032348633e+00 6.213470697402954102e-01
5.397886633872985840e-01 1.604239702224731445e+00 1.506627798080444336e+00 9.710671901702880859e-01 2.113408327102661133e+00 6.240369081497192383e-01
5.421153306961059570e-01 1.611154437065124512e+00 1.513121843338012695e+00 9.752528071403503418e-01 2.122517824172973633e+00 6.267266869544982910e-01
5.444419980049133301e-01 1.618069291114807129e+00 1.519615888595581055e+00 9.794384241104125977e-01 2.131627559661865234e+00 6.294165253639221191e-01
5.467686653137207031e-01 1.624984145164489746e+00 1.526110053062438965e+00 9.836240410804748535e-01 2.140737056732177734e+00 6.321063637733459473e-01
5.490953326225280762e-01 1.631898999214172363e+00 1.532604098320007324e+00 9.878097176551818848e-01 2.149846553802490234e+00 6.347961425781250000e-01
5.514219999313354492e-01 1.638813734054565430e+00 1.539098143577575684e+00 9.919953346252441406e-01 2.158956050872802734e+00 6.374859809875488281e-01
5.537486672401428223e-01 1.645728588104248047e+00 1.545592308044433594e+00 9.961809515953063965e-01 2.168065547943115234e+00 6.401757597923278809e-01
5.560753941535949707e-01 1.652643442153930664e+00 1.552086353302001953e+00 1.000366568565368652e+00 2.177175045013427734e+00 6.428655982017517090e-01
5.584020614624023438e-01 1.659558296203613281e+00 1.558580398559570312e+00 1.004552245140075684e+00 2.186284542083740234e+00 6.455554366111755371e-01
5.607287287712097168e-01 1.666473150253295898e+00 1.565074563026428223e+00 1.008737921714782715e+00 2.195394039154052734e+00 6.482452154159545898e-01
5.630553960800170898e-01 1.673387885093688965e+00 1.571568608283996582e+00 1.012923479080200195e+00 2.204503536224365234e+00 6.509350538253784180e-01
5.653820633888244629e-01 1.680302739143371582e+00 1.578062653541564941e+00 1.017109155654907227e+00 2.213613033294677734e+00 6.536248326301574707e-01
5.677087306976318359e-01 1.687217593193054199e+00 1.584556818008422852e+00 1.021294832229614258e+00 2.222722530364990234e+00 6.563146710395812988e-01
5.700353980064392090e-01 1.694132447242736816e+00 1.591050863265991211e+00 1.025480389595031738e+00 2.231832265853881836e+00 6.590044498443603516e-01
5.723620653152465820e-01 1.701047182083129883e+00 1.597544908523559570e+00 1.029666066169738770e+00 2.240941762924194336e+00 6.616942882537841797e-01
5.746887922286987305e-01 1.707962036132812500e+00 1.604039072990417480e+00 1.033851623535156250e+00 2.250051259994506836e+00 6.643841266632080078e-01
5.770154595375061035e-01 1.714876890182495117e+00 1.610533118247985840e+00 1.038037300109863281e+00 2.259160757064819336e+00 6.670739054679870605e-01
5.793421268463134766e-01 1.721791744232177734e+00 1.617027163505554199e+00 1.042222976684570312e+00 2.268270254135131836e+00 6.697637438774108887e-01
5.816687941551208496e-01 1.728706479072570801e+00 1.623521327972412109e+00 1.046408534049987793e+00 2.277379751205444336e+00 6.724535226821899414e-01
5.839954614639282227e-01 1.735621333122253418e+00 1.630015373229980469e+00 1.050594210624694824e+00 2.286489248275756836e+00 6.751433610916137695e-01
5.863221287727355957e-01 1.742536187171936035e+00 1.636509418487548828e+00 1.054779887199401855e+00 2.295598745346069336e+00 6.778331995010375977e-01
5.886487960815429688e-01 1.749451041221618652e+00 1.643003582954406738e+00 1.058965444564819336e+00 2.304708242416381836e+00 6.805229783058166504e-01
5.909755229949951172e-01 1.756365776062011719e+00 1.649497628211975098e+00 1.063151121139526367e+00 2.313817739486694336e+00 6.832128167152404785e-01
5.933021903038024902e-01 1.763280630111694336e+00 1.655991673469543457e+00 1.067336797714233398e+00 2.322927474975585938e+00 6.859025955200195312e-01
5.956288576126098633e-01 1.770195484161376953e+00 1.662485837936401367e+00 1.071522355079650879e+00 2.332036972045898438e+00 6.885924339294433594e-01
5.979555249214172363e-01 1.777110338211059570e+00 1.668979883193969727e+00 1.075708031654357910e+00 2.341146469116210938e+00 6.912822723388671875e-01
6.002821922302246094e-01 1.784025192260742188e+00 1.675473928451538086e+00 1.079893708229064941e+00 2.350255966186523438e+00 6.939720511436462402e-01
6.026088595390319824e-01 1.790939927101135254e+00 1.681968092918395996e+00 1.084079265594482422e+00 2.359365463256835938e+00 6.966618895530700684e-01
6.049355268478393555e-01 1.797854781150817871e+00 1.688462138175964355e+00 1.088264942169189453e+00 2.368474960327148438e+00 6.993516683578491211e-01
6.072621941566467285e-01 1.804769635200500488e+00 1.694956183433532715e+00 1.092450618743896484e+00 2.377584457397460938e+00 7.020415067672729492e-01
6.095889210700988770e-01 1.811684489250183105e+00 1.701450347900390625e+00 1.096636176109313965e+00 2.386693954467773438e+00 7.047313451766967773e-01
6.119155883789062500e-01 1.818599224090576172e+00 1.707944393157958984e+00 1.100821852684020996e+00 2.395803451538085938e+00 7.074211239814758301e-01
6.142422556877136230e-01 1.825514078140258789e+00 1.714438438415527344e+00 1.105007410049438477e+00 2.404912948608398438e+00 7.101109623908996582e-01
6.165689229965209961e-01 1.832428932189941406e+00 1.720932602882385254e+00 1.109193086624145508e+00 2.414022445678710938e+00 7.128007411956787109e-01
6.188955903053283691e-01 1.839343786239624023e+00 1.727426648139953613e+00 1.113378763198852539e+00 2.423132181167602539e+00 7.154905796051025391e-01
6.212222576141357422e-01 1.846258521080017090e+00 1.733920693397521973e+00 1.117564320564270020e+00 2.432241678237915039e+00 7.181804180145263672e-01
6.235489249229431152e-01 1.853173375129699707e+00 1.740414857864379883e+00 1.121749997138977051e+00 2.441351175308227539e+00 7.208701968193054199e-01
6.258755922317504883e-01 1.860088229179382324e+00 1.746908903121948242e+00 1.125935673713684082e+00 2.450460672378540039e+00 7.235600352287292480e-01
6.282023191452026367e-01 1.867003083229064941e+00 1.753402948379516602e+00 1.130121231079101562e+00 2.459570169448852539e+00 7.262498140335083008e-01
6.305289864540100098e-01 1.873917937278747559e+00 1.759897112846374512e+00 1.134306907653808594e+00 2.468679666519165039e+00 7.289396524429321289e-01
6.328556537628173828e-01 1.880832672119140625e+00 1.766391158103942871e+00 1.138492584228515625e+00 2.477789163589477539e+00 7.316294908523559570e-01
6.351823210716247559e-01 1.887747526168823242e+00 1.772885203361511230e+00 1.142678141593933105e+00 2.486898660659790039e+00 7.343192696571350098e-01
6.375089883804321289e-01 1.894662380218505859e+00 1.779379367828369141e+00 1.146863818168640137e+00 2.496008157730102539e+00 7.370091080665588379e-01
6.398356556892395020e-01 1.901577234268188477e+00 1.785873413085937500e+00 1.151049494743347168e+00 2.505117654800415039e+00 7.396988868713378906e-01
6.421623229980468750e-01 1.908491969108581543e+00 1.792367458343505859e+00 1.155235052108764648e+00 2.514227151870727539e+00 7.423887252807617188e-01
6.444890499114990234e-01 1.915406823158264160e+00 1.798861622810363770e+00 1.159420728683471680e+00 2.523336887359619141e+00 7.450785040855407715e-01
6.468157172203063965e-01 1.922321677207946777e+00 1.805355668067932129e+00 1.163606405258178711e+00 2.532446384429931641e+00 7.477683424949645996e-01
6.491423845291137695e-01 1.929236531257629395e+00 1.811849713325500488e+00 1.167791962623596191e+00 2.541555881500244141e+00 7.504581809043884277e-01
6.514690518379211426e-01 1.936151266098022461e+00 1.818343877792358398e+00 1.171977639198303223e+00 2.550665378570556641e+00 7.531479597091674805e-01
6.537957191467285156e-01 1.943066120147705078e+00 1.824837923049926758e+00 1.176163196563720703e+00 2.559774875640869141e+00 7.558377981185913086e-01
6.561223864555358887e-01 1.949980974197387695e+00 1.831331968307495117e+00 1.180348873138427734e+00 2.568884372711181641e+00 7.585275769233703613e-01
6.584490537643432617e-01 1.956895828247070312e+00 1.837826132774353027e+00 1.184534549713134766e+00 2.577993869781494141e+00 7.612174153327941895e-01
6.607757210731506348e-01 1.963810563087463379e+00 1.844320178031921387e+00 1.188720107078552246e+00 2.587103366851806641e+00 7.639072537422180176e-01
6.631024479866027832e-01 1.970725417137145996e+00 1.850814223289489746e+00 1.192905783653259277e+00 2.596212863922119141e+00 7.665970325469970703e-01
6.654291152954101562e-01 1.977640271186828613e+00 1.857308387756347656e+00 1.197091460227966309e+00 2.605322360992431641e+00 7.692868709564208984e-01
6.677557826042175293e-01 1.984555125236511230e+00 1.863802433013916016e+00 1.201277017593383789e+00 2.614431858062744141e+00 7.719766497611999512e-01
6.700824499130249023e-01 1.991469979286193848e+00 1.870296478271484375e+00 1.205462694168090820e+00 2.623541593551635742e+00 7.746664881706237793e-01
6.724091172218322754e-01 1.998384714126586914e+00 1.876790642738342285e+00 1.209648370742797852e+00 2.632651090621948242e+00 7.773563265800476074e-01
6.747357845306396484e-01 2.005299568176269531e+00 1.883284687995910645e+00 1.213833928108215332e+00 2.641760587692260742e+00 7.800461053848266602e-01
6.770624518394470215e-01 2.012214422225952148e+00 1.889778733253479004e+00 1.218019604682922363e+00 2.650870084762573242e+00 7.827359437942504883e-01
6.793891787528991699e-01 2.019129276275634766e+00 1.896272897720336914e+00 1.222205281257629395e+00 2.659979581832885742e+00 7.854257225990295410e-01
6.817158460617065430e-01 2.026044130325317383e+00 1.902766942977905273e+00 1.226390838623046875e+00 2.669089078903198242e+00 7.881155610084533691e-01
6.840425133705139160e-01 2.032958984375000000e+00 1.909260988235473633e+00 1.230576515197753906e+00 2.678198575973510742e+00 7.908053994178771973e-01
6.863691806793212891e-01 2.039873600006103516e+00 1.915755152702331543e+00 1.234762072563171387e+00 2.687308073043823242e+00 7.934951782226562500e-01
6.886958479881286621e-01 2.046788454055786133e+00 1.922249197959899902e+00 1.238947749137878418e+00 2.696417570114135742e+00 7.961850166320800781e-01
6.910225152969360352e-01 2.053703308105468750e+00 1.928743243217468262e+00 1.243133425712585449e+00 2.705527067184448242e+00 7.988747954368591309e-01
6.933491826057434082e-01 2.060618162155151367e+00 1.935237407684326172e+00 1.247318983078002930e+00 2.714636564254760742e+00 8.015646338462829590e-01
6.956758499145507812e-01 2.067533016204833984e+00 1.941731452941894531e+00 1.251504659652709961e+00 2.723746299743652344e+00 8.042544722557067871e-01
