0.000000000000000000e+00 0.000000000000000000e+00 0.000000000000000000e+00 0.000000000000000000e+00 0.000000000000000000e+00 0.000000000000000000e+00
0.000000000000000000e+00 0.000000000000000000e+00 0.000000000000000000e+00 0.000000000000000000e+00 0.000000000000000000e+00 0.000000000000000000e+00
0.000000000000000000e+00 0.000000000000000000e+00 0.000000000000000000e+00 0.000000000000000000e+00 0.000000000000000000e+00 0.000000000000000000e+00
0.000000000000000000e+00 0.000000000000000000e+00 0.000000000000000000e+00 0.000000000000000000e+00 0.000000000000000000e+00 0.000000000000000000e+00
0.000000000000000000e+00 0.000000000000000000e+00 0.000000000000000000e+00 0.000000000000000000e+00 0.000000000000000000e+00 0.000000000000000000e+00
0.000000000000000000e+00 0.000000000000000000e+00 0.000000000000000000e+00 0.000000000000000000e+00 0.000000000000000000e+00 0.000000000000000000e+00
0.000000000000000000e+00 0.000000000000000000e+00 0.000000000000000000e+00 0.000000000000000000e+00 0.000000000000000000e+00 0.000000000000000000e+00
0.000000000000000000e+00 0.000000000000000000e+00 0.000000000000000000e+00 0.000000000000000000e+00 0.000000000000000000e+00 0.000000000000000000e+00
0.000000000000000000e+00 0.000000000000000000e+00 0.000000000000000000e+00 0.000000000000000000e+00 0.000000000000000000e+00 0.000000000000000000e+00
0.000000000000000000e+00 0.000000000000000000e+00 0.000000000000000000e+00 0.000000000000000000e+00 0.000000000000000000e+00 0.000000000000000000e+00
0.000000000000000000e+00 0.000000000000000000e+00 0.000000000000000000e+00 0.000000000000000000e+00 0.000000000000000000e+00 0.000000000000000000e+00
0.000000000000000000e+00 0.000000000000000000e+00 0.000000000000000000e+00 0.000000000000000000e+00 0.000000000000000000e+00 0.000000000000000000e+00
0.000000000000000000e+00 0.000000000000000000e+00 0.000000000000000000e+00 0.000000000000000000e+00 0.000000000000000000e+00 0.000000000000000000e+00
0.000000000000000000e+00 0.000000000000000000e+00 0.000000000000000000e+00 0.000000000000000000e+00 0.000000000000000000e+00 0.000000000000000000e+00
0.000000000000000000e+00 0.000000000000000000e+00 0.000000000000000000e+00 0.000000000000000000e+00 0.000000000000000000e+00 0.000000000000000000e+00
0.000000000000000000e+00 0.000000000000000000e+00 0.000000000000000000e+00 0.000000000000000000e+00 0.000000000000000000e+00 0.000000000000000000e+00
0.000000000000000000e+00 0.000000000000000000e+00 0.000000000000000000e+00 0.000000000000000000e+00 0.000000000000000000e+00 0.000000000000000000e+00
0.000000000000000000e+00 0.000000000000000000e+00 0.000000000000000000e+00 0.000000000000000000e+00 0.000000000000000000e+00 0.000000000000000000e+00
0.000000000000000000e+00 0.000000000000000000e+00 0.000000000000000000e+00 0.000000000000000000e+00 0.000000000000000000e+00 0.000000000000000000e+00
0.000000000000000000e+00 0.000000000000000000e+00 0.000000000000000000e+00 0.000000000000000000e+00 0.000000000000000000e+00 0.000000000000000000e+00
0.000000000000000000e+00 0.000000000000000000e+00 0.000000000000000000e+00 0.000000000000000000e+00 0.000000000000000000e+00 0.000000000000000000e+00
0.000000000000000000e+00 0.000000000000000000e+00 0.000000000000000000e+00 0.000000000000000000e+00 0.000000000000000000e+00 0.000000000000000000e+00
0.000000000000000000e+00 0.000000000000000000e+00 0.000000000000000000e+00 0.000000000000000000e+00 0.000000000000000000e+00 0.000000000000000000e+00
0.000000000000000000e+00 0.000000000000000000e+00 0.000000000000000000e+00 0.000000000000000000e+00 0.000000000000000000e+00 0.000000000000000000e+00
0.000000000000000000e+00 0.000000000000000000e+00 0.000000000000000000e+00 0.000000000000000000e+00 0.000000000000000000e+00 0.000000000000000000e+00
0.000000000000000000e+00 0.000000000000000000e+00 0.000000000000000000e+00 0.000000000000000000e+00 0.000000000000000000e+00 0.000000000000000000e+00
0.000000000000000000e+00 0.000000000000000000e+00 0.000000000000000000e+00 0.000000000000000000e+00 0.000000000000000000e+00 0.000000000000000000e+00
0.000000000000000000e+00 0.000000000000000000e+00 0.000000000000000000e+00 0.000000000000000000e+00 0.000000000000000000e+00 0.000000000000000000e+00
0.000000000000000000e+00 0.000000000000000000e+00 0.000000000000000000e+00 0.000000000000000000e+00 0.000000000000000000e+00 0.000000000000000000e+00
0.000000000000000000e+00 0.000000000000000000e+00 0.000000000000000000e+00 0.000000000000000000e+00 0.000000000000000000e+00 0.000000000000000000e+00
0.000000000000000000e+00 0.000000000000000000e+00 0.000000000000000000e+00 0.000000000000000000e+00 0.000000000000000000e+00 0.000000000000000000e+00
0.000000000000000000e+00 0.000000000000000000e+00 0.000000000000000000e+00 0.000000000000000000e+00 0.000000000000000000e+00 0.000000000000000000e+00
0.000000000000000000e+00 0.000000000000000000e+00 0.000000000000000000e+00 0.000000000000000000e+00 0.000000000000000000e+00 0.000000000000000000e+00
0.000000000000000000e+00 0.000000000000000000e+00 0.000000000000000000e+00 0.000000000000000000e+00 0.000000000000000000e+00 0.000000000000000000e+00
0.000000000000000000e+00 0.000000000000000000e+00 0.000000000000000000e+00 0.000000000000000000e+00 0.000000000000000000e+00 0.000000000000000000e+00
0.000000000000000000e+00 0.000000000000000000e+00 0.000000000000000000e+00 0.000000000000000000e+00 0.000000000000000000e+00 0.000000000000000000e+00
0.000000000000000000e+00 0.000000000000000000e+00 0.000000000000000000e+00 0.000000000000000000e+00 0.000000000000000000e+00 0.000000000000000000e+00
0.000000000000000000e+00 0.000000000000000000e+00 0.000000000000000000e+00 0.000000000000000000e+00 0.000000000000000000e+00 0.000000000000000000e+00
0.000000000000000000e+00 0.000000000000000000e+00 0.000000000000000000e+00 0.000000000000000000e+00 0.000000000000000000e+00 0.000000000000000000e+00
0.000000000000000000e+00 0.000000000000000000e+00 0.000000000000000000e+00 0.000000000000000000e+00 0.000000000000000000e+00 0.000000000000000000e+00
0.000000000000000000e+00 0.000000000000000000e+00 0.000000000000000000e+00 0.000000000000000000e+00 0.000000000000000000e+00 0.000000000000000000e+00
0.000000000000000000e+00 0.000000000000000000e+00 0.000000000000000000e+00 0.000000000000000000e+00 0.000000000000000000e+00 0.000000000000000000e+00
0.000000000000000000e+00 0.000000000000000000e+00 0.000000000000000000e+00 0.000000000000000000e+00 0.000000000000000000e+00 0.000000000000000000e+00
0.000000000000000000e+00 0.000000000000000000e+00 0.000000000000000000e+00 0.000000000000000000e+00 0.000000000000000000e+00 0.000000000000000000e+00
0.000000000000000000e+00 0.000000000000000000e+00 0.000000000000000000e+00 0.000000000000000000e+00 0.000000000000000000e+00 0.000000000000000000e+00
0.000000000000000000e+00 0.000000000000000000e+00 0.000000000000000000e+00 0.000000000000000000e+00 0.000000000000000000e+00 0.000000000000000000e+00
0.000000000000000000e+00 0.000000000000000000e+00 0.000000000000000000e+00 0.000000000000000000e+00 0.000000000000000000e+00 0.000000000000000000e+00
0.000000000000000000e+00 0.000000000000000000e+00 0.000000000000000000e+00 0.000000000000000000e+00 0.000000000000000000e+00 0.000000000000000000e+00
0.000000000000000000e+00 0.000000000000000000e+00 0.000000000000000000e+00 0.000000000000000000e+00 0.000000000000000000e+00 0.000000000000000000e+00
0.000000000000000000e+00 0.000000000000000000e+00 0.000000000000000000e+00 0.000000000000000000e+00 0.000000000000000000e+00 0.000000000000000000e+00
0.000000000000000000e+00 0.000000000000000000e+00 0.000000000000000000e+00 0.000000000000000000e+00 0.000000000000000000e+00 0.000000000000000000e+00
0.000000000000000000e+00 0.000000000000000000e+00 0.000000000000000000e+00 0.000000000000000000e+00 0.000000000000000000e+00 0.000000000000000000e+00
0.000000000000000000e+00 0.000000000000000000e+00 0.000000000000000000e+00 0.000000000000000000e+00 0.000000000000000000e+00 0.000000000000000000e+00
0.000000000000000000e+00 0.000000000000000000e+00 0.000000000000000000e+00 0.000000000000000000e+00 0.000000000000000000e+00 0.000000000000000000e+00
0.000000000000000000e+00 0.000000000000000000e+00 0.000000000000000000e+00 0.000000000000000000e+00 0.000000000000000000e+00 0.000000000000000000e+00
0.000000000000000000e+00 0.000000000000000000e+00 0.000000000000000000e+00 0.000000000000000000e+00 0.000000000000000000e+00 0.000000000000000000e+00
0.000000000000000000e+00 0.000000000000000000e+00 0.000000000000000000e+00 0.000000000000000000e+00 0.000000000000000000e+00 0.000000000000000000e+00
0.000000000000000000e+00 0.000000000000000000e+00 0.000000000000000000e+00 0.000000000000000000e+00 0.000000000000000000e+00 0.000000000000000000e+00
0.000000000000000000e+00 0.000000000000000000e+00 0.000000000000000000e+00 0.000000000000000000e+00 0.000000000000000000e+00 0.000000000000000000e+00
0.000000000000000000e+00 0.000000000000000000e+00 0.000000000000000000e+00 0.000000000000000000e+00 0.000000000000000000e+00 0.000000000000000000e+00
0.000000000000000000e+00 0.000000000000000000e+00 0.000000000000000000e+00 0.000000000000000000e+00 0.000000000000000000e+00 0.000000000000000000e+00
0.000000000000000000e+00 0.000000000000000000e+00 0.000000000000000000e+00 0.000000000000000000e+00 0.000000000000000000e+00 0.000000000000000000e+00
0.000000000000000000e+00 0.000000000000000000e+00 0.000000000000000000e+00 0.000000000000000000e+00 0.000000000000000000e+00 0.000000000000000000e+00
0.000000000000000000e+00 0.000000000000000000e+00 0.000000000000000000e+00 0.000000000000000000e+00 0.000000000000000000e+00 0.000000000000000000e+00
0.000000000000000000e+00 0.000000000000000000e+00 0.000000000000000000e+00 0.000000000000000000e+00 0.000000000000000000e+00 0.000000000000000000e+00
0.000000000000000000e+00 0.000000000000000000e+00 0.000000000000000000e+00 0.000000000000000000e+00 0.000000000000000000e+00 0.000000000000000000e+00
0.000000000000000000e+00 0.000000000000000000e+00 0.000000000000000000e+00 0.000000000000000000e+00 0.000000000000000000e+00 0.000000000000000000e+00
0.000000000000000000e+00 0.000000000000000000e+00 0.000000000000000000e+00 0.000000000000000000e+00 0.000000000000000000e+00 0.000000000000000000e+00
0.000000000000000000e+00 0.000000000000000000e+00 0.000000000000000000e+00 0.000000000000000000e+00 0.000000000000000000e+00 0.000000000000000000e+00
0.000000000000000000e+00 0.000000000000000000e+00 0.000000000000000000e+00 0.000000000000000000e+00 0.000000000000000000e+00 0.000000000000000000e+00
0.000000000000000000e+00 0.000000000000000000e+00 0.000000000000000000e+00 0.000000000000000000e+00 0.000000000000000000e+00 0.000000000000000000e+00
0.000000000000000000e+00 0.000000000000000000e+00 0.000000000000000000e+00 0.000000000000000000e+00 0.000000000000000000e+00 0.000000000000000000e+00
0.000000000000000000e+00 0.000000000000000000e+00 0.000000000000000000e+00 0.000000000000000000e+00 0.000000000000000000e+00 0.000000000000000000e+00
0.000000000000000000e+00 0.000000000000000000e+00 0.000000000000000000e+00 0.000000000000000000e+00 0.000000000000000000e+00 0.000000000000000000e+00
0.000000000000000000e+00 0.000000000000000000e+00 0.000000000000000000e+00 0.000000000000000000e+00 0.000000000000000000e+00 0.000000000000000000e+00
0.000000000000000000e+00 0.000000000000000000e+00 0.000000000000000000e+00 0.000000000000000000e+00 0.000000000000000000e+00 0.000000000000000000e+00
0.000000000000000000e+00 0.000000000000000000e+00 0.000000000000000000e+00 0.000000000000000000e+00 0.000000000000000000e+00 0.000000000000000000e+00
0.000000000000000000e+00 0.000000000000000000e+00 0.000000000000000000e+00 0.000000000000000000e+00 0.000000000000000000e+00 0.000000000000000000e+00
0.000000000000000000e+00 0.000000000000000000e+00 0.000000000000000000e+00 0.000000000000000000e+00 0.000000000000000000e+00 0.000000000000000000e+00
0.000000000000000000e+00 0.000000000000000000e+00 0.000000000000000000e+00 0.000000000000000000e+00 0.000000000000000000e+00 0.000000000000000000e+00
0.000000000000000000e+00 0.000000000000000000e+00 0.000000000000000000e+00 0.000000000000000000e+00 0.000000000000000000e+00 0.000000000000000000e+00
0.000000000000000000e+00 0.000000000000000000e+00 0.000000000000000000e+00 0.000000000000000000e+00 0.000000000000000000e+00 0.000000000000000000e+00
0.000000000000000000e+00 0.000000000000000000e+00 0.000000000000000000e+00 0.000000000000000000e+00 0.000000000000000000e+00 0.000000000000000000e+00
0.000000000000000000e+00 0.000000000000000000e+00 0.000000000000000000e+00 0.000000000000000000e+00 0.000000000000000000e+00 0.000000000000000000e+00
0.000000000000000000e+00 0.000000000000000000e+00 0.000000000000000000e+00 0.000000000000000000e+00 0.000000000000000000e+00 0.000000000000000000e+00
0.000000000000000000e+00 0.000000000000000000e+00 0.000000000000000000e+00 0.000000000000000000e+00 0.000000000000000000e+00 0.000000000000000000e+00
0.000000000000000000e+00 0.000000000000000000e+00 0.000000000000000000e+00 0.000000000000000000e+00 0.000000000000000000e+00 0.000000000000000000e+00
0.000000000000000000e+00 0.000000000000000000e+00 0.000000000000000000e+00 0.000000000000000000e+00 0.000000000000000000e+00 0.000000000000000000e+00
0.000000000000000000e+00 0.000000000000000000e+00 0.000000000000000000e+00 0.000000000000000000e+00 0.000000000000000000e+00 0.000000000000000000e+00
0.000000000000000000e+00 0.000000000000000000e+00 0.000000000000000000e+00 0.000000000000000000e+00 0.000000000000000000e+00 0.000000000000000000e+00
0.000000000000000000e+00 0.000000000000000000e+00 0.000000000000000000e+00 0.000000000000000000e+00 0.000000000000000000e+00 0.000000000000000000e+00
0.000000000000000000e+00 0.000000000000000000e+00 0.000000000000000000e+00 0.000000000000000000e+00 0.000000000000000000e+00 0.000000000000000000e+00
0.000000000000000000e+00 0.000000000000000000e+00 0.000000000000000000e+00 0.000000000000000000e+00 0.000000000000000000e+00 0.000000000000000000e+00
0.000000000000000000e+00 0.000000000000000000e+00 0.000000000000000000e+00 0.000000000000000000e+00 0.000000000000000000e+00 0.000000000000000000e+00
0.000000000000000000e+00 0.000000000000000000e+00 0.000000000000000000e+00 0.000000000000000000e+00 0.000000000000000000e+00 0.000000000000000000e+00
0.000000000000000000e+00 0.000000000000000000e+00 0.000000000000000000e+00 0.000000000000000000e+00 0.000000000000000000e+00 0.000000000000000000e+00
0.000000000000000000e+00 0.000000000000000000e+00 0.000000000000000000e+00 0.000000000000000000e+00 0.000000000000000000e+00 0.000000000000000000e+00
0.000000000000000000e+00 0.000000000000000000e+00 0.000000000000000000e+00 0.000000000000000000e+00 0.000000000000000000e+00 0.000000000000000000e+00
0.000000000000000000e+00 0.000000000000000000e+00 0.000000000000000000e+00 0.000000000000000000e+00 0.000000000000000000e+00 0.000000000000000000e+00
0.000000000000000000e+00 0.000000000000000000e+00 0.000000000000000000e+00 0.000000000000000000e+00 0.000000000000000000e+00 0.000000000000000000e+00
0.000000000000000000e+00 0.000000000000000000e+00 0.000000000000000000e+00 0.000000000000000000e+00 0.000000000000000000e+00 0.000000000000000000e+00
0.000000000000000000e+00 0.000000000000000000e+00 0.000000000000000000e+00 0.000000000000000000e+00 0.000000000000000000e+00 0.000000000000000000e+00
0.000000000000000000e+00 0.000000000000000000e+00 0.000000000000000000e+00 0.000000000000000000e+00 0.000000000000000000e+00 0.000000000000000000e+00
0.000000000000000000e+00 0.000000000000000000e+00 0.000000000000000000e+00 0.000000000000000000e+00 0.000000000000000000e+00 0.000000000000000000e+00
0.000000000000000000e+00 0.000000000000000000e+00 0.000000000000000000e+00 0.000000000000000000e+00 0.000000000000000000e+00 0.000000000000000000e+00
0.000000000000000000e+00 0.000000000000000000e+00 0.000000000000000000e+00 0.000000000000000000e+00 0.000000000000000000e+00 0.000000000000000000e+00
0.000000000000000000e+00 0.000000000000000000e+00 0.000000000000000000e+00 0.000000000000000000e+00 0.000000000000000000e+00 0.000000000000000000e+00
0.000000000000000000e+00 0.000000000000000000e+00 0.000000000000000000e+00 0.000000000000000000e+00 0.000000000000000000e+00 0.000000000000000000e+00
0.000000000000000000e+00 0.000000000000000000e+00 0.000000000000000000e+00 0.000000000000000000e+00 0.000000000000000000e+00 0.000000000000000000e+00
0.000000000000000000e+00 0.000000000000000000e+00 0.000000000000000000e+00 0.000000000000000000e+00 0.000000000000000000e+00 0.000000000000000000e+00
0.000000000000000000e+00 0.000000000000000000e+00 0.000000000000000000e+00 0.000000000000000000e+00 0.000000000000000000e+00 0.000000000000000000e+00
0.000000000000000000e+00 0.000000000000000000e+00 0.000000000000000000e+00 0.000000000000000000e+00 0.000000000000000000e+00 0.000000000000000000e+00
0.000000000000000000e+00 0.000000000000000000e+00 0.000000000000000000e+00 0.000000000000000000e+00 0.000000000000000000e+00 0.000000000000000000e+00
0.000000000000000000e+00 0.000000000000000000e+00 0.000000000000000000e+00 0.000000000000000000e+00 0.000000000000000000e+00 0.000000000000000000e+00
0.000000000000000000e+00 0.000000000000000000e+00 0.000000000000000000e+00 0.000000000000000000e+00 0.000000000000000000e+00 0.000000000000000000e+00
0.000000000000000000e+00 0.000000000000000000e+00 0.000000000000000000e+00 0.000000000000000000e+00 0.000000000000000000e+00 0.000000000000000000e+00
0.000000000000000000e+00 0.000000000000000000e+00 0.000000000000000000e+00 0.000000000000000000e+00 0.000000000000000000e+00 0.000000000000000000e+00
0.000000000000000000e+00 0.000000000000000000e+00 0.000000000000000000e+00 0.000000000000000000e+00 0.000000000000000000e+00 0.000000000000000000e+00
0.000000000000000000e+00 0.000000000000000000e+00 0.000000000000000000e+00 0.000000000000000000e+00 0.000000000000000000e+00 0.000000000000000000e+00
0.000000000000000000e+00 0.000000000000000000e+00 0.000000000000000000e+00 0.000000000000000000e+00 0.000000000000000000e+00 0.000000000000000000e+00
0.000000000000000000e+00 0.000000000000000000e+00 0.000000000000000000e+00 0.000000000000000000e+00 0.000000000000000000e+00 0.000000000000000000e+00
3.352922154590487480e-03 3.673380473628640175e-03 5.244724918156862259e-03 6.425819825381040573e-03 7.041279692202806473e-03 1.040617935359477997e-03
6.705844309180974960e-03 7.346760947257280350e-03 1.048944983631372452e-02 1.285163965076208115e-02 1.408255938440561295e-02 2.081235870718955994e-03
1.005876623094081879e-02 1.102014165371656418e-02 1.573417522013187408e-02 1.927745901048183441e-02 2.112383954226970673e-02 3.121854038909077644e-03
1.341168861836194992e-02 1.469352189451456070e-02 2.097889967262744904e-02 2.570327930152416229e-02 2.816511876881122589e-02 4.162471741437911987e-03
1.676461100578308105e-02 1.836690306663513184e-02 2.622362412512302399e-02 3.212909772992134094e-02 3.520639985799789429e-02 5.203090142458677292e-03
2.011753246188163757e-02 2.204028330743312836e-02 3.146835044026374817e-02 3.855491802096366882e-02 4.224767908453941345e-02 6.243708077818155289e-03
2.347045391798019409e-02 2.571366354823112488e-02 3.671307489275932312e-02 4.498073831200599670e-02 4.928895831108093262e-02 7.284326013177633286e-03
2.682337723672389984e-02 2.938704378902912140e-02 4.195779934525489807e-02 5.140655860304832458e-02 5.633023753762245178e-02 8.324943482875823975e-03
3.017629869282245636e-02 3.306042402982711792e-02 4.720252379775047302e-02 5.783237889409065247e-02 6.337151676416397095e-02 9.365562349557876587e-03
3.352922201156616211e-02 3.673380613327026367e-02 5.244724825024604797e-02 6.425819545984268188e-02 7.041279971599578857e-02 1.040618028491735458e-02
3.688214346766471863e-02 4.040718451142311096e-02 5.769197270274162292e-02 7.068401575088500977e-02 7.745407521724700928e-02 1.144679822027683258e-02
4.023506492376327515e-02 4.408056661486625671e-02 6.293670088052749634e-02 7.710983604192733765e-02 8.449535816907882690e-02 1.248741615563631058e-02
4.358798637986183167e-02 4.775394499301910400e-02 6.818142533302307129e-02 8.353565633296966553e-02 9.153663367033004761e-02 1.352803409099578857e-02
4.694090783596038818e-02 5.142732709646224976e-02 7.342614978551864624e-02 8.996147662401199341e-02 9.857791662216186523e-02 1.456865202635526657e-02
5.029382929205894470e-02 5.510070547461509705e-02 7.867087423801422119e-02 9.638729691505432129e-02 1.056191921234130859e-01 1.560926996171474457e-02
5.364675447344779968e-02 5.877408757805824280e-02 8.391559869050979614e-02 1.028131172060966492e-01 1.126604750752449036e-01 1.664988696575164795e-02
5.699967592954635620e-02 6.244746595621109009e-02 8.916032314300537109e-02 1.092389374971389771e-01 1.197017505764961243e-01 1.769050583243370056e-02
6.035259738564491272e-02 6.612084805965423584e-02 9.440504759550094604e-02 1.156647577881813049e-01 1.267430335283279419e-01 1.873112469911575317e-02
6.370551884174346924e-02 6.979423016309738159e-02 9.964977204799652100e-02 1.220905780792236328e-01 1.337843090295791626e-01 1.977174170315265656e-02
6.705844402313232422e-02 7.346761226654052734e-02 1.048944965004920959e-01 1.285163909196853638e-01 1.408255994319915771e-01 2.081236056983470917e-02
7.041136175394058228e-02 7.714098691940307617e-02 1.101392209529876709e-01 1.349422186613082886e-01 1.478668749332427979e-01 2.185297757387161255e-02
7.376428693532943726e-02 8.081436902284622192e-02 1.153839454054832458e-01 1.413680315017700195e-01 1.549081504344940186e-01 2.289359644055366516e-02
7.711720466613769531e-02 8.448775112628936768e-02 1.206286698579788208e-01 1.477938592433929443e-01 1.619494259357452393e-01 2.393421344459056854e-02
8.047012984752655029e-02 8.816113322973251343e-02 1.258734017610549927e-01 1.542196720838546753e-01 1.689907163381576538e-01 2.497483231127262115e-02
8.382305502891540527e-02 9.183450788259506226e-02 1.311181187629699707e-01 1.606454998254776001e-01 1.760319918394088745e-01 2.601544931530952454e-02
8.717597275972366333e-02 9.550788998603820801e-02 1.363628506660461426e-01 1.670713126659393311e-01 1.830732673406600952e-01 2.705606818199157715e-02
9.052889794111251831e-02 9.918127208948135376e-02 1.416075676679611206e-01 1.734971404075622559e-01 1.901145577430725098e-01 2.809668518602848053e-02
9.388181567192077637e-02 1.028546541929244995e-01 1.468522995710372925e-01 1.799229532480239868e-01 1.971558332443237305e-01 2.913730405271053314e-02
9.723474085330963135e-02 1.065280362963676453e-01 1.520970165729522705e-01 1.863487660884857178e-01 2.041971087455749512e-01 3.017792105674743652e-02
1.005876585841178894e-01 1.102014109492301941e-01 1.573417484760284424e-01 1.927745938301086426e-01 2.112383842468261719e-01 3.121853992342948914e-02
1.039405837655067444e-01 1.138747930526733398e-01 1.625864654779434204e-01 1.992004066705703735e-01 2.182796746492385864e-01 3.225915879011154175e-02
1.072935089468955994e-01 1.175481751561164856e-01 1.678311973810195923e-01 2.056262344121932983e-01 2.253209501504898071e-01 3.329977393150329590e-02
1.106464266777038574e-01 1.212215572595596313e-01 1.730759292840957642e-01 2.120520472526550293e-01 2.323622256517410278e-01 3.434039279818534851e-02
1.139993518590927124e-01 1.248949319124221802e-01 1.783206462860107422e-01 2.184778749942779541e-01 2.394035011529922485e-01 3.538101166486740112e-02
1.173522695899009705e-01 1.285683214664459229e-01 1.835653781890869141e-01 2.249036878347396851e-01 2.464447915554046631e-01 3.642163053154945374e-02
1.207051947712898254e-01 1.322416961193084717e-01 1.888100951910018921e-01 2.313295155763626099e-01 2.534860670566558838e-01 3.746224939823150635e-02
1.240581125020980835e-01 1.359150707721710205e-01 1.940548270940780640e-01 2.377553284168243408e-01 2.605273425579071045e-01 3.850286453962326050e-02
1.274110376834869385e-01 1.395884603261947632e-01 1.992995440959930420e-01 2.441811561584472656e-01 2.675686180591583252e-01 3.954348340630531311e-02
1.307639628648757935e-01 1.432618349790573120e-01 2.045442759990692139e-01 2.506069839000701904e-01 2.746098935604095459e-01 4.058410227298736572e-02
1.341168880462646484e-01 1.469352245330810547e-01 2.097889930009841919e-01 2.570327818393707275e-01 2.816511988639831543e-01 4.162472113966941833e-02
1.374697983264923096e-01 1.506085991859436035e-01 2.150337249040603638e-01 2.634586095809936523e-01 2.886924743652343750e-01 4.266533628106117249e-02
1.408227235078811646e-01 1.542819738388061523e-01 2.202784419059753418e-01 2.698844373226165771e-01 2.957337498664855957e-01 4.370595514774322510e-02
1.441756486892700195e-01 1.579553633928298950e-01 2.255231738090515137e-01 2.763102352619171143e-01 3.027750253677368164e-01 4.474657401442527771e-02
1.475285738706588745e-01 1.616287380456924438e-01 2.307678908109664917e-01 2.827360630035400391e-01 3.098163008689880371e-01 4.578719288110733032e-02
1.508814990520477295e-01 1.653021126985549927e-01 2.360126227140426636e-01 2.891618907451629639e-01 3.168575763702392578e-01 4.682780802249908447e-02
1.542344093322753906e-01 1.689755022525787354e-01 2.412573397159576416e-01 2.955877184867858887e-01 3.238988518714904785e-01 4.786842688918113708e-02
1.575873345136642456e-01 1.726488769054412842e-01 2.465020716190338135e-01 3.020135164260864258e-01 3.309401571750640869e-01 4.890904575586318970e-02
1.609402596950531006e-01 1.763222664594650269e-01 2.517468035221099854e-01 3.084393441677093506e-01 3.379814326763153076e-01 4.994966462254524231e-02
1.642931848764419556e-01 1.799956411123275757e-01 2.569915354251861572e-01 3.148651719093322754e-01 3.450227081775665283e-01 5.099027976393699646e-02
1.676461100578308105e-01 1.836690157651901245e-01 2.622362375259399414e-01 3.212909996509552002e-01 3.520639836788177490e-01 5.203089863061904907e-02
1.709990203380584717e-01 1.873424053192138672e-01 2.674809694290161133e-01 3.277167975902557373e-01 3.591052591800689697e-01 5.307151749730110168e-02
1.743519455194473267e-01 1.910157799720764160e-01 2.727257013320922852e-01 3.341426253318786621e-01 3.661465346813201904e-01 5.411213636398315430e-02
1.777048707008361816e-01 1.946891695261001587e-01 2.779704332351684570e-01 3.405684530735015869e-01 3.731878101825714111e-01 5.515275523066520691e-02
1.810577958822250366e-01 1.983625441789627075e-01 2.832151353359222412e-01 3.469942808151245117e-01 3.802291154861450195e-01 5.619337037205696106e-02
1.844107061624526978e-01 2.020359188318252563e-01 2.884598672389984131e-01 3.534200787544250488e-01 3.872703909873962402e-01 5.723398923873901367e-02
1.877636313438415527e-01 2.057093083858489990e-01 2.937045991420745850e-01 3.598459064960479736e-01 3.943116664886474609e-01 5.827460810542106628e-02
1.911165565252304077e-01 2.093826830387115479e-01 2.989493310451507568e-01 3.662717342376708984e-01 4.013529419898986816e-01 5.931522697210311890e-02
1.944694817066192627e-01 2.130560725927352905e-01 3.041940331459045410e-01 3.726975321769714355e-01 4.083942174911499023e-01 6.035584211349487305e-02
1.978224068880081177e-01 2.167294472455978394e-01 3.094387650489807129e-01 3.791233599185943604e-01 4.154354929924011230e-01 6.139646098017692566e-02
2.011753171682357788e-01 2.204028218984603882e-01 3.146834969520568848e-01 3.855491876602172852e-01 4.224767684936523438e-01 6.243707984685897827e-02
2.045282423496246338e-01 2.240762114524841309e-01 3.199282288551330566e-01 3.919750154018402100e-01 4.295180439949035645e-01 6.347769498825073242e-02
2.078811675310134888e-01 2.277495861053466797e-01 3.251729309558868408e-01 3.984008133411407471e-01 4.365593492984771729e-01 6.451831758022308350e-02
2.112340927124023438e-01 2.314229607582092285e-01 3.304176628589630127e-01 4.048266410827636719e-01 4.436006247997283936e-01 6.555893272161483765e-02
2.145870178937911987e-01 2.350963503122329712e-01 3.356623947620391846e-01 4.112524688243865967e-01 4.506419003009796143e-01 6.659954786300659180e-02
2.179399281740188599e-01 2.387697249650955200e-01 3.409071266651153564e-01 4.176782965660095215e-01 4.576831758022308350e-01 6.764017045497894287e-02
2.212928533554077148e-01 2.424431145191192627e-01 3.461518585681915283e-01 4.241040945053100586e-01 4.647244513034820557e-01 6.868078559637069702e-02
2.246457785367965698e-01 2.461164891719818115e-01 3.513965606689453125e-01 4.305299222469329834e-01 4.717657268047332764e-01 6.972140818834304810e-02
2.279987037181854248e-01 2.497898638248443604e-01 3.566412925720214844e-01 4.369557499885559082e-01 4.788070023059844971e-01 7.076202332973480225e-02
2.313516288995742798e-01 2.534632384777069092e-01 3.618860244750976562e-01 4.433815777301788330e-01 4.858483076095581055e-01 7.180263847112655640e-02
2.347045391798019409e-01 2.571366429328918457e-01 3.671307563781738281e-01 4.498073756694793701e-01 4.928895831108093262e-01 7.284326106309890747e-02
2.380574643611907959e-01 2.608100175857543945e-01 3.723754584789276123e-01 4.562332034111022949e-01 4.999308586120605469e-01 7.388387620449066162e-02
2.414103895425796509e-01 2.644833922386169434e-01 3.776201903820037842e-01 4.626590311527252197e-01 5.069721341133117676e-01 7.492449879646301270e-02
2.447633147239685059e-01 2.681567668914794922e-01 3.828649222850799561e-01 4.690848290920257568e-01 5.140134096145629883e-01 7.596511393785476685e-02
2.481162250041961670e-01 2.718301415443420410e-01 3.881096541881561279e-01 4.755106568336486816e-01 5.210546851158142090e-01 7.700572907924652100e-02
2.514691650867462158e-01 2.755035459995269775e-01 3.933543562889099121e-01 4.819364845752716064e-01 5.280959606170654297e-01 7.804635167121887207e-02
2.548220753669738770e-01 2.791769206523895264e-01 3.985990881919860840e-01 4.883623123168945312e-01 5.351372361183166504e-01 7.908696681261062622e-02
2.581749856472015381e-01 2.828502953052520752e-01 4.038438200950622559e-01 4.947881102561950684e-01 5.421785116195678711e-01 8.012758195400238037e-02
2.615279257297515869e-01 2.865236699581146240e-01 4.090885519981384277e-01 5.012139678001403809e-01 5.492197871208190918e-01 8.116820454597473145e-02
2.648808360099792480e-01 2.901970446109771729e-01 4.143332540988922119e-01 5.076397657394409180e-01 5.562610626220703125e-01 8.220881968736648560e-02
2.682337760925292969e-01 2.938704490661621094e-01 4.195779860019683838e-01 5.140655636787414551e-01 5.633023977279663086e-01 8.324944227933883667e-02
2.715866863727569580e-01 2.975438237190246582e-01 4.248227179050445557e-01 5.204914212226867676e-01 5.703436732292175293e-01 8.429005742073059082e-02
2.749395966529846191e-01 3.012171983718872070e-01 4.300674498081207275e-01 5.269172191619873047e-01 5.773849487304687500e-01 8.533067256212234497e-02
2.782925367355346680e-01 3.048905730247497559e-01 4.353121817111968994e-01 5.333430171012878418e-01 5.844262242317199707e-01 8.637129515409469604e-02
2.816454470157623291e-01 3.085639476776123047e-01 4.405568838119506836e-01 5.397688746452331543e-01 5.914674997329711914e-01 8.741191029548645020e-02
2.849983870983123779e-01 3.122373521327972412e-01 4.458016157150268555e-01 5.461946725845336914e-01 5.985087752342224121e-01 8.845252543687820435e-02
2.883512973785400391e-01 3.159107267856597900e-01 4.510463476181030273e-01 5.526204705238342285e-01 6.055500507354736328e-01 8.949314802885055542e-02
2.917042076587677002e-01 3.195841014385223389e-01 4.562910795211791992e-01 5.590463280677795410e-01 6.125913262367248535e-01 9.053376317024230957e-02
2.950571477413177490e-01 3.232574760913848877e-01 4.615357816219329834e-01 5.654721260070800781e-01 6.196326017379760742e-01 9.157438576221466064e-02
2.984100580215454102e-01 3.269308507442474365e-01 4.667805135250091553e-01 5.718979835510253906e-01 6.266738772392272949e-01 9.261500090360641479e-02
3.017629981040954590e-01 3.306042253971099854e-01 4.720252454280853271e-01 5.783237814903259277e-01 6.337151527404785156e-01 9.365561604499816895e-02
3.051159083843231201e-01 3.342776298522949219e-01 4.772699773311614990e-01 5.847495794296264648e-01 6.407564282417297363e-01 9.469623863697052002e-02
3.084688186645507812e-01 3.379510045051574707e-01 4.825146794319152832e-01 5.911754369735717773e-01 6.477977037429809570e-01 9.573685377836227417e-02
3.118217587471008301e-01 3.416243791580200195e-01 4.877594113349914551e-01 5.976012349128723145e-01 6.548389792442321777e-01 9.677747637033462524e-02
3.151746690273284912e-01 3.452977538108825684e-01 4.930041432380676270e-01 6.040270328521728516e-01 6.618803143501281738e-01 9.781809151172637939e-02
3.185276091098785400e-01 3.489711284637451172e-01 4.982488751411437988e-01 6.104528903961181641e-01 6.689215898513793945e-01 9.885870665311813354e-02
3.218805193901062012e-01 3.526445329189300537e-01 5.034936070442199707e-01 6.168786883354187012e-01 6.759628653526306152e-01 9.989932924509048462e-02
3.252334296703338623e-01 3.563179075717926025e-01 5.087383389472961426e-01 6.233045458793640137e-01 6.830041408538818359e-01 1.009399443864822388e-01
3.285863697528839111e-01 3.599912822246551514e-01 5.139830708503723145e-01 6.297303438186645508e-01 6.900454163551330566e-01 1.019805595278739929e-01
3.319392800331115723e-01 3.636646568775177002e-01 5.192277431488037109e-01 6.361561417579650879e-01 6.970866918563842773e-01 1.030211821198463440e-01
3.352922201156616211e-01 3.673380315303802490e-01 5.244724750518798828e-01 6.425819993019104004e-01 7.041279673576354980e-01 1.040617972612380981e-01
3.386451303958892822e-01 3.710114359855651855e-01 5.297172069549560547e-01 6.490077972412109375e-01 7.111692428588867188e-01 1.051024198532104492e-01
3.419980406761169434e-01 3.746848106384277344e-01 5.349619388580322266e-01 6.554335951805114746e-01 7.182105183601379395e-01 1.061430349946022034e-01
3.453509807586669922e-01 3.783581852912902832e-01 5.402066707611083984e-01 6.618594527244567871e-01 7.252517938613891602e-01 1.071836501359939575e-01
3.487038910388946533e-01 3.820315599441528320e-01 5.454514026641845703e-01 6.682852506637573242e-01 7.322930693626403809e-01 1.082242727279663086e-01
3.520568013191223145e-01 3.857049345970153809e-01 5.506961345672607422e-01 6.747110486030578613e-01 7.393343448638916016e-01 1.092648878693580627e-01
3.554097414016723633e-01 3.893783390522003174e-01 5.559408664703369141e-01 6.811369061470031738e-01 7.463756203651428223e-01 1.103055104613304138e-01
3.587626516819000244e-01 3.930517137050628662e-01 5.611855387687683105e-01 6.875627040863037109e-01 7.534168958663940430e-01 1.113461256027221680e-01
3.621155917644500732e-01 3.967250883579254150e-01 5.664302706718444824e-01 6.939885616302490234e-01 7.604582309722900391e-01 1.123867407441139221e-01
3.654685020446777344e-01 4.003984630107879639e-01 5.716750025749206543e-01 7.004143595695495605e-01 7.674995064735412598e-01 1.134273633360862732e-01
3.688214123249053955e-01 4.040718376636505127e-01 5.769197344779968262e-01 7.068401575088500977e-01 7.745407819747924805e-01 1.144679784774780273e-01
3.721743524074554443e-01 4.077452421188354492e-01 5.821644663810729980e-01 7.132660150527954102e-01 7.815820574760437012e-01 1.155085936188697815e-01
3.755272626876831055e-01 4.114186167716979980e-01 5.874091982841491699e-01 7.196918129920959473e-01 7.886233329772949219e-01 1.165492162108421326e-01
3.788802027702331543e-01 4.150919914245605469e-01 5.926539301872253418e-01 7.261176109313964844e-01 7.956646084785461426e-01 1.175898313522338867e-01
3.822331130504608154e-01 4.187653660774230957e-01 5.978986620903015137e-01 7.325434684753417969e-01 8.027058839797973633e-01 1.186304539442062378e-01
3.855860233306884766e-01 4.224387407302856445e-01 6.031433939933776855e-01 7.389692664146423340e-01 8.097471594810485840e-01 1.196710690855979919e-01
3.889389634132385254e-01 4.261121451854705811e-01 6.083880662918090820e-01 7.453950643539428711e-01 8.167884349822998047e-01 1.207116842269897461e-01
3.922918736934661865e-01 4.297855198383331299e-01 6.136327981948852539e-01 7.518209218978881836e-01 8.238297104835510254e-01 1.217523068189620972e-01
3.956448137760162354e-01 4.334588944911956787e-01 6.188775300979614258e-01 7.582467198371887207e-01 8.308709859848022461e-01 1.227929219603538513e-01
3.989977240562438965e-01 4.371322691440582275e-01 6.241222620010375977e-01 7.646725773811340332e-01 8.379122614860534668e-01 1.238335371017456055e-01
4.023506343364715576e-01 4.408056437969207764e-01 6.293669939041137695e-01 7.710983753204345703e-01 8.449535369873046875e-01 1.248741596937179565e-01
4.057035744190216064e-01 4.444790482521057129e-01 6.346117258071899414e-01 7.775241732597351074e-01 8.519948124885559082e-01 1.259147822856903076e-01
4.090564846992492676e-01 4.481524229049682617e-01 6.398564577102661133e-01 7.839500308036804199e-01 8.590360879898071289e-01 1.269553899765014648e-01
4.124094247817993164e-01 4.518257975578308105e-01 6.451011896133422852e-01 7.903758287429809570e-01 8.660774230957031250e-01 1.279960125684738159e-01
4.157623350620269775e-01 4.554991722106933594e-01 6.503458619117736816e-01 7.968016266822814941e-01 8.731186985969543457e-01 1.290366351604461670e-01
4.191152453422546387e-01 4.591725468635559082e-01 6.555905938148498535e-01 8.032274842262268066e-01 8.801599740982055664e-01 1.300772428512573242e-01
4.224681854248046875e-01 4.628459215164184570e-01 6.608353257179260254e-01 8.096532821655273438e-01 8.872012495994567871e-01 1.311178654432296753e-01
4.258210957050323486e-01 4.665193259716033936e-01 6.660800576210021973e-01 8.160791397094726562e-01 8.942425251007080078e-01 1.321584880352020264e-01
4.291740357875823975e-01 4.701927006244659424e-01 6.713247895240783691e-01 8.225049376487731934e-01 9.012838006019592285e-01 1.331990957260131836e-01
4.325269460678100586e-01 4.738660752773284912e-01 6.765695214271545410e-01 8.289307355880737305e-01 9.083250761032104492e-01 1.342397183179855347e-01
4.358798563480377197e-01 4.775394499301910400e-01 6.818142533302307129e-01 8.353565931320190430e-01 9.153663516044616699e-01 1.352803409099578857e-01
4.392327964305877686e-01 4.812128245830535889e-01 6.870589852333068848e-01 8.417823910713195801e-01 9.224076271057128906e-01 1.363209635019302368e-01
4.425857067108154297e-01 4.848862290382385254e-01 6.923037171363830566e-01 8.482081890106201172e-01 9.294489026069641113e-01 1.373615711927413940e-01
4.459386467933654785e-01 4.885596036911010742e-01 6.975483894348144531e-01 8.546340465545654297e-01 9.364901781082153320e-01 1.384021937847137451e-01
4.492915570735931396e-01 4.922329783439636230e-01 7.027931213378906250e-01 8.610598444938659668e-01 9.435314536094665527e-01 1.394428163766860962e-01
4.526444673538208008e-01 4.959063529968261719e-01 7.080378532409667969e-01 8.674856424331665039e-01 9.505727291107177734e-01 1.404834240674972534e-01
4.559974074363708496e-01 4.995797276496887207e-01 7.132825851440429688e-01 8.739114999771118164e-01 9.576140046119689941e-01 1.415240466594696045e-01
4.593503177165985107e-01 5.032531023025512695e-01 7.185273170471191406e-01 8.803372979164123535e-01 9.646553397178649902e-01 1.425646692514419556e-01
4.627032577991485596e-01 5.069264769554138184e-01 7.237720489501953125e-01 8.867631554603576660e-01 9.716966152191162109e-01 1.436052769422531128e-01
4.660561680793762207e-01 5.105999112129211426e-01 7.290167808532714844e-01 8.931889533996582031e-01 9.787378907203674316e-01 1.446458995342254639e-01
4.694090783596038818e-01 5.142732858657836914e-01 7.342615127563476562e-01 8.996147513389587402e-01 9.857791662216186523e-01 1.456865221261978149e-01
4.727620184421539307e-01 5.179466605186462402e-01 7.395061850547790527e-01 9.060406088829040527e-01 9.928204417228698730e-01 1.467271298170089722e-01
4.761149287223815918e-01 5.216200351715087891e-01 7.447509169578552246e-01 9.124664068222045898e-01 9.998617172241210938e-01 1.477677524089813232e-01
4.794678390026092529e-01 5.252934098243713379e-01 7.499956488609313965e-01 9.188922047615051270e-01 1.006902933120727539e+00 1.488083750009536743e-01
4.828207790851593018e-01 5.289667844772338867e-01 7.552403807640075684e-01 9.253180623054504395e-01 1.013944268226623535e+00 1.498489975929260254e-01
4.861736893653869629e-01 5.326401591300964355e-01 7.604851126670837402e-01 9.317438602447509766e-01 1.020985603332519531e+00 1.508896052837371826e-01
4.895266294479370117e-01 5.363135337829589844e-01 7.657298445701599121e-01 9.381696581840515137e-01 1.028026819229125977e+00 1.519302278757095337e-01
4.928795397281646729e-01 5.399869084358215332e-01 7.709745764732360840e-01 9.445955157279968262e-01 1.035068154335021973e+00 1.529708504676818848e-01
4.962324500083923340e-01 5.436602830886840820e-01 7.762193083763122559e-01 9.510213136672973633e-01 1.042109370231628418e+00 1.540114581584930420e-01
4.995853900909423828e-01 5.473336577415466309e-01 7.814640402793884277e-01 9.574471712112426758e-01 1.049150705337524414e+00 1.550520807504653931e-01
5.029383301734924316e-01 5.510070919990539551e-01 7.867087125778198242e-01 9.638729691505432129e-01 1.056191921234130859e+00 1.560927033424377441e-01
5.062912106513977051e-01 5.546804666519165039e-01 7.919534444808959961e-01 9.702987670898437500e-01 1.063233256340026855e+00 1.571333110332489014e-01
5.096441507339477539e-01 5.583538413047790527e-01 7.971981763839721680e-01 9.767246246337890625e-01 1.070274472236633301e+00 1.581739336252212524e-01
5.129970908164978027e-01 5.620272159576416016e-01 8.024429082870483398e-01 9.831504225730895996e-01 1.077315807342529297e+00 1.592145562171936035e-01
5.163499712944030762e-01 5.657005906105041504e-01 8.076876401901245117e-01 9.895762205123901367e-01 1.084357023239135742e+00 1.602551639080047607e-01
5.197029113769531250e-01 5.693739652633666992e-01 8.129323720932006836e-01 9.960020780563354492e-01 1.091398358345031738e+00 1.612957864999771118e-01
5.230558514595031738e-01 5.730473399162292480e-01 8.181771039962768555e-01 1.002427935600280762e+00 1.098439574241638184e+00 1.623364090919494629e-01
5.264087915420532227e-01 5.767207145690917969e-01 8.234218358993530273e-01 1.008853673934936523e+00 1.105480909347534180e+00 1.633770316839218140e-01
5.297616720199584961e-01 5.803940892219543457e-01 8.286665081977844238e-01 1.015279531478881836e+00 1.112522125244140625e+00 1.644176393747329712e-01
5.331146121025085449e-01 5.840674638748168945e-01 8.339112401008605957e-01 1.021705389022827148e+00 1.119563460350036621e+00 1.654582619667053223e-01
5.364675521850585938e-01 5.877408981323242188e-01 8.391559720039367676e-01 1.028131127357482910e+00 1.126604795455932617e+00 1.664988845586776733e-01
5.398204326629638672e-01 5.914142727851867676e-01 8.444007039070129395e-01 1.034556984901428223e+00 1.133646011352539062e+00 1.675394922494888306e-01
5.431733727455139160e-01 5.950876474380493164e-01 8.496454358100891113e-01 1.040982842445373535e+00 1.140687346458435059e+00 1.685801148414611816e-01
5.465263128280639648e-01 5.987610220909118652e-01 8.548901677131652832e-01 1.047408580780029297e+00 1.147728562355041504e+00 1.696207374334335327e-01
5.498791933059692383e-01 6.024343967437744141e-01 8.601348996162414551e-01 1.053834438323974609e+00 1.154769897460937500e+00 1.706613451242446899e-01
5.532321333885192871e-01 6.061077713966369629e-01 8.653796315193176270e-01 1.060260295867919922e+00 1.161811113357543945e+00 1.717019677162170410e-01
5.565850734710693359e-01 6.097811460494995117e-01 8.706243634223937988e-01 1.066686034202575684e+00 1.168852448463439941e+00 1.727425903081893921e-01
5.599379539489746094e-01 6.134545207023620605e-01 8.758690357208251953e-01 1.073111891746520996e+00 1.175893664360046387e+00 1.737831979990005493e-01
5.632908940315246582e-01 6.171278953552246094e-01 8.811137676239013672e-01 1.079537749290466309e+00 1.182934999465942383e+00 1.748238205909729004e-01
5.666438341140747070e-01 6.208012700080871582e-01 8.863584995269775391e-01 1.085963487625122070e+00 1.189976215362548828e+00 1.758644431829452515e-01
5.699967741966247559e-01 6.244747042655944824e-01 8.916032314300537109e-01 1.092389345169067383e+00 1.197017550468444824e+00 1.769050508737564087e-01
5.733496546745300293e-01 6.281480789184570312e-01 8.968479633331298828e-01 1.098815202713012695e+00 1.204058766365051270e+00 1.779456734657287598e-01
5.767025947570800781e-01 6.318214535713195801e-01 9.020926952362060547e-01 1.105240941047668457e+00 1.211100101470947266e+00 1.789862960577011108e-01
5.800555348396301270e-01 6.354948282241821289e-01 9.073374271392822266e-01 1.111666798591613770e+00 1.218141436576843262e+00 1.800269186496734619e-01
5.834084153175354004e-01 6.391682028770446777e-01 9.125821590423583984e-01 1.118092656135559082e+00 1.225182652473449707e+00 1.810675263404846191e-01
5.867613554000854492e-01 6.428415775299072266e-01 9.178268313407897949e-01 1.124518513679504395e+00 1.232223987579345703e+00 1.821081489324569702e-01
5.901142954826354980e-01 6.465149521827697754e-01 9.230715632438659668e-01 1.130944252014160156e+00 1.239265203475952148e+00 1.831487715244293213e-01
5.934671759605407715e-01 6.501883268356323242e-01 9.283162951469421387e-01 1.137370109558105469e+00 1.246306538581848145e+00 1.841893792152404785e-01
5.968201160430908203e-01 6.538617014884948730e-01 9.335610270500183105e-01 1.143795967102050781e+00 1.253347754478454590e+00 1.852300018072128296e-01
6.001730561256408691e-01 6.575350761413574219e-01 9.388057589530944824e-01 1.150221705436706543e+00 1.260389089584350586e+00 1.862706243991851807e-01
6.035259962081909180e-01 6.612084507942199707e-01 9.440504908561706543e-01 1.156647562980651855e+00 1.267430305480957031e+00 1.873112320899963379e-01
6.068788766860961914e-01 6.648818850517272949e-01 9.492952227592468262e-01 1.163073420524597168e+00 1.274471640586853027e+00 1.883518546819686890e-01
6.102318167686462402e-01 6.685552597045898438e-01 9.545399546623229980e-01 1.169499158859252930e+00 1.281512856483459473e+00 1.893924772739410400e-01
6.135847568511962891e-01 6.722286343574523926e-01 9.597846865653991699e-01 1.175925016403198242e+00 1.288554191589355469e+00 1.904330849647521973e-01
6.169376373291015625e-01 6.759020090103149414e-01 9.650293588638305664e-01 1.182350873947143555e+00 1.295595407485961914e+00 1.914737075567245483e-01
6.202905774116516113e-01 6.795753836631774902e-01 9.702740907669067383e-01 1.188776612281799316e+00 1.302636742591857910e+00 1.925143301486968994e-01
6.236435174942016602e-01 6.832487583160400391e-01 9.755188226699829102e-01 1.195202469825744629e+00 1.309677958488464355e+00 1.935549527406692505e-01
6.269963979721069336e-01 6.869221329689025879e-01 9.807635545730590820e-01 1.201628327369689941e+00 1.316719293594360352e+00 1.945955604314804077e-01
6.303493380546569824e-01 6.905955076217651367e-01 9.860082864761352539e-01 1.208054065704345703e+00 1.323760628700256348e+00 1.956361830234527588e-01
6.337022781372070312e-01 6.942688822746276855e-01 9.912530183792114258e-01 1.214479923248291016e+00 1.330801844596862793e+00 1.966768056154251099e-01
6.370552182197570801e-01 6.979422569274902344e-01 9.964977502822875977e-01 1.220905780792236328e+00 1.337843179702758789e+00 1.977174133062362671e-01
6.404080986976623535e-01 7.016156911849975586e-01 1.001742482185363770e+00 1.227331519126892090e+00 1.344884395599365234e+00 1.987580358982086182e-01
6.437610387802124023e-01 7.052890658378601074e-01 1.006987214088439941e+00 1.233757376670837402e+00 1.351925730705261230e+00 1.997986584901809692e-01
6.471139788627624512e-01 7.089624404907226562e-01 1.012231945991516113e+00 1.240183234214782715e+00 1.358966946601867676e+00 2.008392661809921265e-01
6.504668593406677246e-01 7.126358151435852051e-01 1.017476677894592285e+00 1.246609091758728027e+00 1.366008281707763672e+00 2.018798887729644775e-01
6.538197994232177734e-01 7.163091897964477539e-01 1.022721409797668457e+00 1.253034830093383789e+00 1.373049497604370117e+00 2.029205113649368286e-01
6.571727395057678223e-01 7.199825644493103027e-01 1.027966141700744629e+00 1.259460687637329102e+00 1.380090832710266113e+00 2.039611190557479858e-01
6.605256199836730957e-01 7.236559391021728516e-01 1.033210754394531250e+00 1.265886545181274414e+00 1.387132048606872559e+00 2.050017416477203369e-01
6.638785600662231445e-01 7.273293137550354004e-01 1.038455486297607422e+00 1.272312283515930176e+00 1.394173383712768555e+00 2.060423642396926880e-01
6.672315001487731934e-01 7.310026884078979492e-01 1.043700218200683594e+00 1.278738141059875488e+00 1.401214599609375000e+00 2.070829868316650391e-01
6.705844402313232422e-01 7.346760630607604980e-01 1.048944950103759766e+00 1.285163998603820801e+00 1.408255934715270996e+00 2.081235945224761963e-01
6.739373207092285156e-01 7.383494973182678223e-01 1.054189682006835938e+00 1.291589736938476562e+00 1.415297150611877441e+00 2.091642171144485474e-01
6.772902607917785645e-01 7.420228719711303711e-01 1.059434413909912109e+00 1.298015594482421875e+00 1.422338485717773438e+00 2.102048397064208984e-01
6.806432008743286133e-01 7.456962466239929199e-01 1.064679145812988281e+00 1.304441452026367188e+00 1.429379820823669434e+00 2.112454473972320557e-01
6.839960813522338867e-01 7.493696212768554688e-01 1.069923877716064453e+00 1.310867190361022949e+00 1.436421036720275879e+00 2.122860699892044067e-01
6.873490214347839355e-01 7.530429959297180176e-01 1.075168609619140625e+00 1.317293047904968262e+00 1.443462371826171875e+00 2.133266925811767578e-01
6.907019615173339844e-01 7.567163705825805664e-01 1.080413341522216797e+00 1.323718905448913574e+00 1.450503587722778320e+00 2.143673002719879150e-01
6.940548419952392578e-01 7.603897452354431152e-01 1.085658073425292969e+00 1.330144643783569336e+00 1.457544922828674316e+00 2.154079228639602661e-01
6.974077820777893066e-01 7.640631198883056641e-01 1.090902805328369141e+00 1.336570501327514648e+00 1.464586138725280762e+00 2.164485454559326172e-01
7.007607221603393555e-01 7.677364945411682129e-01 1.096147537231445312e+00 1.342996358871459961e+00 1.471627473831176758e+00 2.174891531467437744e-01
7.041136026382446289e-01 7.714098691940307617e-01 1.101392269134521484e+00 1.349422097206115723e+00 1.478668689727783203e+00 2.185297757387161255e-01
7.074665427207946777e-01 7.750832438468933105e-01 1.106637001037597656e+00 1.355847954750061035e+00 1.485710024833679199e+00 2.195703983306884766e-01
7.108194828033447266e-01 7.787566781044006348e-01 1.111881732940673828e+00 1.362273812294006348e+00 1.492751240730285645e+00 2.206110209226608276e-01
7.141724228858947754e-01 7.824300527572631836e-01 1.117126464843750000e+00 1.368699550628662109e+00 1.499792575836181641e+00 2.216516286134719849e-01
7.175253033638000488e-01 7.861034274101257324e-01 1.122371077537536621e+00 1.375125408172607422e+00 1.506833791732788086e+00 2.226922512054443359e-01
7.208782434463500977e-01 7.897768020629882812e-01 1.127615809440612793e+00 1.381551265716552734e+00 1.513875126838684082e+00 2.237328737974166870e-01
7.242311835289001465e-01 7.934501767158508301e-01 1.132860541343688965e+00 1.387977123260498047e+00 1.520916461944580078e+00 2.247734814882278442e-01
7.275840640068054199e-01 7.971235513687133789e-01 1.138105273246765137e+00 1.394402861595153809e+00 1.527957677841186523e+00 2.258141040802001953e-01
7.309370040893554688e-01 8.007969260215759277e-01 1.143350005149841309e+00 1.400828719139099121e+00 1.534999012947082520e+00 2.268547266721725464e-01
7.342899441719055176e-01 8.044703006744384766e-01 1.148594737052917480e+00 1.407254576683044434e+00 1.542040228843688965e+00 2.278953343629837036e-01
7.376428246498107910e-01 8.081436753273010254e-01 1.153839468955993652e+00 1.413680315017700195e+00 1.549081563949584961e+00 2.289359569549560547e-01
7.409957647323608398e-01 8.118170499801635742e-01 1.159084200859069824e+00 1.420106172561645508e+00 1.556122779846191406e+00 2.299765795469284058e-01
7.443487048149108887e-01 8.154904842376708984e-01 1.164328932762145996e+00 1.426532030105590820e+00 1.563164114952087402e+00 2.310171872377395630e-01
7.477016448974609375e-01 8.191638588905334473e-01 1.169573664665222168e+00 1.432957768440246582e+00 1.570205330848693848e+00 2.320578098297119141e-01
7.510545253753662109e-01 8.228372335433959961e-01 1.174818396568298340e+00 1.439383625984191895e+00 1.577246665954589844e+00 2.330984324216842651e-01
7.544074654579162598e-01 8.265106081962585449e-01 1.180063128471374512e+00 1.445809483528137207e+00 1.584287881851196289e+00 2.341390401124954224e-01
7.577604055404663086e-01 8.301839828491210938e-01 1.185307860374450684e+00 1.452235221862792969e+00 1.591329216957092285e+00 2.351796627044677734e-01
7.611132860183715820e-01 8.338573575019836426e-01 1.190552592277526855e+00 1.458661079406738281e+00 1.598370432853698730e+00 2.362202852964401245e-01
7.644662261009216309e-01 8.375307321548461914e-01 1.195797324180603027e+00 1.465086936950683594e+00 1.605411767959594727e+00 2.372609078884124756e-01
7.678191661834716797e-01 8.412041068077087402e-01 1.201042056083679199e+00 1.471512675285339355e+00 1.612452983856201172e+00 2.383015155792236328e-01
7.711720466613769531e-01 8.448774814605712891e-01 1.206286787986755371e+00 1.477938532829284668e+00 1.619494318962097168e+00 2.393421381711959839e-01
7.745249867439270020e-01 8.485508561134338379e-01 1.211531400680541992e+00 1.484364390373229980e+00 1.626535654067993164e+00 2.403827607631683350e-01
7.778779268264770508e-01 8.522242903709411621e-01 1.216776132583618164e+00 1.490790128707885742e+00 1.633576869964599609e+00 2.414233684539794922e-01
7.812308669090270996e-01 8.558976650238037109e-01 1.222020864486694336e+00 1.497215986251831055e+00 1.640618205070495605e+00 2.424639910459518433e-01
7.845837473869323730e-01 8.595710396766662598e-01 1.227265596389770508e+00 1.503641843795776367e+00 1.647659420967102051e+00 2.435046136379241943e-01
7.879366874694824219e-01 8.632444143295288086e-01 1.232510328292846680e+00 1.510067701339721680e+00 1.654700756072998047e+00 2.445452213287353516e-01
7.912896275520324707e-01 8.669177889823913574e-01 1.237755060195922852e+00 1.516493439674377441e+00 1.661741971969604492e+00 2.455858439207077026e-01
7.946425080299377441e-01 8.705911636352539062e-01 1.242999792098999023e+00 1.522919297218322754e+00 1.668783307075500488e+00 2.466264665126800537e-01
7.979954481124877930e-01 8.742645382881164551e-01 1.248244524002075195e+00 1.529345154762268066e+00 1.675824522972106934e+00 2.476670742034912109e-01
8.013483881950378418e-01 8.779379129409790039e-01 1.253489255905151367e+00 1.535770893096923828e+00 1.682865858078002930e+00 2.487076967954635620e-01
8.047012686729431152e-01 8.816112875938415527e-01 1.258733987808227539e+00 1.542196750640869141e+00 1.689907073974609375e+00 2.497483193874359131e-01
8.080542087554931641e-01 8.852846622467041016e-01 1.263978719711303711e+00 1.548622608184814453e+00 1.696948409080505371e+00 2.507889270782470703e-01
8.114071488380432129e-01 8.889580965042114258e-01 1.269223451614379883e+00 1.555048346519470215e+00 1.703989624977111816e+00 2.518295645713806152e-01
8.147600889205932617e-01 8.926314711570739746e-01 1.274468183517456055e+00 1.561474204063415527e+00 1.711030960083007812e+00 2.528701722621917725e-01
8.181129693984985352e-01 8.963048458099365234e-01 1.279712915420532227e+00 1.567900061607360840e+00 1.718072175979614258e+00 2.539107799530029297e-01
8.214659094810485840e-01 8.999782204627990723e-01 1.284957647323608398e+00 1.574325799942016602e+00 1.725113511085510254e+00 2.549514174461364746e-01
8.248188495635986328e-01 9.036515951156616211e-01 1.290202379226684570e+00 1.580751657485961914e+00 1.732154846191406250e+00 2.559920251369476318e-01
8.281717300415039062e-01 9.073249697685241699e-01 1.295447111129760742e+00 1.587177515029907227e+00 1.739196062088012695e+00 2.570326328277587891e-01
8.315246701240539551e-01 9.109983444213867188e-01 1.300691723823547363e+00 1.593603253364562988e+00 1.746237397193908691e+00 2.580732703208923340e-01
8.348776102066040039e-01 9.146717190742492676e-01 1.305936455726623535e+00 1.600029110908508301e+00 1.753278613090515137e+00 2.591138780117034912e-01
8.382304906845092773e-01 9.183450937271118164e-01 1.311181187629699707e+00 1.606454968452453613e+00 1.760319948196411133e+00 2.601544857025146484e-01
8.415834307670593262e-01 9.220184683799743652e-01 1.316425919532775879e+00 1.612880706787109375e+00 1.767361164093017578e+00 2.611951231956481934e-01
8.449363708496093750e-01 9.256918430328369141e-01 1.321670651435852051e+00 1.619306564331054688e+00 1.774402499198913574e+00 2.622357308864593506e-01
8.482892513275146484e-01 9.293652772903442383e-01 1.326915383338928223e+00 1.625732421875000000e+00 1.781443715095520020e+00 2.632763385772705078e-01
8.516421914100646973e-01 9.330386519432067871e-01 1.332160115242004395e+00 1.632158279418945312e+00 1.788485050201416016e+00 2.643169760704040527e-01
8.549951314926147461e-01 9.367120265960693359e-01 1.337404847145080566e+00 1.638584017753601074e+00 1.795526266098022461e+00 2.653575837612152100e-01
8.583480715751647949e-01 9.403854012489318848e-01 1.342649579048156738e+00 1.645009875297546387e+00 1.802567601203918457e+00 2.663981914520263672e-01
8.617009520530700684e-01 9.440587759017944336e-01 1.347894310951232910e+00 1.651435732841491699e+00 1.809608817100524902e+00 2.674388289451599121e-01
8.650538921356201172e-01 9.477321505546569824e-01 1.353139042854309082e+00 1.657861471176147461e+00 1.816650152206420898e+00 2.684794366359710693e-01
8.684068322181701660e-01 9.514055252075195312e-01 1.358383774757385254e+00 1.664287328720092773e+00 1.823691487312316895e+00 2.695200443267822266e-01
8.717597126960754395e-01 9.550788998603820801e-01 1.363628506660461426e+00 1.670713186264038086e+00 1.830732703208923340e+00 2.705606818199157715e-01
8.751126527786254883e-01 9.587522745132446289e-01 1.368873238563537598e+00 1.677138924598693848e+00 1.837774038314819336e+00 2.716012895107269287e-01
8.784655928611755371e-01 9.624256491661071777e-01 1.374117970466613770e+00 1.683564782142639160e+00 1.844815254211425781e+00 2.726419270038604736e-01
8.818184733390808105e-01 9.660990834236145020e-01 1.379362702369689941e+00 1.689990639686584473e+00 1.851856589317321777e+00 2.736825346946716309e-01
8.851714134216308594e-01 9.697724580764770508e-01 1.384607434272766113e+00 1.696416378021240234e+00 1.858897805213928223e+00 2.747231423854827881e-01
8.885243535041809082e-01 9.734458327293395996e-01 1.389852046966552734e+00 1.702842235565185547e+00 1.865939140319824219e+00 2.757637798786163330e-01
8.918772935867309570e-01 9.771192073822021484e-01 1.395096778869628906e+00 1.709268093109130859e+00 1.872980356216430664e+00 2.768043875694274902e-01
8.952301740646362305e-01 9.807925820350646973e-01 1.400341510772705078e+00 1.715693831443786621e+00 1.880021691322326660e+00 2.778449952602386475e-01
8.985831141471862793e-01 9.844659566879272461e-01 1.405586242675781250e+00 1.722119688987731934e+00 1.887062907218933105e+00 2.788856327533721924e-01
9.019360542297363281e-01 9.881393313407897949e-01 1.410830974578857422e+00 1.728545546531677246e+00 1.894104242324829102e+00 2.799262404441833496e-01
9.052889347076416016e-01 9.918127059936523438e-01 1.416075706481933594e+00 1.734971284866333008e+00 1.901145458221435547e+00 2.809668481349945068e-01
9.086418747901916504e-01 9.954860806465148926e-01 1.421320438385009766e+00 1.741397142410278320e+00 1.908186793327331543e+00 2.820074856281280518e-01
9.119948148727416992e-01 9.991594552993774414e-01 1.426565170288085938e+00 1.747822999954223633e+00 1.915228009223937988e+00 2.830480933189392090e-01
9.153476953506469727e-01 1.002832889556884766e+00 1.431809902191162109e+00 1.754248738288879395e+00 1.922269344329833984e+00 2.840887010097503662e-01
9.187006354331970215e-01 1.006506204605102539e+00 1.437054634094238281e+00 1.760674595832824707e+00 1.929310679435729980e+00 2.851293385028839111e-01
9.220535755157470703e-01 1.010179638862609863e+00 1.442299365997314453e+00 1.767100453376770020e+00 1.936351895332336426e+00 2.861699461936950684e-01
9.254065155982971191e-01 1.013852953910827637e+00 1.447544097900390625e+00 1.773526310920715332e+00 1.943393230438232422e+00 2.872105538845062256e-01
9.287593960762023926e-01 1.017526388168334961e+00 1.452788829803466797e+00 1.779952049255371094e+00 1.950434446334838867e+00 2.882511913776397705e-01
9.321123361587524414e-01 1.021199822425842285e+00 1.458033561706542969e+00 1.786377906799316406e+00 1.957475781440734863e+00 2.892917990684509277e-01
9.354652762413024902e-01 1.024873137474060059e+00 1.463278293609619141e+00 1.792803764343261719e+00 1.964516997337341309e+00 2.903324067592620850e-01
9.388181567192077637e-01 1.028546571731567383e+00 1.468523025512695312e+00 1.799229502677917480e+00 1.971558332443237305e+00 2.913730442523956299e-01
9.421710968017578125e-01 1.032219886779785156e+00 1.473767757415771484e+00 1.805655360221862793e+00 1.978599548339843750e+00 2.924136519432067871e-01
9.455240368843078613e-01 1.035893321037292480e+00 1.479012370109558105e+00 1.812081217765808105e+00 1.985640883445739746e+00 2.934542596340179443e-01
9.488769173622131348e-01 1.039566636085510254e+00 1.484257102012634277e+00 1.818506956100463867e+00 1.992682099342346191e+00 2.944948971271514893e-01
9.522298574447631836e-01 1.043240070343017578e+00 1.489501833915710449e+00 1.824932813644409180e+00 1.999723434448242188e+00 2.955355048179626465e-01
9.555827975273132324e-01 1.046913385391235352e+00 1.494746565818786621e+00 1.831358671188354492e+00 2.006764650344848633e+00 2.965761125087738037e-01
9.589356780052185059e-01 1.050586819648742676e+00 1.499991297721862793e+00 1.837784409523010254e+00 2.013805866241455078e+00 2.976167500019073486e-01
9.622886180877685547e-01 1.054260134696960449e+00 1.505236029624938965e+00 1.844210267066955566e+00 2.020847320556640625e+00 2.986573576927185059e-01
9.656415581703186035e-01 1.057933568954467773e+00 1.510480761528015137e+00 1.850636124610900879e+00 2.027888536453247070e+00 2.996979951858520508e-01
9.689944982528686523e-01 1.061607003211975098e+00 1.515725493431091309e+00 1.857061862945556641e+00 2.034929752349853516e+00 3.007386028766632080e-01
9.723473787307739258e-01 1.065280318260192871e+00 1.520970225334167480e+00 1.863487720489501953e+00 2.041971206665039062e+00 3.017792105674743652e-01
9.757003188133239746e-01 1.068953752517700195e+00 1.526214957237243652e+00 1.869913578033447266e+00 2.049012422561645508e+00 3.028198480606079102e-01
9.790532588958740234e-01 1.072627067565917969e+00 1.531459689140319824e+00 1.876339316368103027e+00 2.056053638458251953e+00 3.038604557514190674e-01
9.824061393737792969e-01 1.076300501823425293e+00 1.536704421043395996e+00 1.882765173912048340e+00 2.063094854354858398e+00 3.049010634422302246e-01
9.857590794563293457e-01 1.079973816871643066e+00 1.541949152946472168e+00 1.889191031455993652e+00 2.070136308670043945e+00 3.059417009353637695e-01
9.891120195388793945e-01 1.083647251129150391e+00 1.547193884849548340e+00 1.895616888999938965e+00 2.077177524566650391e+00 3.069823086261749268e-01
9.924649000167846680e-01 1.087320566177368164e+00 1.552438616752624512e+00 1.902042627334594727e+00 2.084218740463256836e+00 3.080229163169860840e-01
9.958178400993347168e-01 1.090994000434875488e+00 1.557683348655700684e+00 1.908468484878540039e+00 2.091259956359863281e+00 3.090635538101196289e-01
9.991707801818847656e-01 1.094667315483093262e+00 1.562928080558776855e+00 1.914894342422485352e+00 2.098301410675048828e+00 3.101041615009307861e-01
1.002523660659790039e+00 1.098340749740600586e+00 1.568172693252563477e+00 1.921320080757141113e+00 2.105342626571655273e+00 3.111447691917419434e-01
