0.000000000000000000e+00 0.000000000000000000e+00 0.000000000000000000e+00 0.000000000000000000e+00 0.000000000000000000e+00 0.000000000000000000e+00
0.000000000000000000e+00 0.000000000000000000e+00 0.000000000000000000e+00 0.000000000000000000e+00 0.000000000000000000e+00 0.000000000000000000e+00
0.000000000000000000e+00 0.000000000000000000e+00 0.000000000000000000e+00 0.000000000000000000e+00 0.000000000000000000e+00 0.000000000000000000e+00
0.000000000000000000e+00 0.000000000000000000e+00 0.000000000000000000e+00 0.000000000000000000e+00 0.000000000000000000e+00 0.000000000000000000e+00
0.000000000000000000e+00 0.000000000000000000e+00 0.000000000000000000e+00 0.000000000000000000e+00 0.000000000000000000e+00 0.000000000000000000e+00
0.000000000000000000e+00 0.000000000000000000e+00 0.000000000000000000e+00 0.000000000000000000e+00 0.000000000000000000e+00 0.000000000000000000e+00
0.000000000000000000e+00 0.000000000000000000e+00 0.000000000000000000e+00 0.000000000000000000e+00 0.000000000000000000e+00 0.000000000000000000e+00
0.000000000000000000e+00 0.000000000000000000e+00 0.000000000000000000e+00 0.000000000000000000e+00 0.000000000000000000e+00 0.000000000000000000e+00
0.000000000000000000e+00 0.000000000000000000e+00 0.000000000000000000e+00 0.000000000000000000e+00 0.000000000000000000e+00 0.000000000000000000e+00
0.000000000000000000e+00 0.000000000000000000e+00 0.000000000000000000e+00 0.000000000000000000e+00 0.000000000000000000e+00 0.000000000000000000e+00
0.000000000000000000e+00 0.000000000000000000e+00 0.000000000000000000e+00 0.000000000000000000e+00 0.000000000000000000e+00 0.000000000000000000e+00
0.000000000000000000e+00 0.000000000000000000e+00 0.000000000000000000e+00 0.000000000000000000e+00 0.000000000000000000e+00 0.000000000000000000e+00
0.000000000000000000e+00 0.000000000000000000e+00 0.000000000000000000e+00 0.000000000000000000e+00 0.000000000000000000e+00 0.000000000000000000e+00
0.000000000000000000e+00 0.000000000000000000e+00 0.000000000000000000e+00 0.000000000000000000e+00 0.000000000000000000e+00 0.000000000000000000e+00
0.000000000000000000e+00 0.000000000000000000e+00 0.000000000000000000e+00 0.000000000000000000e+00 0.000000000000000000e+00 0.000000000000000000e+00
0.000000000000000000e+00 0.000000000000000000e+00 0.000000000000000000e+00 0.000000000000000000e+00 0.000000000000000000e+00 0.000000000000000000e+00
0.000000000000000000e+00 0.000000000000000000e+00 0.000000000000000000e+00 0.000000000000000000e+00 0.000000000000000000e+00 0.000000000000000000e+00
0.000000000000000000e+00 0.000000000000000000e+00 0.000000000000000000e+00 0.000000000000000000e+00 0.000000000000000000e+00 0.000000000000000000e+00
0.000000000000000000e+00 0.000000000000000000e+00 0.000000000000000000e+00 0.000000000000000000e+00 0.000000000000000000e+00 0.000000000000000000e+00
0.000000000000000000e+00 0.000000000000000000e+00 0.000000000000000000e+00 0.000000000000000000e+00 0.000000000000000000e+00 0.000000000000000000e+00
0.000000000000000000e+00 0.000000000000000000e+00 0.000000000000000000e+00 0.000000000000000000e+00 0.000000000000000000e+00 0.000000000000000000e+00
0.000000000000000000e+00 0.000000000000000000e+00 0.000000000000000000e+00 0.000000000000000000e+00 0.000000000000000000e+00 0.000000000000000000e+00
0.000000000000000000e+00 0.000000000000000000e+00 0.000000000000000000e+00 0.000000000000000000e+00 0.000000000000000000e+00 0.000000000000000000e+00
0.000000000000000000e+00 0.000000000000000000e+00 0.000000000000000000e+00 0.000000000000000000e+00 0.000000000000000000e+00 0.000000000000000000e+00
0.000000000000000000e+00 0.000000000000000000e+00 0.000000000000000000e+00 0.000000000000000000e+00 0.000000000000000000e+00 0.000000000000000000e+00
0.000000000000000000e+00 0.000000000000000000e+00 0.000000000000000000e+00 0.000000000000000000e+00 0.000000000000000000e+00 0.000000000000000000e+00
0.000000000000000000e+00 0.000000000000000000e+00 0.000000000000000000e+00 0.000000000000000000e+00 0.000000000000000000e+00 0.000000000000000000e+00
0.000000000000000000e+00 0.000000000000000000e+00 0.000000000000000000e+00 0.000000000000000000e+00 0.000000000000000000e+00 0.000000000000000000e+00
0.000000000000000000e+00 0.000000000000000000e+00 0.000000000000000000e+00 0.000000000000000000e+00 0.000000000000000000e+00 0.000000000000000000e+00
0.000000000000000000e+00 0.000000000000000000e+00 0.000000000000000000e+00 0.000000000000000000e+00 0.000000000000000000e+00 0.000000000000000000e+00
0.000000000000000000e+00 0.000000000000000000e+00 0.000000000000000000e+00 0.000000000000000000e+00 0.000000000000000000e+00 0.000000000000000000e+00
0.000000000000000000e+00 0.000000000000000000e+00 0.000000000000000000e+00 0.000000000000000000e+00 0.000000000000000000e+00 0.000000000000000000e+00
0.000000000000000000e+00 0.000000000000000000e+00 0.000000000000000000e+00 0.000000000000000000e+00 0.000000000000000000e+00 0.000000000000000000e+00
0.000000000000000000e+00 0.000000000000000000e+00 0.000000000000000000e+00 0.000000000000000000e+00 0.000000000000000000e+00 0.000000000000000000e+00
0.000000000000000000e+00 0.000000000000000000e+00 0.000000000000000000e+00 0.000000000000000000e+00 0.000000000000000000e+00 0.000000000000000000e+00
0.000000000000000000e+00 0.000000000000000000e+00 0.000000000000000000e+00 0.000000000000000000e+00 0.000000000000000000e+00 0.000000000000000000e+00
0.000000000000000000e+00 0.000000000000000000e+00 0.000000000000000000e+00 0.000000000000000000e+00 0.000000000000000000e+00 0.000000000000000000e+00
0.000000000000000000e+00 0.000000000000000000e+00 0.000000000000000000e+00 0.000000000000000000e+00 0.000000000000000000e+00 0.000000000000000000e+00
0.000000000000000000e+00 0.000000000000000000e+00 0.000000000000000000e+00 0.000000000000000000e+00 0.000000000000000000e+00 0.000000000000000000e+00
0.000000000000000000e+00 0.000000000000000000e+00 0.000000000000000000e+00 0.000000000000000000e+00 0.000000000000000000e+00 0.000000000000000000e+00
0.000000000000000000e+00 0.000000000000000000e+00 0.000000000000000000e+00 0.000000000000000000e+00 0.000000000000000000e+00 0.000000000000000000e+00
0.000000000000000000e+00 0.000000000000000000e+00 0.000000000000000000e+00 0.000000000000000000e+00 0.000000000000000000e+00 0.000000000000000000e+00
0.000000000000000000e+00 0.000000000000000000e+00 0.000000000000000000e+00 0.000000000000000000e+00 0.000000000000000000e+00 0.000000000000000000e+00
0.000000000000000000e+00 0.000000000000000000e+00 0.000000000000000000e+00 0.000000000000000000e+00 0.000000000000000000e+00 0.000000000000000000e+00
0.000000000000000000e+00 0.000000000000000000e+00 0.000000000000000000e+00 0.000000000000000000e+00 0.000000000000000000e+00 0.000000000000000000e+00
0.000000000000000000e+00 0.000000000000000000e+00 0.000000000000000000e+00 0.000000000000000000e+00 0.000000000000000000e+00 0.000000000000000000e+00
0.000000000000000000e+00 0.000000000000000000e+00 0.000000000000000000e+00 0.000000000000000000e+00 0.000000000000000000e+00 0.000000000000000000e+00
0.000000000000000000e+00 0.000000000000000000e+00 0.000000000000000000e+00 0.000000000000000000e+00 0.000000000000000000e+00 0.000000000000000000e+00
0.000000000000000000e+00 0.000000000000000000e+00 0.000000000000000000e+00 0.000000000000000000e+00 0.000000000000000000e+00 0.000000000000000000e+00
0.000000000000000000e+00 0.000000000000000000e+00 0.000000000000000000e+00 0.000000000000000000e+00 0.000000000000000000e+00 0.000000000000000000e+00
0.000000000000000000e+00 0.000000000000000000e+00 0.000000000000000000e+00 0.000000000000000000e+00 0.000000000000000000e+00 0.000000000000000000e+00
0.000000000000000000e+00 0.000000000000000000e+00 0.000000000000000000e+00 0.000000000000000000e+00 0.000000000000000000e+00 0.000000000000000000e+00
0.000000000000000000e+00 0.000000000000000000e+00 0.000000000000000000e+00 0.000000000000000000e+00 0.000000000000000000e+00 0.000000000000000000e+00
0.000000000000000000e+00 0.000000000000000000e+00 0.000000000000000000e+00 0.000000000000000000e+00 0.000000000000000000e+00 0.000000000000000000e+00
0.000000000000000000e+00 0.000000000000000000e+00 0.000000000000000000e+00 0.000000000000000000e+00 0.000000000000000000e+00 0.000000000000000000e+00
0.000000000000000000e+00 0.000000000000000000e+00 0.000000000000000000e+00 0.000000000000000000e+00 0.000000000000000000e+00 0.000000000000000000e+00
0.000000000000000000e+00 0.000000000000000000e+00 0.000000000000000000e+00 0.000000000000000000e+00 0.000000000000000000e+00 0.000000000000000000e+00
0.000000000000000000e+00 0.000000000000000000e+00 0.000000000000000000e+00 0.000000000000000000e+00 0.000000000000000000e+00 0.000000000000000000e+00
0.000000000000000000e+00 0.000000000000000000e+00 0.000000000000000000e+00 0.000000000000000000e+00 0.000000000000000000e+00 0.000000000000000000e+00
0.000000000000000000e+00 0.000000000000000000e+00 0.000000000000000000e+00 0.000000000000000000e+00 0.000000000000000000e+00 0.000000000000000000e+00
0.000000000000000000e+00 0.000000000000000000e+00 0.000000000000000000e+00 0.000000000000000000e+00 0.000000000000000000e+00 0.000000000000000000e+00
0.000000000000000000e+00 0.000000000000000000e+00 0.000000000000000000e+00 0.000000000000000000e+00 0.000000000000000000e+00 0.000000000000000000e+00
0.000000000000000000e+00 0.000000000000000000e+00 0.000000000000000000e+00 0.000000000000000000e+00 0.000000000000000000e+00 0.000000000000000000e+00
0.000000000000000000e+00 0.000000000000000000e+00 0.000000000000000000e+00 0.000000000000000000e+00 0.000000000000000000e+00 0.000000000000000000e+00
0.000000000000000000e+00 0.000000000000000000e+00 0.000000000000000000e+00 0.000000000000000000e+00 0.000000000000000000e+00 0.000000000000000000e+00
0.000000000000000000e+00 0.000000000000000000e+00 0.000000000000000000e+00 0.000000000000000000e+00 0.000000000000000000e+00 0.000000000000000000e+00
0.000000000000000000e+00 0.000000000000000000e+00 0.000000000000000000e+00 0.000000000000000000e+00 0.000000000000000000e+00 0.000000000000000000e+00
0.000000000000000000e+00 0.000000000000000000e+00 0.000000000000000000e+00 0.000000000000000000e+00 0.000000000000000000e+00 0.000000000000000000e+00
0.000000000000000000e+00 0.000000000000000000e+00 0.000000000000000000e+00 0.000000000000000000e+00 0.000000000000000000e+00 0.000000000000000000e+00
0.000000000000000000e+00 0.000000000000000000e+00 0.000000000000000000e+00 0.000000000000000000e+00 0.000000000000000000e+00 0.000000000000000000e+00
0.000000000000000000e+00 0.000000000000000000e+00 0.000000000000000000e+00 0.000000000000000000e+00 0.000000000000000000e+00 0.000000000000000000e+00
0.000000000000000000e+00 0.000000000000000000e+00 0.000000000000000000e+00 0.000000000000000000e+00 0.000000000000000000e+00 0.000000000000000000e+00
0.000000000000000000e+00 0.000000000000000000e+00 0.000000000000000000e+00 0.000000000000000000e+00 0.000000000000000000e+00 0.000000000000000000e+00
0.000000000000000000e+00 0.000000000000000000e+00 0.000000000000000000e+00 0.000000000000000000e+00 0.000000000000000000e+00 0.000000000000000000e+00
0.000000000000000000e+00 0.000000000000000000e+00 0.000000000000000000e+00 0.000000000000000000e+00 0.000000000000000000e+00 0.000000000000000000e+00
0.000000000000000000e+00 0.000000000000000000e+00 0.000000000000000000e+00 0.000000000000000000e+00 0.000000000000000000e+00 0.000000000000000000e+00
0.000000000000000000e+00 0.000000000000000000e+00 0.000000000000000000e+00 0.000000000000000000e+00 0.000000000000000000e+00 0.000000000000000000e+00
0.000000000000000000e+00 0.000000000000000000e+00 0.000000000000000000e+00 0.000000000000000000e+00 0.000000000000000000e+00 0.000000000000000000e+00
0.000000000000000000e+00 0.000000000000000000e+00 0.000000000000000000e+00 0.000000000000000000e+00 0.000000000000000000e+00 0.000000000000000000e+00
0.000000000000000000e+00 0.000000000000000000e+00 0.000000000000000000e+00 0.000000000000000000e+00 0.000000000000000000e+00 0.000000000000000000e+00
0.000000000000000000e+00 0.000000000000000000e+00 0.000000000000000000e+00 0.000000000000000000e+00 0.000000000000000000e+00 0.000000000000000000e+00
0.000000000000000000e+00 0.000000000000000000e+00 0.000000000000000000e+00 0.000000000000000000e+00 0.000000000000000000e+00 0.000000000000000000e+00
0.000000000000000000e+00 0.000000000000000000e+00 0.000000000000000000e+00 0.000000000000000000e+00 0.000000000000000000e+00 0.000000000000000000e+00
0.000000000000000000e+00 0.000000000000000000e+00 0.000000000000000000e+00 0.000000000000000000e+00 0.000000000000000000e+00 0.000000000000000000e+00
0.000000000000000000e+00 0.000000000000000000e+00 0.000000000000000000e+00 0.000000000000000000e+00 0.000000000000000000e+00 0.000000000000000000e+00
0.000000000000000000e+00 0.000000000000000000e+00 0.000000000000000000e+00 0.000000000000000000e+00 0.000000000000000000e+00 0.000000000000000000e+00
0.000000000000000000e+00 0.000000000000000000e+00 0.000000000000000000e+00 0.000000000000000000e+00 0.000000000000000000e+00 0.000000000000000000e+00
0.000000000000000000e+00 0.000000000000000000e+00 0.000000000000000000e+00 0.000000000000000000e+00 0.000000000000000000e+00 0.000000000000000000e+00
0.000000000000000000e+00 0.000000000000000000e+00 0.000000000000000000e+00 0.000000000000000000e+00 0.000000000000000000e+00 0.000000000000000000e+00
0.000000000000000000e+00 0.000000000000000000e+00 0.000000000000000000e+00 0.000000000000000000e+00 0.000000000000000000e+00 0.000000000000000000e+00
0.000000000000000000e+00 0.000000000000000000e+00 0.000000000000000000e+00 0.000000000000000000e+00 0.000000000000000000e+00 0.000000000000000000e+00
0.000000000000000000e+00 0.000000000000000000e+00 0.000000000000000000e+00 0.000000000000000000e+00 0.000000000000000000e+00 0.000000000000000000e+00
0.000000000000000000e+00 0.000000000000000000e+00 0.000000000000000000e+00 0.000000000000000000e+00 0.000000000000000000e+00 0.000000000000000000e+00
0.000000000000000000e+00 0.000000000000000000e+00 0.000000000000000000e+00 0.000000000000000000e+00 0.000000000000000000e+00 0.000000000000000000e+00
0.000000000000000000e+00 0.000000000000000000e+00 0.000000000000000000e+00 0.000000000000000000e+00 0.000000000000000000e+00 0.000000000000000000e+00
0.000000000000000000e+00 0.000000000000000000e+00 0.000000000000000000e+00 0.000000000000000000e+00 0.000000000000000000e+00 0.000000000000000000e+00
0.000000000000000000e+00 0.000000000000000000e+00 0.000000000000000000e+00 0.000000000000000000e+00 0.000000000000000000e+00 0.000000000000000000e+00
0.000000000000000000e+00 0.000000000000000000e+00 0.000000000000000000e+00 0.000000000000000000e+00 0.000000000000000000e+00 0.000000000000000000e+00
0.000000000000000000e+00 0.000000000000000000e+00 0.000000000000000000e+00 0.000000000000000000e+00 0.000000000000000000e+00 0.000000000000000000e+00
0.000000000000000000e+00 0.000000000000000000e+00 0.000000000000000000e+00 0.000000000000000000e+00 0.000000000000000000e+00 0.000000000000000000e+00
0.000000000000000000e+00 0.000000000000000000e+00 0.000000000000000000e+00 0.000000000000000000e+00 0.000000000000000000e+00 0.000000000000000000e+00
1.453598495572805405e-02 1.242731045931577682e-02 2.829240635037422180e-02 1.296890340745449066e-02 1.925713196396827698e-02 4.536440595984458923e-02
2.907196991145610809e-02 2.485462091863155365e-02 5.658481270074844360e-02 2.593780681490898132e-02 3.851426392793655396e-02 9.072881191968917847e-02
4.360795393586158752e-02 3.728193417191505432e-02 8.487722277641296387e-02 3.890670835971832275e-02 5.777139589190483093e-02 1.360932141542434692e-01
5.814393982291221619e-02 4.970924183726310730e-02 1.131696254014968872e-01 5.187561362981796265e-02 7.702852785587310791e-02 1.814576238393783569e-01
7.267992198467254639e-02 6.213655322790145874e-02 1.414620280265808105e-01 6.484451889991760254e-02 9.628565609455108643e-02 2.268220186233520508e-01
8.721590787172317505e-02 7.456386834383010864e-02 1.697544455528259277e-01 7.781341671943664551e-02 1.155427917838096619e-01 2.721864283084869385e-01
1.017518937587738037e-01 8.699117600917816162e-02 1.980468481779098511e-01 9.078232198953628540e-02 1.347999274730682373e-01 3.175508379936218262e-01
1.162878796458244324e-01 9.941848367452621460e-02 2.263392508029937744e-01 1.037512272596359253e-01 1.540570557117462158e-01 3.629152476787567139e-01
1.308238655328750610e-01 1.118457987904548645e-01 2.546316683292388916e-01 1.167201325297355652e-01 1.733141839504241943e-01 4.082796573638916016e-01
1.453598439693450928e-01 1.242731064558029175e-01 2.829240560531616211e-01 1.296890377998352051e-01 1.925713121891021729e-01 4.536440372467041016e-01
1.598958373069763184e-01 1.367004215717315674e-01 3.112164735794067383e-01 1.426579356193542480e-01 2.118284553289413452e-01 4.990084469318389893e-01
1.744318157434463501e-01 1.491277366876602173e-01 3.395088911056518555e-01 1.556268334388732910e-01 2.310855835676193237e-01 5.443728566169738770e-01
1.889677941799163818e-01 1.615550369024276733e-01 3.678012788295745850e-01 1.685957461595535278e-01 2.503427267074584961e-01 5.897372364997863770e-01
2.035037875175476074e-01 1.739823520183563232e-01 3.960936963558197021e-01 1.815646439790725708e-01 2.695998549461364746e-01 6.351016759872436523e-01
2.180397659540176392e-01 1.864096671342849731e-01 4.243861138820648193e-01 1.945335566997528076e-01 2.888569831848144531e-01 6.804660558700561523e-01
2.325757592916488647e-01 1.988369673490524292e-01 4.526785016059875488e-01 2.075024545192718506e-01 3.081141114234924316e-01 7.258304953575134277e-01
2.471117377281188965e-01 2.112642824649810791e-01 4.809709191322326660e-01 2.204713523387908936e-01 3.273712396621704102e-01 7.711948752403259277e-01
2.616477310657501221e-01 2.236915975809097290e-01 5.092633366584777832e-01 2.334402650594711304e-01 3.466283679008483887e-01 8.165593147277832031e-01
2.761836946010589600e-01 2.361188977956771851e-01 5.375557541847229004e-01 2.464091628789901733e-01 3.658854961395263672e-01 8.619236946105957031e-01
2.907196879386901855e-01 2.485462129116058350e-01 5.658481121063232422e-01 2.593780755996704102e-01 3.851426243782043457e-01 9.072880744934082031e-01
3.052556812763214111e-01 2.609735131263732910e-01 5.941405296325683594e-01 2.723469734191894531e-01 4.043997526168823242e-01 9.526525139808654785e-01
3.197916746139526367e-01 2.734008431434631348e-01 6.224329471588134766e-01 2.853158712387084961e-01 4.236569106578826904e-01 9.980168938636779785e-01
3.343276381492614746e-01 2.858281433582305908e-01 6.507253646850585938e-01 2.982847690582275391e-01 4.429140388965606689e-01 1.043381333351135254e+00
3.488636314868927002e-01 2.982554733753204346e-01 6.790177822113037109e-01 3.112536668777465820e-01 4.621711671352386475e-01 1.088745713233947754e+00
3.633996248245239258e-01 3.106827735900878906e-01 7.073101401329040527e-01 3.242225944995880127e-01 4.814282953739166260e-01 1.134110093116760254e+00
3.779355883598327637e-01 3.231100738048553467e-01 7.356025576591491699e-01 3.371914923191070557e-01 5.006854534149169922e-01 1.179474472999572754e+00
3.924715816974639893e-01 3.355374038219451904e-01 7.638949751853942871e-01 3.501603901386260986e-01 5.199425816535949707e-01 1.224838972091674805e+00
4.070075750350952148e-01 3.479647040367126465e-01 7.921873927116394043e-01 3.631292879581451416e-01 5.391997098922729492e-01 1.270203351974487305e+00
4.215435683727264404e-01 3.603920042514801025e-01 8.204798102378845215e-01 3.760981857776641846e-01 5.584568381309509277e-01 1.315567731857299805e+00
4.360795319080352783e-01 3.728193342685699463e-01 8.487722277641296387e-01 3.890671133995056152e-01 5.777139663696289062e-01 1.360932111740112305e+00
4.506155252456665039e-01 3.852466344833374023e-01 8.770645856857299805e-01 4.020360112190246582e-01 5.969710946083068848e-01 1.406296491622924805e+00
4.651515185832977295e-01 3.976739346981048584e-01 9.053570032119750977e-01 4.150049090385437012e-01 6.162282228469848633e-01 1.451660990715026855e+00
4.796874821186065674e-01 4.101012647151947021e-01 9.336494207382202148e-01 4.279738068580627441e-01 6.354853510856628418e-01 1.497025370597839355e+00
4.942234754562377930e-01 4.225285649299621582e-01 9.619418382644653320e-01 4.409427046775817871e-01 6.547424793243408203e-01 1.542389750480651855e+00
5.087594389915466309e-01 4.349558651447296143e-01 9.902342557907104492e-01 4.539116024971008301e-01 6.739996075630187988e-01 1.587754130363464355e+00
5.232954621315002441e-01 4.473831951618194580e-01 1.018526673316955566e+00 4.668805301189422607e-01 6.932567358016967773e-01 1.633118629455566406e+00
5.378314256668090820e-01 4.598104953765869141e-01 1.046819090843200684e+00 4.798494279384613037e-01 7.125138640403747559e-01 1.678483009338378906e+00
5.523673892021179199e-01 4.722377955913543701e-01 1.075111508369445801e+00 4.928183257579803467e-01 7.317709922790527344e-01 1.723847389221191406e+00
5.669034123420715332e-01 4.846651256084442139e-01 1.103403806686401367e+00 5.057872533798217773e-01 7.510281205177307129e-01 1.769211769104003906e+00
5.814393758773803711e-01 4.970924258232116699e-01 1.131696224212646484e+00 5.187561511993408203e-01 7.702852487564086914e-01 1.814576148986816406e+00
5.959753990173339844e-01 5.095197558403015137e-01 1.159988641738891602e+00 5.317250490188598633e-01 7.895423769950866699e-01 1.859940648078918457e+00
6.105113625526428223e-01 5.219470262527465820e-01 1.188281059265136719e+00 5.446939468383789062e-01 8.087995052337646484e-01 1.905305027961730957e+00
6.250473260879516602e-01 5.343743562698364258e-01 1.216573476791381836e+00 5.576628446578979492e-01 8.280566930770874023e-01 1.950669407844543457e+00
6.395833492279052734e-01 5.468016862869262695e-01 1.244865894317626953e+00 5.706317424774169922e-01 8.473138213157653809e-01 1.996033787727355957e+00
6.541193127632141113e-01 5.592289566993713379e-01 1.273158311843872070e+00 5.836006402969360352e-01 8.665709495544433594e-01 2.041398286819458008e+00
6.686552762985229492e-01 5.716562867164611816e-01 1.301450729370117188e+00 5.965695381164550781e-01 8.858280777931213379e-01 2.086762666702270508e+00
6.831912994384765625e-01 5.840836167335510254e-01 1.329743146896362305e+00 6.095384359359741211e-01 9.050852060317993164e-01 2.132127046585083008e+00
6.977272629737854004e-01 5.965109467506408691e-01 1.358035564422607422e+00 6.225073337554931641e-01 9.243423342704772949e-01 2.177491426467895508e+00
7.122632265090942383e-01 6.089382171630859375e-01 1.386327981948852539e+00 6.354762911796569824e-01 9.435994625091552734e-01 2.222855806350708008e+00
7.267992496490478516e-01 6.213655471801757812e-01 1.414620280265808105e+00 6.484451889991760254e-01 9.628565907478332520e-01 2.268220186233520508e+00
7.413352131843566895e-01 6.337928771972656250e-01 1.442912697792053223e+00 6.614140868186950684e-01 9.821137189865112305e-01 2.313584566116333008e+00
7.558711767196655273e-01 6.462201476097106934e-01 1.471205115318298340e+00 6.743829846382141113e-01 1.001370906829833984e+00 2.358948945999145508e+00
7.704071998596191406e-01 6.586474776268005371e-01 1.499497532844543457e+00 6.873518824577331543e-01 1.020627975463867188e+00 2.404313564300537109e+00
7.849431633949279785e-01 6.710748076438903809e-01 1.527789950370788574e+00 7.003207802772521973e-01 1.039885163307189941e+00 2.449677944183349609e+00
7.994791865348815918e-01 6.835020780563354492e-01 1.556082367897033691e+00 7.132896780967712402e-01 1.059142231941223145e+00 2.495042324066162109e+00
8.140151500701904297e-01 6.959294080734252930e-01 1.584374785423278809e+00 7.262585759162902832e-01 1.078399419784545898e+00 2.540406703948974609e+00
8.285511136054992676e-01 7.083567380905151367e-01 1.612667202949523926e+00 7.392274737358093262e-01 1.097656488418579102e+00 2.585771083831787109e+00
8.430871367454528809e-01 7.207840085029602051e-01 1.640959620475769043e+00 7.521963715553283691e-01 1.116913676261901855e+00 2.631135463714599609e+00
8.576231002807617188e-01 7.332113385200500488e-01 1.669252038002014160e+00 7.651652693748474121e-01 1.136170744895935059e+00 2.676499843597412109e+00
8.721590638160705566e-01 7.456386685371398926e-01 1.697544455528259277e+00 7.781342267990112305e-01 1.155427932739257812e+00 2.721864223480224609e+00
8.721590638160705566e-01 7.456386685371398926e-01 1.697544455528259277e+00 7.781342267990112305e-01 1.155427932739257812e+00 2.721864223480224609e+00
8.721590638160705566e-01 7.456386685371398926e-01 1.697544455528259277e+00 7.781342267990112305e-01 1.155427932739257812e+00 2.721864223480224609e+00
8.721590638160705566e-01 7.456386685371398926e-01 1.697544455528259277e+00 7.781342267990112305e-01 1.155427932739257812e+00 2.721864223480224609e+00
8.721590638160705566e-01 7.456386685371398926e-01 1.697544455528259277e+00 7.781342267990112305e-01 1.155427932739257812e+00 2.721864223480224609e+00
8.721590638160705566e-01 7.456386685371398926e-01 1.697544455528259277e+00 7.781342267990112305e-01 1.155427932739257812e+00 2.721864223480224609e+00
8.721590638160705566e-01 7.456386685371398926e-01 1.697544455528259277e+00 7.781342267990112305e-01 1.155427932739257812e+00 2.721864223480224609e+00
8.721590638160705566e-01 7.456386685371398926e-01 1.697544455528259277e+00 7.781342267990112305e-01 1.155427932739257812e+00 2.721864223480224609e+00
8.721590638160705566e-01 7.456386685371398926e-01 1.697544455528259277e+00 7.781342267990112305e-01 1.155427932739257812e+00 2.721864223480224609e+00
8.721590638160705566e-01 7.456386685371398926e-01 1.697544455528259277e+00 7.781342267990112305e-01 1.155427932739257812e+00 2.721864223480224609e+00
8.721590638160705566e-01 7.456386685371398926e-01 1.697544455528259277e+00 7.781342267990112305e-01 1.155427932739257812e+00 2.721864223480224609e+00
8.721590638160705566e-01 7.456386685371398926e-01 1.697544455528259277e+00 7.781342267990112305e-01 1.155427932739257812e+00 2.721864223480224609e+00
8.721590638160705566e-01 7.456386685371398926e-01 1.697544455528259277e+00 7.781342267990112305e-01 1.155427932739257812e+00 2.721864223480224609e+00
8.721590638160705566e-01 7.456386685371398926e-01 1.697544455528259277e+00 7.781342267990112305e-01 1.155427932739257812e+00 2.721864223480224609e+00
8.721590638160705566e-01 7.456386685371398926e-01 1.697544455528259277e+00 7.781342267990112305e-01 1.155427932739257812e+00 2.721864223480224609e+00
8.721590638160705566e-01 7.456386685371398926e-01 1.697544455528259277e+00 7.781342267990112305e-01 1.155427932739257812e+00 2.721864223480224609e+00
8.721590638160705566e-01 7.456386685371398926e-01 1.697544455528259277e+00 7.781342267990112305e-01 1.155427932739257812e+00 2.721864223480224609e+00
8.721590638160705566e-01 7.456386685371398926e-01 1.697544455528259277e+00 7.781342267990112305e-01 1.155427932739257812e+00 2.721864223480224609e+00
8.721590638160705566e-01 7.456386685371398926e-01 1.697544455528259277e+00 7.781342267990112305e-01 1.155427932739257812e+00 2.721864223480224609e+00
8.721590638160705566e-01 7.456386685371398926e-01 1.697544455528259277e+00 7.781342267990112305e-01 1.155427932739257812e+00 2.721864223480224609e+00
8.721590638160705566e-01 7.456386685371398926e-01 1.697544455528259277e+00 7.781342267990112305e-01 1.155427932739257812e+00 2.721864223480224609e+00
8.721590638160705566e-01 7.456386685371398926e-01 1.697544455528259277e+00 7.781342267990112305e-01 1.155427932739257812e+00 2.721864223480224609e+00
8.721590638160705566e-01 7.456386685371398926e-01 1.697544455528259277e+00 7.781342267990112305e-01 1.155427932739257812e+00 2.721864223480224609e+00
8.721590638160705566e-01 7.456386685371398926e-01 1.697544455528259277e+00 7.781342267990112305e-01 1.155427932739257812e+00 2.721864223480224609e+00
8.721590638160705566e-01 7.456386685371398926e-01 1.697544455528259277e+00 7.781342267990112305e-01 1.155427932739257812e+00 2.721864223480224609e+00
8.721590638160705566e-01 7.456386685371398926e-01 1.697544455528259277e+00 7.781342267990112305e-01 1.155427932739257812e+00 2.721864223480224609e+00
8.721590638160705566e-01 7.456386685371398926e-01 1.697544455528259277e+00 7.781342267990112305e-01 1.155427932739257812e+00 2.721864223480224609e+00
8.721590638160705566e-01 7.456386685371398926e-01 1.697544455528259277e+00 7.781342267990112305e-01 1.155427932739257812e+00 2.721864223480224609e+00
8.721590638160705566e-01 7.456386685371398926e-01 1.697544455528259277e+00 7.781342267990112305e-01 1.155427932739257812e+00 2.721864223480224609e+00
8.721590638160705566e-01 7.456386685371398926e-01 1.697544455528259277e+00 7.781342267990112305e-01 1.155427932739257812e+00 2.721864223480224609e+00
8.721590638160705566e-01 7.456386685371398926e-01 1.697544455528259277e+00 7.781342267990112305e-01 1.155427932739257812e+00 2.721864223480224609e+00
