0.000000000000000000e+00 0.000000000000000000e+00 0.000000000000000000e+00 0.000000000000000000e+00 0.000000000000000000e+00 0.000000000000000000e+00
0.000000000000000000e+00 0.000000000000000000e+00 0.000000000000000000e+00 0.000000000000000000e+00 0.000000000000000000e+00 0.000000000000000000e+00
0.000000000000000000e+00 0.000000000000000000e+00 0.000000000000000000e+00 0.000000000000000000e+00 0.000000000000000000e+00 0.000000000000000000e+00
0.000000000000000000e+00 0.000000000000000000e+00 0.000000000000000000e+00 0.000000000000000000e+00 0.000000000000000000e+00 0.000000000000000000e+00
0.000000000000000000e+00 0.000000000000000000e+00 0.000000000000000000e+00 0.000000000000000000e+00 0.000000000000000000e+00 0.000000000000000000e+00
0.000000000000000000e+00 0.000000000000000000e+00 0.000000000000000000e+00 0.000000000000000000e+00 0.000000000000000000e+00 0.000000000000000000e+00
0.000000000000000000e+00 0.000000000000000000e+00 0.000000000000000000e+00 0.000000000000000000e+00 0.000000000000000000e+00 0.000000000000000000e+00
0.000000000000000000e+00 0.000000000000000000e+00 0.000000000000000000e+00 0.000000000000000000e+00 0.000000000000000000e+00 0.000000000000000000e+00
0.000000000000000000e+00 0.000000000000000000e+00 0.000000000000000000e+00 0.000000000000000000e+00 0.000000000000000000e+00 0.000000000000000000e+00
0.000000000000000000e+00 0.000000000000000000e+00 0.000000000000000000e+00 0.000000000000000000e+00 0.000000000000000000e+00 0.000000000000000000e+00
0.000000000000000000e+00 0.000000000000000000e+00 0.000000000000000000e+00 0.000000000000000000e+00 0.000000000000000000e+00 0.000000000000000000e+00
0.000000000000000000e+00 0.000000000000000000e+00 0.000000000000000000e+00 0.000000000000000000e+00 0.000000000000000000e+00 0.000000000000000000e+00
0.000000000000000000e+00 0.000000000000000000e+00 0.000000000000000000e+00 0.000000000000000000e+00 0.000000000000000000e+00 0.000000000000000000e+00
0.000000000000000000e+00 0.000000000000000000e+00 0.000000000000000000e+00 0.000000000000000000e+00 0.000000000000000000e+00 0.000000000000000000e+00
0.000000000000000000e+00 0.000000000000000000e+00 0.000000000000000000e+00 0.000000000000000000e+00 0.000000000000000000e+00 0.000000000000000000e+00
0.000000000000000000e+00 0.000000000000000000e+00 0.000000000000000000e+00 0.000000000000000000e+00 0.000000000000000000e+00 0.000000000000000000e+00
0.000000000000000000e+00 0.000000000000000000e+00 0.000000000000000000e+00 0.000000000000000000e+00 0.000000000000000000e+00 0.000000000000000000e+00
0.000000000000000000e+00 0.000000000000000000e+00 0.000000000000000000e+00 0.000000000000000000e+00 0.000000000000000000e+00 0.000000000000000000e+00
0.000000000000000000e+00 0.000000000000000000e+00 0.000000000000000000e+00 0.000000000000000000e+00 0.000000000000000000e+00 0.000000000000000000e+00
0.000000000000000000e+00 0.000000000000000000e+00 0.000000000000000000e+00 0.000000000000000000e+00 0.000000000000000000e+00 0.000000000000000000e+00
0.000000000000000000e+00 0.000000000000000000e+00 0.000000000000000000e+00 0.000000000000000000e+00 0.000000000000000000e+00 0.000000000000000000e+00
0.000000000000000000e+00 0.000000000000000000e+00 0.000000000000000000e+00 0.000000000000000000e+00 0.000000000000000000e+00 0.000000000000000000e+00
0.000000000000000000e+00 0.000000000000000000e+00 0.000000000000000000e+00 0.000000000000000000e+00 0.000000000000000000e+00 0.000000000000000000e+00
0.000000000000000000e+00 0.000000000000000000e+00 0.000000000000000000e+00 0.000000000000000000e+00 0.000000000000000000e+00 0.000000000000000000e+00
0.000000000000000000e+00 0.000000000000000000e+00 0.000000000000000000e+00 0.000000000000000000e+00 0.000000000000000000e+00 0.000000000000000000e+00
0.000000000000000000e+00 0.000000000000000000e+00 0.000000000000000000e+00 0.000000000000000000e+00 0.000000000000000000e+00 0.000000000000000000e+00
0.000000000000000000e+00 0.000000000000000000e+00 0.000000000000000000e+00 0.000000000000000000e+00 0.000000000000000000e+00 0.000000000000000000e+00
0.000000000000000000e+00 0.000000000000000000e+00 0.000000000000000000e+00 0.000000000000000000e+00 0.000000000000000000e+00 0.000000000000000000e+00
0.000000000000000000e+00 0.000000000000000000e+00 0.000000000000000000e+00 0.000000000000000000e+00 0.000000000000000000e+00 0.000000000000000000e+00
0.000000000000000000e+00 0.000000000000000000e+00 0.000000000000000000e+00 0.000000000000000000e+00 0.000000000000000000e+00 0.000000000000000000e+00
0.000000000000000000e+00 0.000000000000000000e+00 0.000000000000000000e+00 0.000000000000000000e+00 0.000000000000000000e+00 0.000000000000000000e+00
0.000000000000000000e+00 0.000000000000000000e+00 0.000000000000000000e+00 0.000000000000000000e+00 0.000000000000000000e+00 0.000000000000000000e+00
0.000000000000000000e+00 0.000000000000000000e+00 0.000000000000000000e+00 0.000000000000000000e+00 0.000000000000000000e+00 0.000000000000000000e+00
0.000000000000000000e+00 0.000000000000000000e+00 0.000000000000000000e+00 0.000000000000000000e+00 0.000000000000000000e+00 0.000000000000000000e+00
0.000000000000000000e+00 0.000000000000000000e+00 0.000000000000000000e+00 0.000000000000000000e+00 0.000000000000000000e+00 0.000000000000000000e+00
0.000000000000000000e+00 0.000000000000000000e+00 0.000000000000000000e+00 0.000000000000000000e+00 0.000000000000000000e+00 0.000000000000000000e+00
0.000000000000000000e+00 0.000000000000000000e+00 0.000000000000000000e+00 0.000000000000000000e+00 0.000000000000000000e+00 0.000000000000000000e+00
0.000000000000000000e+00 0.000000000000000000e+00 0.000000000000000000e+00 0.000000000000000000e+00 0.000000000000000000e+00 0.000000000000000000e+00
0.000000000000000000e+00 0.000000000000000000e+00 0.000000000000000000e+00 0.000000000000000000e+00 0.000000000000000000e+00 0.000000000000000000e+00
0.000000000000000000e+00 0.000000000000000000e+00 0.000000000000000000e+00 0.000000000000000000e+00 0.000000000000000000e+00 0.000000000000000000e+00
0.000000000000000000e+00 0.000000000000000000e+00 0.000000000000000000e+00 0.000000000000000000e+00 0.000000000000000000e+00 0.000000000000000000e+00
0.000000000000000000e+00 0.000000000000000000e+00 0.000000000000000000e+00 0.000000000000000000e+00 0.000000000000000000e+00 0.000000000000000000e+00
0.000000000000000000e+00 0.000000000000000000e+00 0.000000000000000000e+00 0.000000000000000000e+00 0.000000000000000000e+00 0.000000000000000000e+00
0.000000000000000000e+00 0.000000000000000000e+00 0.000000000000000000e+00 0.000000000000000000e+00 0.000000000000000000e+00 0.000000000000000000e+00
0.000000000000000000e+00 0.000000000000000000e+00 0.000000000000000000e+00 0.000000000000000000e+00 0.000000000000000000e+00 0.000000000000000000e+00
0.000000000000000000e+00 0.000000000000000000e+00 0.000000000000000000e+00 0.000000000000000000e+00 0.000000000000000000e+00 0.000000000000000000e+00
0.000000000000000000e+00 0.000000000000000000e+00 0.000000000000000000e+00 0.000000000000000000e+00 0.000000000000000000e+00 0.000000000000000000e+00
0.000000000000000000e+00 0.000000000000000000e+00 0.000000000000000000e+00 0.000000000000000000e+00 0.000000000000000000e+00 0.000000000000000000e+00
0.000000000000000000e+00 0.000000000000000000e+00 0.000000000000000000e+00 0.000000000000000000e+00 0.000000000000000000e+00 0.000000000000000000e+00
0.000000000000000000e+00 0.000000000000000000e+00 0.000000000000000000e+00 0.000000000000000000e+00 0.000000000000000000e+00 0.000000000000000000e+00
0.000000000000000000e+00 0.000000000000000000e+00 0.000000000000000000e+00 0.000000000000000000e+00 0.000000000000000000e+00 0.000000000000000000e+00
0.000000000000000000e+00 0.000000000000000000e+00 0.000000000000000000e+00 0.000000000000000000e+00 0.000000000000000000e+00 0.000000000000000000e+00
0.000000000000000000e+00 0.000000000000000000e+00 0.000000000000000000e+00 0.000000000000000000e+00 0.000000000000000000e+00 0.000000000000000000e+00
0.000000000000000000e+00 0.000000000000000000e+00 0.000000000000000000e+00 0.000000000000000000e+00 0.000000000000000000e+00 0.000000000000000000e+00
0.000000000000000000e+00 0.000000000000000000e+00 0.000000000000000000e+00 0.000000000000000000e+00 0.000000000000000000e+00 0.000000000000000000e+00
0.000000000000000000e+00 0.000000000000000000e+00 0.000000000000000000e+00 0.000000000000000000e+00 0.000000000000000000e+00 0.000000000000000000e+00
0.000000000000000000e+00 0.000000000000000000e+00 0.000000000000000000e+00 0.000000000000000000e+00 0.000000000000000000e+00 0.000000000000000000e+00
0.000000000000000000e+00 0.000000000000000000e+00 0.000000000000000000e+00 0.000000000000000000e+00 0.000000000000000000e+00 0.000000000000000000e+00
0.000000000000000000e+00 0.000000000000000000e+00 0.000000000000000000e+00 0.000000000000000000e+00 0.000000000000000000e+00 0.000000000000000000e+00
0.000000000000000000e+00 0.000000000000000000e+00 0.000000000000000000e+00 0.000000000000000000e+00 0.000000000000000000e+00 0.000000000000000000e+00
0.000000000000000000e+00 0.000000000000000000e+00 0.000000000000000000e+00 0.000000000000000000e+00 0.000000000000000000e+00 0.000000000000000000e+00
0.000000000000000000e+00 0.000000000000000000e+00 0.000000000000000000e+00 0.000000000000000000e+00 0.000000000000000000e+00 0.000000000000000000e+00
0.000000000000000000e+00 0.000000000000000000e+00 0.000000000000000000e+00 0.000000000000000000e+00 0.000000000000000000e+00 0.000000000000000000e+00
0.000000000000000000e+00 0.000000000000000000e+00 0.000000000000000000e+00 0.000000000000000000e+00 0.000000000000000000e+00 0.000000000000000000e+00
0.000000000000000000e+00 0.000000000000000000e+00 0.000000000000000000e+00 0.000000000000000000e+00 0.000000000000000000e+00 0.000000000000000000e+00
0.000000000000000000e+00 0.000000000000000000e+00 0.000000000000000000e+00 0.000000000000000000e+00 0.000000000000000000e+00 0.000000000000000000e+00
0.000000000000000000e+00 0.000000000000000000e+00 0.000000000000000000e+00 0.000000000000000000e+00 0.000000000000000000e+00 0.000000000000000000e+00
0.000000000000000000e+00 0.000000000000000000e+00 0.000000000000000000e+00 0.000000000000000000e+00 0.000000000000000000e+00 0.000000000000000000e+00
0.000000000000000000e+00 0.000000000000000000e+00 0.000000000000000000e+00 0.000000000000000000e+00 0.000000000000000000e+00 0.000000000000000000e+00
0.000000000000000000e+00 0.000000000000000000e+00 0.000000000000000000e+00 0.000000000000000000e+00 0.000000000000000000e+00 0.000000000000000000e+00
0.000000000000000000e+00 0.000000000000000000e+00 0.000000000000000000e+00 0.000000000000000000e+00 0.000000000000000000e+00 0.000000000000000000e+00
0.000000000000000000e+00 0.000000000000000000e+00 0.000000000000000000e+00 0.000000000000000000e+00 0.000000000000000000e+00 0.000000000000000000e+00
0.000000000000000000e+00 0.000000000000000000e+00 0.000000000000000000e+00 0.000000000000000000e+00 0.000000000000000000e+00 0.000000000000000000e+00
0.000000000000000000e+00 0.000000000000000000e+00 0.000000000000000000e+00 0.000000000000000000e+00 0.000000000000000000e+00 0.000000000000000000e+00
0.000000000000000000e+00 0.000000000000000000e+00 0.000000000000000000e+00 0.000000000000000000e+00 0.000000000000000000e+00 0.000000000000000000e+00
0.000000000000000000e+00 0.000000000000000000e+00 0.000000000000000000e+00 0.000000000000000000e+00 0.000000000000000000e+00 0.000000000000000000e+00
0.000000000000000000e+00 0.000000000000000000e+00 0.000000000000000000e+00 0.000000000000000000e+00 0.000000000000000000e+00 0.000000000000000000e+00
0.000000000000000000e+00 0.000000000000000000e+00 0.000000000000000000e+00 0.000000000000000000e+00 0.000000000000000000e+00 0.000000000000000000e+00
0.000000000000000000e+00 0.000000000000000000e+00 0.000000000000000000e+00 0.000000000000000000e+00 0.000000000000000000e+00 0.000000000000000000e+00
0.000000000000000000e+00 0.000000000000000000e+00 0.000000000000000000e+00 0.000000000000000000e+00 0.000000000000000000e+00 0.000000000000000000e+00
0.000000000000000000e+00 0.000000000000000000e+00 0.000000000000000000e+00 0.000000000000000000e+00 0.000000000000000000e+00 0.000000000000000000e+00
0.000000000000000000e+00 0.000000000000000000e+00 0.000000000000000000e+00 0.000000000000000000e+00 0.000000000000000000e+00 0.000000000000000000e+00
0.000000000000000000e+00 0.000000000000000000e+00 0.000000000000000000e+00 0.000000000000000000e+00 0.000000000000000000e+00 0.000000000000000000e+00
0.000000000000000000e+00 0.000000000000000000e+00 0.000000000000000000e+00 0.000000000000000000e+00 0.000000000000000000e+00 0.000000000000000000e+00
0.000000000000000000e+00 0.000000000000000000e+00 0.000000000000000000e+00 0.000000000000000000e+00 0.000000000000000000e+00 0.000000000000000000e+00
0.000000000000000000e+00 0.000000000000000000e+00 0.000000000000000000e+00 0.000000000000000000e+00 0.000000000000000000e+00 0.000000000000000000e+00
0.000000000000000000e+00 0.000000000000000000e+00 0.000000000000000000e+00 0.000000000000000000e+00 0.000000000000000000e+00 0.000000000000000000e+00
0.000000000000000000e+00 0.000000000000000000e+00 0.000000000000000000e+00 0.000000000000000000e+00 0.000000000000000000e+00 0.000000000000000000e+00
0.000000000000000000e+00 0.000000000000000000e+00 0.000000000000000000e+00 0.000000000000000000e+00 0.000000000000000000e+00 0.000000000000000000e+00
0.000000000000000000e+00 0.000000000000000000e+00 0.000000000000000000e+00 0.000000000000000000e+00 0.000000000000000000e+00 0.000000000000000000e+00
0.000000000000000000e+00 0.000000000000000000e+00 0.000000000000000000e+00 0.000000000000000000e+00 0.000000000000000000e+00 0.000000000000000000e+00
0.000000000000000000e+00 0.000000000000000000e+00 0.000000000000000000e+00 0.000000000000000000e+00 0.000000000000000000e+00 0.000000000000000000e+00
0.000000000000000000e+00 0.000000000000000000e+00 0.000000000000000000e+00 0.000000000000000000e+00 0.000000000000000000e+00 0.000000000000000000e+00
0.000000000000000000e+00 0.000000000000000000e+00 0.000000000000000000e+00 0.000000000000000000e+00 0.000000000000000000e+00 0.000000000000000000e+00
0.000000000000000000e+00 0.000000000000000000e+00 0.000000000000000000e+00 0.000000000000000000e+00 0.000000000000000000e+00 0.000000000000000000e+00
0.000000000000000000e+00 0.000000000000000000e+00 0.000000000000000000e+00 0.000000000000000000e+00 0.000000000000000000e+00 0.000000000000000000e+00
0.000000000000000000e+00 0.000000000000000000e+00 0.000000000000000000e+00 0.000000000000000000e+00 0.000000000000000000e+00 0.000000000000000000e+00
0.000000000000000000e+00 0.000000000000000000e+00 0.000000000000000000e+00 0.000000000000000000e+00 0.000000000000000000e+00 0.000000000000000000e+00
0.000000000000000000e+00 0.000000000000000000e+00 0.000000000000000000e+00 0.000000000000000000e+00 0.000000000000000000e+00 0.000000000000000000e+00
0.000000000000000000e+00 0.000000000000000000e+00 0.000000000000000000e+00 0.000000000000000000e+00 0.000000000000000000e+00 0.000000000000000000e+00
0.000000000000000000e+00 0.000000000000000000e+00 0.000000000000000000e+00 0.000000000000000000e+00 0.000000000000000000e+00 0.000000000000000000e+00
1.090146321803331375e-02 4.755007848143577576e-02 3.683895571157336235e-03 2.051101299002766609e-03 2.802713774144649506e-02 3.210129588842391968e-02
2.180292643606662750e-02 9.510015696287155151e-02 7.367791142314672470e-03 4.102202598005533218e-03 5.605427548289299011e-02 6.420259177684783936e-02
3.270439058542251587e-02 1.426502317190170288e-01 1.105168648064136505e-02 6.153304129838943481e-03 8.408141136169433594e-02 9.630388766527175903e-02
4.360585287213325500e-02 1.902003139257431030e-01 1.473558228462934494e-02 8.204405196011066437e-03 1.121085509657859802e-01 1.284051835536956787e-01
5.450731888413429260e-02 2.377503812313079834e-01 1.841947808861732483e-02 1.025550719350576401e-02 1.401356905698776245e-01 1.605064719915390015e-01
6.540878117084503174e-02 2.853004634380340576e-01 2.210337296128273010e-02 1.230660825967788696e-02 1.681628227233886719e-01 1.926077753305435181e-01
7.631024718284606934e-02 3.328505456447601318e-01 2.578726969659328461e-02 1.435770932585000992e-02 1.961899697780609131e-01 2.247090637683868408e-01
8.721170574426651001e-02 3.804006278514862061e-01 2.947116456925868988e-02 1.640881039202213287e-02 2.242171019315719604e-01 2.568103671073913574e-01
9.811317175626754761e-02 4.279507100582122803e-01 3.315506130456924438e-02 1.845991238951683044e-02 2.522442340850830078e-01 2.889116406440734863e-01
1.090146377682685852e-01 4.755007624626159668e-01 3.683895617723464966e-02 2.051101438701152802e-02 2.802713811397552490e-01 3.210129439830780029e-01
1.199160963296890259e-01 5.230508446693420410e-01 4.052285104990005493e-02 2.256211452186107635e-02 3.082985281944274902e-01 3.531142473220825195e-01
1.308175623416900635e-01 5.706009268760681152e-01 4.420674592256546021e-02 2.461321651935577393e-02 3.363256454467773438e-01 3.852155506610870361e-01
1.417190283536911011e-01 6.181510090827941895e-01 4.789064079523086548e-02 2.666431851685047150e-02 3.643527925014495850e-01 4.173168241977691650e-01
1.526204943656921387e-01 6.657010912895202637e-01 5.157453939318656921e-02 2.871541865170001984e-02 3.923799395561218262e-01 4.494181275367736816e-01
1.635219454765319824e-01 7.132511734962463379e-01 5.525843426585197449e-02 3.076652064919471741e-02 4.204070568084716797e-01 4.815194308757781982e-01
1.744234114885330200e-01 7.608012557029724121e-01 5.894232913851737976e-02 3.281762078404426575e-02 4.484342038631439209e-01 5.136207342147827148e-01
1.853248775005340576e-01 8.083513379096984863e-01 6.262622773647308350e-02 3.486872464418411255e-02 4.764613509178161621e-01 5.457220077514648438e-01
1.962263435125350952e-01 8.559014201164245605e-01 6.631012260913848877e-02 3.691982477903366089e-02 5.044884681701660156e-01 5.778232812881469727e-01
2.071278095245361328e-01 9.034515023231506348e-01 6.999401748180389404e-02 3.897092491388320923e-02 5.325156450271606445e-01 6.099246144294738770e-01
2.180292755365371704e-01 9.510015249252319336e-01 7.367791235446929932e-02 4.102202877402305603e-02 5.605427622795104980e-01 6.420258879661560059e-01
2.289307266473770142e-01 9.985516071319580078e-01 7.736180722713470459e-02 4.307312890887260437e-02 5.885698795318603516e-01 6.741271615028381348e-01
2.398321926593780518e-01 1.046101689338684082e+00 8.104570209980010986e-02 4.512422904372215271e-02 6.165970563888549805e-01 7.062284946441650391e-01
2.507336735725402832e-01 1.093651771545410156e+00 8.472959697246551514e-02 4.717533290386199951e-02 6.446241736412048340e-01 7.383297681808471680e-01
2.616351246833801270e-01 1.141201853752136230e+00 8.841349184513092041e-02 4.922643303871154785e-02 6.726512908935546875e-01 7.704311013221740723e-01
2.725365757942199707e-01 1.188751935958862305e+00 9.209738671779632568e-02 5.127753317356109619e-02 7.006784677505493164e-01 8.025323748588562012e-01
2.834380567073822021e-01 1.236302018165588379e+00 9.578128159046173096e-02 5.332863703370094299e-02 7.287055850028991699e-01 8.346336483955383301e-01
2.943395078182220459e-01 1.283852100372314453e+00 9.946517646312713623e-02 5.537973716855049133e-02 7.567327022552490234e-01 8.667349815368652344e-01
3.052409887313842773e-01 1.331402182579040527e+00 1.031490787863731384e-01 5.743083730340003967e-02 7.847598791122436523e-01 8.988362550735473633e-01
3.161424398422241211e-01 1.378952264785766602e+00 1.068329736590385437e-01 5.948194116353988647e-02 8.127869963645935059e-01 9.309375286102294922e-01
3.270438909530639648e-01 1.426502346992492676e+00 1.105168685317039490e-01 6.153304129838943481e-02 8.408141136169433594e-01 9.630388617515563965e-01
3.379453718662261963e-01 1.474052429199218750e+00 1.142007634043693542e-01 6.358414143323898315e-02 8.688412904739379883e-01 9.951401352882385254e-01
3.488468229770660400e-01 1.521602511405944824e+00 1.178846582770347595e-01 6.563524156808853149e-02 8.968684077262878418e-01 1.027241468429565430e+00
3.597483038902282715e-01 1.569152593612670898e+00 1.215685531497001648e-01 6.768634915351867676e-02 9.248955249786376953e-01 1.059342741966247559e+00
3.706497550010681152e-01 1.616702675819396973e+00 1.252524554729461670e-01 6.973744928836822510e-02 9.529227018356323242e-01 1.091444015502929688e+00
3.815512061119079590e-01 1.664252758026123047e+00 1.289363503456115723e-01 7.178854942321777344e-02 9.809498190879821777e-01 1.123545289039611816e+00
3.924526870250701904e-01 1.711802840232849121e+00 1.326202452182769775e-01 7.383964955806732178e-02 1.008976936340332031e+00 1.155646562576293945e+00
4.033541381359100342e-01 1.759352922439575195e+00 1.363041400909423828e-01 7.589074969291687012e-02 1.037004113197326660e+00 1.187747955322265625e+00
4.142556190490722656e-01 1.806903004646301270e+00 1.399880349636077881e-01 7.794184982776641846e-02 1.065031290054321289e+00 1.219849228858947754e+00
4.251570701599121094e-01 1.854452967643737793e+00 1.436719298362731934e-01 7.999294996261596680e-02 1.093058347702026367e+00 1.251950502395629883e+00
4.360585510730743408e-01 1.902003049850463867e+00 1.473558247089385986e-01 8.204405754804611206e-02 1.121085524559020996e+00 1.284051775932312012e+00
4.469600021839141846e-01 1.949553132057189941e+00 1.510397195816040039e-01 8.409515768289566040e-02 1.149112701416015625e+00 1.316153049468994141e+00
4.578614532947540283e-01 1.997103214263916016e+00 1.547236144542694092e-01 8.614625781774520874e-02 1.177139759063720703e+00 1.348254323005676270e+00
4.687629342079162598e-01 2.044653415679931641e+00 1.584075093269348145e-01 8.819735795259475708e-02 1.205166935920715332e+00 1.380355715751647949e+00
4.796643853187561035e-01 2.092203378677368164e+00 1.620914041996002197e-01 9.024845808744430542e-02 1.233194112777709961e+00 1.412456989288330078e+00
4.905658662319183350e-01 2.139753580093383789e+00 1.657752990722656250e-01 9.229956567287445068e-02 1.261221170425415039e+00 1.444558262825012207e+00
5.014673471450805664e-01 2.187303543090820312e+00 1.694591939449310303e-01 9.435066580772399902e-02 1.289248347282409668e+00 1.476659536361694336e+00
5.123687982559204102e-01 2.234853744506835938e+00 1.731430888175964355e-01 9.640176594257354736e-02 1.317275524139404297e+00 1.508760809898376465e+00
5.232702493667602539e-01 2.282403707504272461e+00 1.768269836902618408e-01 9.845286607742309570e-02 1.345302581787109375e+00 1.540862202644348145e+00
5.341717004776000977e-01 2.329953908920288086e+00 1.805108785629272461e-01 1.005039662122726440e-01 1.373329758644104004e+00 1.572963476181030273e+00
5.450731515884399414e-01 2.377503871917724609e+00 1.841947734355926514e-01 1.025550663471221924e-01 1.401356935501098633e+00 1.605064749717712402e+00
5.559746623039245605e-01 2.425054073333740234e+00 1.878786683082580566e-01 1.046061739325523376e-01 1.429383993148803711e+00 1.637166023254394531e+00
5.668761134147644043e-01 2.472604036331176758e+00 1.915625631809234619e-01 1.066572740674018860e-01 1.457411170005798340e+00 1.669267296791076660e+00
5.777775645256042480e-01 2.520153999328613281e+00 1.952464580535888672e-01 1.087083742022514343e-01 1.485438346862792969e+00 1.701368570327758789e+00
5.886790156364440918e-01 2.567704200744628906e+00 1.989303529262542725e-01 1.107594743371009827e-01 1.513465404510498047e+00 1.733469963073730469e+00
5.995804667472839355e-01 2.615254163742065430e+00 2.026142627000808716e-01 1.128105744719505310e-01 1.541492581367492676e+00 1.765571236610412598e+00
6.104819774627685547e-01 2.662804365158081055e+00 2.062981575727462769e-01 1.148616746068000793e-01 1.569519758224487305e+00 1.797672510147094727e+00
6.213834285736083984e-01 2.710354328155517578e+00 2.099820524454116821e-01 1.169127821922302246e-01 1.597546815872192383e+00 1.829773783683776855e+00
6.322848796844482422e-01 2.757904529571533203e+00 2.136659473180770874e-01 1.189638823270797729e-01 1.625573992729187012e+00 1.861875057220458984e+00
6.431863307952880859e-01 2.805454492568969727e+00 2.173498421907424927e-01 1.210149824619293213e-01 1.653601169586181641e+00 1.893976330757141113e+00
6.540877819061279297e-01 2.853004693984985352e+00 2.210337370634078979e-01 1.230660825967788696e-01 1.681628227233886719e+00 1.926077723503112793e+00
6.540877819061279297e-01 2.853004693984985352e+00 2.210337370634078979e-01 1.230660825967788696e-01 1.681628227233886719e+00 1.926077723503112793e+00
6.540877819061279297e-01 2.853004693984985352e+00 2.210337370634078979e-01 1.230660825967788696e-01 1.681628227233886719e+00 1.926077723503112793e+00
6.540877819061279297e-01 2.853004693984985352e+00 2.210337370634078979e-01 1.230660825967788696e-01 1.681628227233886719e+00 1.926077723503112793e+00
6.540877819061279297e-01 2.853004693984985352e+00 2.210337370634078979e-01 1.230660825967788696e-01 1.681628227233886719e+00 1.926077723503112793e+00
6.540877819061279297e-01 2.853004693984985352e+00 2.210337370634078979e-01 1.230660825967788696e-01 1.681628227233886719e+00 1.926077723503112793e+00
6.540877819061279297e-01 2.853004693984985352e+00 2.210337370634078979e-01 1.230660825967788696e-01 1.681628227233886719e+00 1.926077723503112793e+00
6.540877819061279297e-01 2.853004693984985352e+00 2.210337370634078979e-01 1.230660825967788696e-01 1.681628227233886719e+00 1.926077723503112793e+00
6.540877819061279297e-01 2.853004693984985352e+00 2.210337370634078979e-01 1.230660825967788696e-01 1.681628227233886719e+00 1.926077723503112793e+00
6.540877819061279297e-01 2.853004693984985352e+00 2.210337370634078979e-01 1.230660825967788696e-01 1.681628227233886719e+00 1.926077723503112793e+00
6.540877819061279297e-01 2.853004693984985352e+00 2.210337370634078979e-01 1.230660825967788696e-01 1.681628227233886719e+00 1.926077723503112793e+00
6.540877819061279297e-01 2.853004693984985352e+00 2.210337370634078979e-01 1.230660825967788696e-01 1.681628227233886719e+00 1.926077723503112793e+00
6.540877819061279297e-01 2.853004693984985352e+00 2.210337370634078979e-01 1.230660825967788696e-01 1.681628227233886719e+00 1.926077723503112793e+00
6.540877819061279297e-01 2.853004693984985352e+00 2.210337370634078979e-01 1.230660825967788696e-01 1.681628227233886719e+00 1.926077723503112793e+00
6.540877819061279297e-01 2.853004693984985352e+00 2.210337370634078979e-01 1.230660825967788696e-01 1.681628227233886719e+00 1.926077723503112793e+00
6.540877819061279297e-01 2.853004693984985352e+00 2.210337370634078979e-01 1.230660825967788696e-01 1.681628227233886719e+00 1.926077723503112793e+00
6.540877819061279297e-01 2.853004693984985352e+00 2.210337370634078979e-01 1.230660825967788696e-01 1.681628227233886719e+00 1.926077723503112793e+00
6.540877819061279297e-01 2.853004693984985352e+00 2.210337370634078979e-01 1.230660825967788696e-01 1.681628227233886719e+00 1.926077723503112793e+00
6.540877819061279297e-01 2.853004693984985352e+00 2.210337370634078979e-01 1.230660825967788696e-01 1.681628227233886719e+00 1.926077723503112793e+00
6.540877819061279297e-01 2.853004693984985352e+00 2.210337370634078979e-01 1.230660825967788696e-01 1.681628227233886719e+00 1.926077723503112793e+00
6.540877819061279297e-01 2.853004693984985352e+00 2.210337370634078979e-01 1.230660825967788696e-01 1.681628227233886719e+00 1.926077723503112793e+00
6.540877819061279297e-01 2.853004693984985352e+00 2.210337370634078979e-01 1.230660825967788696e-01 1.681628227233886719e+00 1.926077723503112793e+00
6.540877819061279297e-01 2.853004693984985352e+00 2.210337370634078979e-01 1.230660825967788696e-01 1.681628227233886719e+00 1.926077723503112793e+00
6.540877819061279297e-01 2.853004693984985352e+00 2.210337370634078979e-01 1.230660825967788696e-01 1.681628227233886719e+00 1.926077723503112793e+00
6.540877819061279297e-01 2.853004693984985352e+00 2.210337370634078979e-01 1.230660825967788696e-01 1.681628227233886719e+00 1.926077723503112793e+00
6.540877819061279297e-01 2.853004693984985352e+00 2.210337370634078979e-01 1.230660825967788696e-01 1.681628227233886719e+00 1.926077723503112793e+00
6.540877819061279297e-01 2.853004693984985352e+00 2.210337370634078979e-01 1.230660825967788696e-01 1.681628227233886719e+00 1.926077723503112793e+00
6.540877819061279297e-01 2.853004693984985352e+00 2.210337370634078979e-01 1.230660825967788696e-01 1.681628227233886719e+00 1.926077723503112793e+00
6.540877819061279297e-01 2.853004693984985352e+00 2.210337370634078979e-01 1.230660825967788696e-01 1.681628227233886719e+00 1.926077723503112793e+00
6.540877819061279297e-01 2.853004693984985352e+00 2.210337370634078979e-01 1.230660825967788696e-01 1.681628227233886719e+00 1.926077723503112793e+00
6.540877819061279297e-01 2.853004693984985352e+00 2.210337370634078979e-01 1.230660825967788696e-01 1.681628227233886719e+00 1.926077723503112793e+00
