0.000000000000000000e+00 0.000000000000000000e+00 0.000000000000000000e+00 0.000000000000000000e+00 0.000000000000000000e+00 0.000000000000000000e+00
0.000000000000000000e+00 0.000000000000000000e+00 0.000000000000000000e+00 0.000000000000000000e+00 0.000000000000000000e+00 0.000000000000000000e+00
0.000000000000000000e+00 0.000000000000000000e+00 0.000000000000000000e+00 0.000000000000000000e+00 0.000000000000000000e+00 0.000000000000000000e+00
0.000000000000000000e+00 0.000000000000000000e+00 0.000000000000000000e+00 0.000000000000000000e+00 0.000000000000000000e+00 0.000000000000000000e+00
0.000000000000000000e+00 0.000000000000000000e+00 0.000000000000000000e+00 0.000000000000000000e+00 0.000000000000000000e+00 0.000000000000000000e+00
0.000000000000000000e+00 0.000000000000000000e+00 0.000000000000000000e+00 0.000000000000000000e+00 0.000000000000000000e+00 0.000000000000000000e+00
0.000000000000000000e+00 0.000000000000000000e+00 0.000000000000000000e+00 0.000000000000000000e+00 0.000000000000000000e+00 0.000000000000000000e+00
0.000000000000000000e+00 0.000000000000000000e+00 0.000000000000000000e+00 0.000000000000000000e+00 0.000000000000000000e+00 0.000000000000000000e+00
0.000000000000000000e+00 0.000000000000000000e+00 0.000000000000000000e+00 0.000000000000000000e+00 0.000000000000000000e+00 0.000000000000000000e+00
0.000000000000000000e+00 0.000000000000000000e+00 0.000000000000000000e+00 0.000000000000000000e+00 0.000000000000000000e+00 0.000000000000000000e+00
0.000000000000000000e+00 0.000000000000000000e+00 0.000000000000000000e+00 0.000000000000000000e+00 0.000000000000000000e+00 0.000000000000000000e+00
0.000000000000000000e+00 0.000000000000000000e+00 0.000000000000000000e+00 0.000000000000000000e+00 0.000000000000000000e+00 0.000000000000000000e+00
0.000000000000000000e+00 0.000000000000000000e+00 0.000000000000000000e+00 0.000000000000000000e+00 0.000000000000000000e+00 0.000000000000000000e+00
0.000000000000000000e+00 0.000000000000000000e+00 0.000000000000000000e+00 0.000000000000000000e+00 0.000000000000000000e+00 0.000000000000000000e+00
0.000000000000000000e+00 0.000000000000000000e+00 0.000000000000000000e+00 0.000000000000000000e+00 0.000000000000000000e+00 0.000000000000000000e+00
0.000000000000000000e+00 0.000000000000000000e+00 0.000000000000000000e+00 0.000000000000000000e+00 0.000000000000000000e+00 0.000000000000000000e+00
0.000000000000000000e+00 0.000000000000000000e+00 0.000000000000000000e+00 0.000000000000000000e+00 0.000000000000000000e+00 0.000000000000000000e+00
0.000000000000000000e+00 0.000000000000000000e+00 0.000000000000000000e+00 0.000000000000000000e+00 0.000000000000000000e+00 0.000000000000000000e+00
0.000000000000000000e+00 0.000000000000000000e+00 0.000000000000000000e+00 0.000000000000000000e+00 0.000000000000000000e+00 0.000000000000000000e+00
0.000000000000000000e+00 0.000000000000000000e+00 0.000000000000000000e+00 0.000000000000000000e+00 0.000000000000000000e+00 0.000000000000000000e+00
0.000000000000000000e+00 0.000000000000000000e+00 0.000000000000000000e+00 0.000000000000000000e+00 0.000000000000000000e+00 0.000000000000000000e+00
0.000000000000000000e+00 0.000000000000000000e+00 0.000000000000000000e+00 0.000000000000000000e+00 0.000000000000000000e+00 0.000000000000000000e+00
0.000000000000000000e+00 0.000000000000000000e+00 0.000000000000000000e+00 0.000000000000000000e+00 0.000000000000000000e+00 0.000000000000000000e+00
0.000000000000000000e+00 0.000000000000000000e+00 0.000000000000000000e+00 0.000000000000000000e+00 0.000000000000000000e+00 0.000000000000000000e+00
0.000000000000000000e+00 0.000000000000000000e+00 0.000000000000000000e+00 0.000000000000000000e+00 0.000000000000000000e+00 0.000000000000000000e+00
0.000000000000000000e+00 0.000000000000000000e+00 0.000000000000000000e+00 0.000000000000000000e+00 0.000000000000000000e+00 0.000000000000000000e+00
0.000000000000000000e+00 0.000000000000000000e+00 0.000000000000000000e+00 0.000000000000000000e+00 0.000000000000000000e+00 0.000000000000000000e+00
0.000000000000000000e+00 0.000000000000000000e+00 0.000000000000000000e+00 0.000000000000000000e+00 0.000000000000000000e+00 0.000000000000000000e+00
0.000000000000000000e+00 0.000000000000000000e+00 0.000000000000000000e+00 0.000000000000000000e+00 0.000000000000000000e+00 0.000000000000000000e+00
0.000000000000000000e+00 0.000000000000000000e+00 0.000000000000000000e+00 0.000000000000000000e+00 0.000000000000000000e+00 0.000000000000000000e+00
0.000000000000000000e+00 0.000000000000000000e+00 0.000000000000000000e+00 0.000000000000000000e+00 0.000000000000000000e+00 0.000000000000000000e+00
0.000000000000000000e+00 0.000000000000000000e+00 0.000000000000000000e+00 0.000000000000000000e+00 0.000000000000000000e+00 0.000000000000000000e+00
0.000000000000000000e+00 0.000000000000000000e+00 0.000000000000000000e+00 0.000000000000000000e+00 0.000000000000000000e+00 0.000000000000000000e+00
0.000000000000000000e+00 0.000000000000000000e+00 0.000000000000000000e+00 0.000000000000000000e+00 0.000000000000000000e+00 0.000000000000000000e+00
0.000000000000000000e+00 0.000000000000000000e+00 0.000000000000000000e+00 0.000000000000000000e+00 0.000000000000000000e+00 0.000000000000000000e+00
0.000000000000000000e+00 0.000000000000000000e+00 0.000000000000000000e+00 0.000000000000000000e+00 0.000000000000000000e+00 0.000000000000000000e+00
0.000000000000000000e+00 0.000000000000000000e+00 0.000000000000000000e+00 0.000000000000000000e+00 0.000000000000000000e+00 0.000000000000000000e+00
0.000000000000000000e+00 0.000000000000000000e+00 0.000000000000000000e+00 0.000000000000000000e+00 0.000000000000000000e+00 0.000000000000000000e+00
0.000000000000000000e+00 0.000000000000000000e+00 0.000000000000000000e+00 0.000000000000000000e+00 0.000000000000000000e+00 0.000000000000000000e+00
0.000000000000000000e+00 0.000000000000000000e+00 0.000000000000000000e+00 0.000000000000000000e+00 0.000000000000000000e+00 0.000000000000000000e+00
0.000000000000000000e+00 0.000000000000000000e+00 0.000000000000000000e+00 0.000000000000000000e+00 0.000000000000000000e+00 0.000000000000000000e+00
0.000000000000000000e+00 0.000000000000000000e+00 0.000000000000000000e+00 0.000000000000000000e+00 0.000000000000000000e+00 0.000000000000000000e+00
0.000000000000000000e+00 0.000000000000000000e+00 0.000000000000000000e+00 0.000000000000000000e+00 0.000000000000000000e+00 0.000000000000000000e+00
0.000000000000000000e+00 0.000000000000000000e+00 0.000000000000000000e+00 0.000000000000000000e+00 0.000000000000000000e+00 0.000000000000000000e+00
0.000000000000000000e+00 0.000000000000000000e+00 0.000000000000000000e+00 0.000000000000000000e+00 0.000000000000000000e+00 0.000000000000000000e+00
0.000000000000000000e+00 0.000000000000000000e+00 0.000000000000000000e+00 0.000000000000000000e+00 0.000000000000000000e+00 0.000000000000000000e+00
0.000000000000000000e+00 0.000000000000000000e+00 0.000000000000000000e+00 0.000000000000000000e+00 0.000000000000000000e+00 0.000000000000000000e+00
0.000000000000000000e+00 0.000000000000000000e+00 0.000000000000000000e+00 0.000000000000000000e+00 0.000000000000000000e+00 0.000000000000000000e+00
0.000000000000000000e+00 0.000000000000000000e+00 0.000000000000000000e+00 0.000000000000000000e+00 0.000000000000000000e+00 0.000000000000000000e+00
0.000000000000000000e+00 0.000000000000000000e+00 0.000000000000000000e+00 0.000000000000000000e+00 0.000000000000000000e+00 0.000000000000000000e+00
0.000000000000000000e+00 0.000000000000000000e+00 0.000000000000000000e+00 0.000000000000000000e+00 0.000000000000000000e+00 0.000000000000000000e+00
0.000000000000000000e+00 0.000000000000000000e+00 0.000000000000000000e+00 0.000000000000000000e+00 0.000000000000000000e+00 0.000000000000000000e+00
0.000000000000000000e+00 0.000000000000000000e+00 0.000000000000000000e+00 0.000000000000000000e+00 0.000000000000000000e+00 0.000000000000000000e+00
0.000000000000000000e+00 0.000000000000000000e+00 0.000000000000000000e+00 0.000000000000000000e+00 0.000000000000000000e+00 0.000000000000000000e+00
0.000000000000000000e+00 0.000000000000000000e+00 0.000000000000000000e+00 0.000000000000000000e+00 0.000000000000000000e+00 0.000000000000000000e+00
0.000000000000000000e+00 0.000000000000000000e+00 0.000000000000000000e+00 0.000000000000000000e+00 0.000000000000000000e+00 0.000000000000000000e+00
0.000000000000000000e+00 0.000000000000000000e+00 0.000000000000000000e+00 0.000000000000000000e+00 0.000000000000000000e+00 0.000000000000000000e+00
0.000000000000000000e+00 0.000000000000000000e+00 0.000000000000000000e+00 0.000000000000000000e+00 0.000000000000000000e+00 0.000000000000000000e+00
0.000000000000000000e+00 0.000000000000000000e+00 0.000000000000000000e+00 0.000000000000000000e+00 0.000000000000000000e+00 0.000000000000000000e+00
0.000000000000000000e+00 0.000000000000000000e+00 0.000000000000000000e+00 0.000000000000000000e+00 0.000000000000000000e+00 0.000000000000000000e+00
0.000000000000000000e+00 0.000000000000000000e+00 0.000000000000000000e+00 0.000000000000000000e+00 0.000000000000000000e+00 0.000000000000000000e+00
0.000000000000000000e+00 0.000000000000000000e+00 0.000000000000000000e+00 0.000000000000000000e+00 0.000000000000000000e+00 0.000000000000000000e+00
0.000000000000000000e+00 0.000000000000000000e+00 0.000000000000000000e+00 0.000000000000000000e+00 0.000000000000000000e+00 0.000000000000000000e+00
0.000000000000000000e+00 0.000000000000000000e+00 0.000000000000000000e+00 0.000000000000000000e+00 0.000000000000000000e+00 0.000000000000000000e+00
0.000000000000000000e+00 0.000000000000000000e+00 0.000000000000000000e+00 0.000000000000000000e+00 0.000000000000000000e+00 0.000000000000000000e+00
0.000000000000000000e+00 0.000000000000000000e+00 0.000000000000000000e+00 0.000000000000000000e+00 0.000000000000000000e+00 0.000000000000000000e+00
0.000000000000000000e+00 0.000000000000000000e+00 0.000000000000000000e+00 0.000000000000000000e+00 0.000000000000000000e+00 0.000000000000000000e+00
0.000000000000000000e+00 0.000000000000000000e+00 0.000000000000000000e+00 0.000000000000000000e+00 0.000000000000000000e+00 0.000000000000000000e+00
0.000000000000000000e+00 0.000000000000000000e+00 0.000000000000000000e+00 0.000000000000000000e+00 0.000000000000000000e+00 0.000000000000000000e+00
0.000000000000000000e+00 0.000000000000000000e+00 0.000000000000000000e+00 0.000000000000000000e+00 0.000000000000000000e+00 0.000000000000000000e+00
0.000000000000000000e+00 0.000000000000000000e+00 0.000000000000000000e+00 0.000000000000000000e+00 0.000000000000000000e+00 0.000000000000000000e+00
0.000000000000000000e+00 0.000000000000000000e+00 0.000000000000000000e+00 0.000000000000000000e+00 0.000000000000000000e+00 0.000000000000000000e+00
0.000000000000000000e+00 0.000000000000000000e+00 0.000000000000000000e+00 0.000000000000000000e+00 0.000000000000000000e+00 0.000000000000000000e+00
0.000000000000000000e+00 0.000000000000000000e+00 0.000000000000000000e+00 0.000000000000000000e+00 0.000000000000000000e+00 0.000000000000000000e+00
0.000000000000000000e+00 0.000000000000000000e+00 0.000000000000000000e+00 0.000000000000000000e+00 0.000000000000000000e+00 0.000000000000000000e+00
0.000000000000000000e+00 0.000000000000000000e+00 0.000000000000000000e+00 0.000000000000000000e+00 0.000000000000000000e+00 0.000000000000000000e+00
0.000000000000000000e+00 0.000000000000000000e+00 0.000000000000000000e+00 0.000000000000000000e+00 0.000000000000000000e+00 0.000000000000000000e+00
0.000000000000000000e+00 0.000000000000000000e+00 0.000000000000000000e+00 0.000000000000000000e+00 0.000000000000000000e+00 0.000000000000000000e+00
0.000000000000000000e+00 0.000000000000000000e+00 0.000000000000000000e+00 0.000000000000000000e+00 0.000000000000000000e+00 0.000000000000000000e+00
0.000000000000000000e+00 0.000000000000000000e+00 0.000000000000000000e+00 0.000000000000000000e+00 0.000000000000000000e+00 0.000000000000000000e+00
0.000000000000000000e+00 0.000000000000000000e+00 0.000000000000000000e+00 0.000000000000000000e+00 0.000000000000000000e+00 0.000000000000000000e+00
0.000000000000000000e+00 0.000000000000000000e+00 0.000000000000000000e+00 0.000000000000000000e+00 0.000000000000000000e+00 0.000000000000000000e+00
0.000000000000000000e+00 0.000000000000000000e+00 0.000000000000000000e+00 0.000000000000000000e+00 0.000000000000000000e+00 0.000000000000000000e+00
0.000000000000000000e+00 0.000000000000000000e+00 0.000000000000000000e+00 0.000000000000000000e+00 0.000000000000000000e+00 0.000000000000000000e+00
0.000000000000000000e+00 0.000000000000000000e+00 0.000000000000000000e+00 0.000000000000000000e+00 0.000000000000000000e+00 0.000000000000000000e+00
0.000000000000000000e+00 0.000000000000000000e+00 0.000000000000000000e+00 0.000000000000000000e+00 0.000000000000000000e+00 0.000000000000000000e+00
0.000000000000000000e+00 0.000000000000000000e+00 0.000000000000000000e+00 0.000000000000000000e+00 0.000000000000000000e+00 0.000000000000000000e+00
0.000000000000000000e+00 0.000000000000000000e+00 0.000000000000000000e+00 0.000000000000000000e+00 0.000000000000000000e+00 0.000000000000000000e+00
0.000000000000000000e+00 0.000000000000000000e+00 0.000000000000000000e+00 0.000000000000000000e+00 0.000000000000000000e+00 0.000000000000000000e+00
0.000000000000000000e+00 0.000000000000000000e+00 0.000000000000000000e+00 0.000000000000000000e+00 0.000000000000000000e+00 0.000000000000000000e+00
0.000000000000000000e+00 0.000000000000000000e+00 0.000000000000000000e+00 0.000000000000000000e+00 0.000000000000000000e+00 0.000000000000000000e+00
0.000000000000000000e+00 0.000000000000000000e+00 0.000000000000000000e+00 0.000000000000000000e+00 0.000000000000000000e+00 0.000000000000000000e+00
0.000000000000000000e+00 0.000000000000000000e+00 0.000000000000000000e+00 0.000000000000000000e+00 0.000000000000000000e+00 0.000000000000000000e+00
0.000000000000000000e+00 0.000000000000000000e+00 0.000000000000000000e+00 0.000000000000000000e+00 0.000000000000000000e+00 0.000000000000000000e+00
0.000000000000000000e+00 0.000000000000000000e+00 0.000000000000000000e+00 0.000000000000000000e+00 0.000000000000000000e+00 0.000000000000000000e+00
0.000000000000000000e+00 0.000000000000000000e+00 0.000000000000000000e+00 0.000000000000000000e+00 0.000000000000000000e+00 0.000000000000000000e+00
0.000000000000000000e+00 0.000000000000000000e+00 0.000000000000000000e+00 0.000000000000000000e+00 0.000000000000000000e+00 0.000000000000000000e+00
0.000000000000000000e+00 0.000000000000000000e+00 0.000000000000000000e+00 0.000000000000000000e+00 0.000000000000000000e+00 0.000000000000000000e+00
0.000000000000000000e+00 0.000000000000000000e+00 0.000000000000000000e+00 0.000000000000000000e+00 0.000000000000000000e+00 0.000000000000000000e+00
0.000000000000000000e+00 0.000000000000000000e+00 0.000000000000000000e+00 0.000000000000000000e+00 0.000000000000000000e+00 0.000000000000000000e+00
0.000000000000000000e+00 0.000000000000000000e+00 0.000000000000000000e+00 0.000000000000000000e+00 0.000000000000000000e+00 0.000000000000000000e+00
1.896036602556705475e-02 1.660041138529777527e-02 2.015827409923076630e-02 3.827372938394546509e-02 2.355954237282276154e-02 1.368006225675344467e-02
3.792073205113410950e-02 3.320082277059555054e-02 4.031654819846153259e-02 7.654745876789093018e-02 4.711908474564552307e-02 2.736012451350688934e-02
5.688109621405601501e-02 4.980123415589332581e-02 6.047482416033744812e-02 1.148211807012557983e-01 7.067862898111343384e-02 4.104018583893775940e-02
7.584146410226821899e-02 6.640164554119110107e-02 8.063309639692306519e-02 1.530949175357818604e-01 9.423816949129104614e-02 5.472024902701377869e-02
9.480182826519012451e-02 8.300206065177917480e-02 1.007913723587989807e-01 1.913686394691467285e-01 1.177977100014686584e-01 6.840031594038009644e-02
1.137621924281120300e-01 9.960246831178665161e-02 1.209496483206748962e-01 2.296423614025115967e-01 1.413572579622268677e-01 8.208037167787551880e-02
1.327225565910339355e-01 1.162028834223747253e-01 1.411079168319702148e-01 2.679160833358764648e-01 1.649167984724044800e-01 9.576043486595153809e-02
1.516829282045364380e-01 1.328032910823822021e-01 1.612661927938461304e-01 3.061898350715637207e-01 1.884763389825820923e-01 1.094404980540275574e-01
1.706432849168777466e-01 1.494037061929702759e-01 1.814244687557220459e-01 3.444635570049285889e-01 2.120358794927597046e-01 1.231205612421035767e-01
1.896036565303802490e-01 1.660041213035583496e-01 2.015827447175979614e-01 3.827372789382934570e-01 2.355954200029373169e-01 1.368006318807601929e-01
2.085640281438827515e-01 1.826045364141464233e-01 2.217410206794738770e-01 4.210110008716583252e-01 2.591549754142761230e-01 1.504806876182556152e-01
2.275243848562240601e-01 1.992049366235733032e-01 2.418992966413497925e-01 4.592847228050231934e-01 2.827145159244537354e-01 1.641607433557510376e-01
2.464847564697265625e-01 2.158053517341613770e-01 2.620575726032257080e-01 4.975584745407104492e-01 3.062740564346313477e-01 1.778408139944076538e-01
2.654451131820678711e-01 2.324057668447494507e-01 2.822158336639404297e-01 5.358321666717529297e-01 3.298335969448089600e-01 1.915208697319030762e-01
2.844054698944091797e-01 2.490061819553375244e-01 3.023741245269775391e-01 5.741059184074401855e-01 3.533931374549865723e-01 2.052009403705596924e-01
3.033658564090728760e-01 2.656065821647644043e-01 3.225323855876922607e-01 6.123796701431274414e-01 3.769526779651641846e-01 2.188809961080551147e-01
3.223262131214141846e-01 2.822070121765136719e-01 3.426906764507293701e-01 6.506533622741699219e-01 4.005122184753417969e-01 2.325610667467117310e-01
3.412865698337554932e-01 2.988074123859405518e-01 3.628489375114440918e-01 6.889271140098571777e-01 4.240717589855194092e-01 2.462411224842071533e-01
3.602469563484191895e-01 3.154078125953674316e-01 3.830072283744812012e-01 7.272008061408996582e-01 4.476312994956970215e-01 2.599211931228637695e-01
3.792073130607604980e-01 3.320082426071166992e-01 4.031654894351959229e-01 7.654745578765869141e-01 4.711908400058746338e-01 2.736012637615203857e-01
3.981676697731018066e-01 3.486086428165435791e-01 4.233237802982330322e-01 8.037483096122741699e-01 4.947503805160522461e-01 2.872813045978546143e-01
4.171280562877655029e-01 3.652090728282928467e-01 4.434820413589477539e-01 8.420220017433166504e-01 5.183099508285522461e-01 3.009613752365112305e-01
4.360884130001068115e-01 3.818094730377197266e-01 4.636403322219848633e-01 8.802957534790039062e-01 5.418694615364074707e-01 3.146414458751678467e-01
4.550487697124481201e-01 3.984098732471466064e-01 4.837985932826995850e-01 9.185694456100463867e-01 5.654290318489074707e-01 3.283214867115020752e-01
4.740091264247894287e-01 4.150103032588958740e-01 5.039568543434143066e-01 9.568431973457336426e-01 5.889885425567626953e-01 3.420015573501586914e-01
4.929695129394531250e-01 4.316107034683227539e-01 5.241151452064514160e-01 9.951169490814208984e-01 6.125481128692626953e-01 3.556816279888153076e-01
5.119298696517944336e-01 4.482111036777496338e-01 5.442734360694885254e-01 1.033390641212463379e+00 6.361076235771179199e-01 3.693616986274719238e-01
5.308902263641357422e-01 4.648115336894989014e-01 5.644316673278808594e-01 1.071664333343505859e+00 6.596671938896179199e-01 3.830417394638061523e-01
5.498505830764770508e-01 4.814119338989257812e-01 5.845899581909179688e-01 1.109938144683837891e+00 6.832267045974731445e-01 3.967218101024627686e-01
5.688109397888183594e-01 4.980123639106750488e-01 6.047482490539550781e-01 1.148211836814880371e+00 7.067862749099731445e-01 4.104018807411193848e-01
5.877713561058044434e-01 5.146127939224243164e-01 6.249065399169921875e-01 1.186485528945922852e+00 7.303457856178283691e-01 4.240819513797760010e-01
6.067317128181457520e-01 5.312131643295288086e-01 6.450647711753845215e-01 1.224759340286254883e+00 7.539053559303283691e-01 4.377619922161102295e-01
6.256920695304870605e-01 5.478135943412780762e-01 6.652230620384216309e-01 1.263033032417297363e+00 7.774648666381835938e-01 4.514420628547668457e-01
6.446524262428283691e-01 5.644140243530273438e-01 6.853813529014587402e-01 1.301306724548339844e+00 8.010244369506835938e-01 4.651221334934234619e-01
6.636127829551696777e-01 5.810143947601318359e-01 7.055396437644958496e-01 1.339580535888671875e+00 8.245839476585388184e-01 4.788021743297576904e-01
6.825731396675109863e-01 5.976148247718811035e-01 7.256978750228881836e-01 1.377854228019714355e+00 8.481435179710388184e-01 4.924822449684143066e-01
7.015334963798522949e-01 6.142152547836303711e-01 7.458561658859252930e-01 1.416127920150756836e+00 8.717030286788940430e-01 5.061622858047485352e-01
7.204939126968383789e-01 6.308156251907348633e-01 7.660144567489624023e-01 1.454401612281799316e+00 8.952625989913940430e-01 5.198423862457275391e-01
7.394542694091796875e-01 6.474160552024841309e-01 7.861726880073547363e-01 1.492675423622131348e+00 9.188221096992492676e-01 5.335224270820617676e-01
7.584146261215209961e-01 6.640164852142333984e-01 8.063309788703918457e-01 1.530949115753173828e+00 9.423816800117492676e-01 5.472025275230407715e-01
7.773749828338623047e-01 6.806168556213378906e-01 8.264892697334289551e-01 1.569222807884216309e+00 9.659412503242492676e-01 5.608825683593750000e-01
7.963353395462036133e-01 6.972172856330871582e-01 8.466475605964660645e-01 1.607496619224548340e+00 9.895007610321044922e-01 5.745626091957092285e-01
8.152956962585449219e-01 7.138177156448364258e-01 8.668057918548583984e-01 1.645770311355590820e+00 1.013060331344604492e+00 5.882427096366882324e-01
8.342561125755310059e-01 7.304181456565856934e-01 8.869640827178955078e-01 1.684044003486633301e+00 1.036619901657104492e+00 6.019227504730224609e-01
8.532164692878723145e-01 7.470185160636901855e-01 9.071223735809326172e-01 1.722317814826965332e+00 1.060179352760314941e+00 6.156027913093566895e-01
8.721768260002136230e-01 7.636189460754394531e-01 9.272806644439697266e-01 1.760591506958007812e+00 1.083738923072814941e+00 6.292828917503356934e-01
8.911371827125549316e-01 7.802193760871887207e-01 9.474388957023620605e-01 1.798865199089050293e+00 1.107298493385314941e+00 6.429629325866699219e-01
9.100975394248962402e-01 7.968197464942932129e-01 9.675971865653991699e-01 1.837138891220092773e+00 1.130858063697814941e+00 6.566429734230041504e-01
9.290578961372375488e-01 8.134201765060424805e-01 9.877554774284362793e-01 1.875412702560424805e+00 1.154417514801025391e+00 6.703230738639831543e-01
9.480182528495788574e-01 8.300206065177917480e-01 1.007913708686828613e+00 1.913686394691467285e+00 1.177977085113525391e+00 6.840031147003173828e-01
9.669786691665649414e-01 8.466209769248962402e-01 1.028071999549865723e+00 1.951960086822509766e+00 1.201536655426025391e+00 6.976832151412963867e-01
9.859390258789062500e-01 8.632214069366455078e-01 1.048230290412902832e+00 1.990233898162841797e+00 1.225096225738525391e+00 7.113632559776306152e-01
1.004899382591247559e+00 8.798218369483947754e-01 1.068388581275939941e+00 2.028507471084594727e+00 1.248655676841735840e+00 7.250432968139648438e-01
1.023859739303588867e+00 8.964222073554992676e-01 1.088546872138977051e+00 2.066781282424926758e+00 1.272215247154235840e+00 7.387233972549438477e-01
1.042820096015930176e+00 9.130226373672485352e-01 1.108705163002014160e+00 2.105055093765258789e+00 1.295774817466735840e+00 7.524034380912780762e-01
1.061780452728271484e+00 9.296230673789978027e-01 1.128863334655761719e+00 2.143328666687011719e+00 1.319334387779235840e+00 7.660834789276123047e-01
1.080740809440612793e+00 9.462234973907470703e-01 1.149021625518798828e+00 2.181602478027343750e+00 1.342893838882446289e+00 7.797635793685913086e-01
1.099701166152954102e+00 9.628238677978515625e-01 1.169179916381835938e+00 2.219876289367675781e+00 1.366453409194946289e+00 7.934436202049255371e-01
1.118661522865295410e+00 9.794242978096008301e-01 1.189338207244873047e+00 2.258149862289428711e+00 1.390012979507446289e+00 8.071236610412597656e-01
1.137621879577636719e+00 9.960247278213500977e-01 1.209496498107910156e+00 2.296423673629760742e+00 1.413572549819946289e+00 8.208037614822387695e-01
1.137621879577636719e+00 9.960247278213500977e-01 1.209496498107910156e+00 2.296423673629760742e+00 1.413572549819946289e+00 8.208037614822387695e-01
1.137621879577636719e+00 9.960247278213500977e-01 1.209496498107910156e+00 2.296423673629760742e+00 1.413572549819946289e+00 8.208037614822387695e-01
1.137621879577636719e+00 9.960247278213500977e-01 1.209496498107910156e+00 2.296423673629760742e+00 1.413572549819946289e+00 8.208037614822387695e-01
1.137621879577636719e+00 9.960247278213500977e-01 1.209496498107910156e+00 2.296423673629760742e+00 1.413572549819946289e+00 8.208037614822387695e-01
1.137621879577636719e+00 9.960247278213500977e-01 1.209496498107910156e+00 2.296423673629760742e+00 1.413572549819946289e+00 8.208037614822387695e-01
1.137621879577636719e+00 9.960247278213500977e-01 1.209496498107910156e+00 2.296423673629760742e+00 1.413572549819946289e+00 8.208037614822387695e-01
1.137621879577636719e+00 9.960247278213500977e-01 1.209496498107910156e+00 2.296423673629760742e+00 1.413572549819946289e+00 8.208037614822387695e-01
1.137621879577636719e+00 9.960247278213500977e-01 1.209496498107910156e+00 2.296423673629760742e+00 1.413572549819946289e+00 8.208037614822387695e-01
1.137621879577636719e+00 9.960247278213500977e-01 1.209496498107910156e+00 2.296423673629760742e+00 1.413572549819946289e+00 8.208037614822387695e-01
1.137621879577636719e+00 9.960247278213500977e-01 1.209496498107910156e+00 2.296423673629760742e+00 1.413572549819946289e+00 8.208037614822387695e-01
1.137621879577636719e+00 9.960247278213500977e-01 1.209496498107910156e+00 2.296423673629760742e+00 1.413572549819946289e+00 8.208037614822387695e-01
1.137621879577636719e+00 9.960247278213500977e-01 1.209496498107910156e+00 2.296423673629760742e+00 1.413572549819946289e+00 8.208037614822387695e-01
1.137621879577636719e+00 9.960247278213500977e-01 1.209496498107910156e+00 2.296423673629760742e+00 1.413572549819946289e+00 8.208037614822387695e-01
1.137621879577636719e+00 9.960247278213500977e-01 1.209496498107910156e+00 2.296423673629760742e+00 1.413572549819946289e+00 8.208037614822387695e-01
1.137621879577636719e+00 9.960247278213500977e-01 1.209496498107910156e+00 2.296423673629760742e+00 1.413572549819946289e+00 8.208037614822387695e-01
1.137621879577636719e+00 9.960247278213500977e-01 1.209496498107910156e+00 2.296423673629760742e+00 1.413572549819946289e+00 8.208037614822387695e-01
1.137621879577636719e+00 9.960247278213500977e-01 1.209496498107910156e+00 2.296423673629760742e+00 1.413572549819946289e+00 8.208037614822387695e-01
1.137621879577636719e+00 9.960247278213500977e-01 1.209496498107910156e+00 2.296423673629760742e+00 1.413572549819946289e+00 8.208037614822387695e-01
1.137621879577636719e+00 9.960247278213500977e-01 1.209496498107910156e+00 2.296423673629760742e+00 1.413572549819946289e+00 8.208037614822387695e-01
1.137621879577636719e+00 9.960247278213500977e-01 1.209496498107910156e+00 2.296423673629760742e+00 1.413572549819946289e+00 8.208037614822387695e-01
1.137621879577636719e+00 9.960247278213500977e-01 1.209496498107910156e+00 2.296423673629760742e+00 1.413572549819946289e+00 8.208037614822387695e-01
1.137621879577636719e+00 9.960247278213500977e-01 1.209496498107910156e+00 2.296423673629760742e+00 1.413572549819946289e+00 8.208037614822387695e-01
1.137621879577636719e+00 9.960247278213500977e-01 1.209496498107910156e+00 2.296423673629760742e+00 1.413572549819946289e+00 8.208037614822387695e-01
1.137621879577636719e+00 9.960247278213500977e-01 1.209496498107910156e+00 2.296423673629760742e+00 1.413572549819946289e+00 8.208037614822387695e-01
1.137621879577636719e+00 9.960247278213500977e-01 1.209496498107910156e+00 2.296423673629760742e+00 1.413572549819946289e+00 8.208037614822387695e-01
1.137621879577636719e+00 9.960247278213500977e-01 1.209496498107910156e+00 2.296423673629760742e+00 1.413572549819946289e+00 8.208037614822387695e-01
1.137621879577636719e+00 9.960247278213500977e-01 1.209496498107910156e+00 2.296423673629760742e+00 1.413572549819946289e+00 8.208037614822387695e-01
1.137621879577636719e+00 9.960247278213500977e-01 1.209496498107910156e+00 2.296423673629760742e+00 1.413572549819946289e+00 8.208037614822387695e-01
1.137621879577636719e+00 9.960247278213500977e-01 1.209496498107910156e+00 2.296423673629760742e+00 1.413572549819946289e+00 8.208037614822387695e-01
1.137621879577636719e+00 9.960247278213500977e-01 1.209496498107910156e+00 2.296423673629760742e+00 1.413572549819946289e+00 8.208037614822387695e-01
